#[3, 5, 2, 4]
1.000000	-3.006667
#[3, 5, 0, 7]
11.000000	-6.103333
#[3, 5, 2, 3]
11.000000	-6.020000
#[3, 5, 2, 2]
11.000000	-6.131111
#[6, 5, 2, 4]
11.000000	-4.832500
#[1, 5, 2, 4]
11.000000	-4.513333
#[4, 5, 2, 4]
11.000000	-5.624167
#[3, 7, 3, 4]
11.000000	-6.804444
#[3, 5, 5, 4]
11.000000	-3.006667
#[3, 7, 2, 4]
11.000000	-4.568889
#[3, 5, 6, 4]
11.000000	0.006667
#[3, 5, 6, 3]
21.000000	-3.006667
#[3, 5, 6, 0]
21.000000	-3.006667
#[7, 5, 6, 4]
21.000000	-6.700000
#[6, 5, 6, 4]
21.000000	-4.634583
#[3, 1, 6, 4]
21.000000	-5.943333
#[3, 7, 4, 4]
21.000000	-4.568889
#[3, 5, 6, 1]
21.000000	-3.006667
#[3, 5, 6, 6]
21.000000	-3.006667
#[5, 5, 6, 4]
21.000000	-1.500000
#[3, 3, 6, 4]
21.000000	-5.943333
#[3, 5, 6, 7]
31.000000	-3.062222
#[3, 5, 4, 4]
31.000000	-3.006667
#[3, 5, 6, 2]
31.000000	-3.006667
#[4, 5, 6, 4]
31.000000	-4.634583
#[3, 6, 6, 4]
31.000000	-3.721667
#[3, 5, 7, 4]
31.000000	-3.062222
#[3, 7, 6, 4]
31.000000	-5.998889
#[3, 3, 6, 3]
31.000000	-6.735000
#[3, 5, 0, 4]
31.000000	-3.006667
#[3, 5, 6, 5]
31.000000	-3.006667
#[1, 5, 6, 4]
41.000000	-1.500000
#[3, 4, 6, 4]
41.000000	-3.721667
#[3, 5, 1, 4]
41.000000	-3.006667
#[6, 5, 6, 6]
41.000000	-5.624167
#[3, 5, 3, 4]
41.000000	-3.006667
#[3, 0, 6, 4]
41.000000	-1.500000
#[6, 5, 6, 3]
41.000000	-3.006667
#[3, 0, 2, 4]
41.000000	-4.513333
#[3, 5, 3, 5]
41.000000	-6.020000
#[2, 5, 6, 4]
41.000000	-2.610833
#[3, 2, 0, 5]
51.000000	-6.020000
#[2, 7, 6, 4]
51.000000	-3.048333
#[0, 5, 6, 1]
51.000000	-4.513333
#[3, 1, 6, 3]
51.000000	-6.735000
#[7, 7, 6, 4]
51.000000	-7.533333
#[3, 2, 6, 4]
51.000000	-1.500000
#[3, 5, 7, 7]
51.000000	-6.131111
#[3, 1, 6, 6]
51.000000	-4.513333
#[0, 5, 6, 4]
51.000000	-1.500000
#[3, 6, 6, 2]
51.000000	-4.513333
#[4, 5, 6, 6]
61.000000	-4.832500
#[3, 4, 6, 5]
61.000000	0.006667
#[3, 5, 0, 6]
61.000000	-3.006667
#[3, 6, 6, 3]
61.000000	-4.513333
#[3, 1, 6, 2]
61.000000	-4.513333
#[3, 4, 2, 4]
61.000000	-4.513333
#[3, 5, 3, 7]
61.000000	-6.080606
#[3, 5, 5, 7]
61.000000	-6.094074
#[1, 1, 6, 4]
61.000000	-7.533333
#[4, 2, 6, 4]
61.000000	-3.006667
#[3, 4, 6, 2]
71.000000	-1.500000
#[3, 4, 1, 5]
71.000000	-3.006667
#[4, 4, 6, 5]
71.000000	-1.500000
#[3, 4, 6, 6]
71.000000	-1.500000
#[3, 0, 6, 7]
71.000000	-4.575833
#[3, 4, 6, 0]
71.000000	-1.500000
#[0, 4, 6, 5]
71.000000	-1.500000
#[3, 4, 0, 5]
71.000000	-3.006667
#[2, 4, 6, 5]
71.000000	-3.721667
#[3, 7, 6, 5]
71.000000	-3.062222
#[3, 4, 6, 3]
81.000000	-3.721667
#[1, 4, 6, 5]
81.000000	-1.500000
#[7, 4, 6, 5]
81.000000	-3.763333
#[3, 4, 2, 5]
81.000000	-3.006667
#[3, 4, 5, 5]
81.000000	-3.006667
#[3, 2, 6, 5]
81.000000	-3.006667
#[5, 4, 6, 5]
81.000000	-3.721667
#[3, 4, 3, 5]
81.000000	-3.006667
#[3, 1, 6, 5]
81.000000	-3.006667
#[3, 6, 6, 5]
81.000000	-3.006667
#[3, 4, 4, 5]
91.000000	-3.006667
#[3, 4, 6, 1]
91.000000	-3.721667
#[3, 0, 6, 5]
91.000000	-3.006667
#[3, 3, 6, 5]
91.000000	-3.006667
#[3, 4, 7, 5]
91.000000	-3.062222
#[3, 4, 6, 7]
91.000000	-3.763333
#[6, 4, 6, 5]
91.000000	-3.721667
#[7, 4, 0, 5]
91.000000	-4.575833
#[4, 4, 6, 2]
91.000000	-3.006667
#[3, 0, 5, 5]
91.000000	-6.020000
#[1, 4, 2, 5]
101.000000	-4.513333
#[1, 3, 6, 5]
101.000000	-3.006667
#[2, 6, 6, 5]
101.000000	-4.513333
#[3, 4, 4, 3]
101.000000	-4.513333
#[2, 3, 6, 5]
101.000000	-3.006667
#[3, 4, 5, 4]
101.000000	-3.006667
#[4, 6, 6, 5]
101.000000	-3.721667
#[3, 4, 4, 4]
101.000000	-4.513333
#[3, 2, 6, 0]
101.000000	-4.513333
#[3, 4, 2, 0]
101.000000	-4.513333
#[3, 3, 6, 2]
111.000000	-4.513333
#[3, 4, 0, 2]
111.000000	-4.513333
#[5, 4, 5, 5]
111.000000	-6.735000
#[3, 3, 2, 5]
111.000000	-6.020000
#[3, 2, 3, 2]
111.000000	-7.526667
#[3, 0, 4, 0]
111.000000	-4.513333
#[0, 4, 6, 2]
111.000000	-3.006667
#[3, 4, 4, 6]
111.000000	-3.721667
#[4, 4, 6, 1]
111.000000	-5.228333
#[7, 1, 6, 1]
111.000000	-8.366667
#[5, 4, 2, 5]
121.000000	-6.735000
#[4, 4, 6, 0]
121.000000	-3.006667
#[2, 1, 6, 5]
121.000000	-4.513333
#[1, 4, 6, 6]
121.000000	-3.006667
#[2, 2, 6, 5]
121.000000	-4.513333
#[0, 2, 6, 5]
121.000000	-4.513333
#[3, 4, 1, 7]
121.000000	-4.555000
#[3, 6, 3, 5]
121.000000	-3.006667
#[3, 0, 6, 3]
121.000000	-4.513333
#[3, 7, 6, 6]
121.000000	-4.568889
#[3, 4, 1, 6]
131.000000	-3.721667
#[3, 7, 1, 5]
131.000000	-6.112593
#[7, 4, 6, 2]
131.000000	-5.270000
#[2, 0, 6, 5]
131.000000	-4.513333
#[3, 4, 5, 3]
131.000000	-3.006667
#[3, 2, 5, 5]
131.000000	-6.020000
#[1, 4, 0, 5]
131.000000	-4.513333
#[3, 3, 6, 7]
131.000000	-6.776667
#[3, 1, 6, 0]
131.000000	-4.513333
#[3, 1, 6, 1]
131.000000	-6.735000
#[3, 4, 4, 0]
141.000000	-4.513333
#[1, 5, 6, 5]
141.000000	-4.513333
#[3, 4, 0, 7]
141.000000	-4.568889
#[4, 4, 0, 5]
141.000000	-4.513333
#[3, 3, 6, 1]
141.000000	-6.735000
#[0, 4, 6, 0]
141.000000	-3.006667
#[3, 4, 0, 1]
141.000000	-4.513333
#[1, 1, 6, 5]
141.000000	-4.596667
#[6, 4, 6, 1]
141.000000	-3.006667
#[7, 1, 6, 5]
141.000000	-4.596667
#[0, 1, 6, 5]
151.000000	-4.513333
#[3, 3, 6, 6]
151.000000	-4.513333
#[3, 2, 6, 2]
151.000000	-4.513333
#[4, 4, 2, 5]
151.000000	-4.513333
#[0, 4, 7, 5]
151.000000	-4.587407
#[6, 4, 2, 5]
151.000000	-5.943333
#[3, 7, 6, 7]
151.000000	-6.832222
#[3, 0, 6, 0]
151.000000	-4.513333
#[6, 3, 6, 5]
151.000000	-3.006667
#[3, 7, 6, 2]
151.000000	-4.568889
#[1, 7, 6, 5]
161.000000	-4.596667
#[3, 0, 6, 6]
161.000000	-4.513333
#[7, 0, 6, 5]
161.000000	-4.568889
#[3, 4, 3, 3]
161.000000	-4.513333
#[3, 4, 0, 0]
161.000000	-4.513333
#[6, 4, 1, 5]
161.000000	-1.500000
#[3, 4, 2, 1]
161.000000	-4.513333
#[2, 4, 2, 5]
161.000000	-6.735000
#[0, 4, 5, 5]
161.000000	-4.513333
#[0, 4, 4, 5]
161.000000	-4.513333
#[3, 4, 4, 7]
171.000000	-4.555000
#[4, 0, 6, 5]
171.000000	-1.500000
#[3, 7, 5, 5]
171.000000	-6.075556
#[3, 5, 0, 5]
171.000000	-6.020000
#[2, 4, 3, 5]
171.000000	-3.006667
#[1, 4, 5, 5]
171.000000	-4.513333
#[2, 4, 6, 0]
171.000000	-3.006667
#[0, 7, 6, 5]
171.000000	-4.568889
#[2, 4, 6, 1]
171.000000	-3.006667
#[2, 4, 1, 5]
171.000000	-4.513333
#[1, 4, 3, 5]
181.000000	-3.006667
#[1, 4, 6, 1]
181.000000	-5.228333
#[5, 4, 0, 5]
181.000000	-4.513333
#[3, 7, 6, 3]
181.000000	-6.804444
#[7, 4, 6, 6]
181.000000	-5.270000
#[0, 4, 6, 7]
181.000000	-3.062222
#[3, 1, 2, 5]
181.000000	-6.020000
#[3, 4, 2, 6]
181.000000	-1.500000
#[3, 0, 0, 5]
181.000000	-6.020000
#[3, 3, 4, 5]
181.000000	-3.006667
#[2, 5, 6, 5]
191.000000	-4.513333
#[5, 6, 6, 5]
191.000000	-4.513333
#[7, 5, 6, 5]
191.000000	-4.555000
#[3, 4, 1, 3]
191.000000	-4.513333
#[0, 4, 1, 5]
191.000000	-4.513333
#[2, 4, 0, 5]
191.000000	-4.513333
#[6, 5, 6, 5]
191.000000	-4.513333
#[3, 7, 3, 5]
191.000000	-6.094074
#[5, 0, 6, 5]
191.000000	-4.513333
#[4, 5, 6, 5]
191.000000	-3.721667
#[3, 2, 6, 3]
201.000000	-4.513333
#[0, 4, 0, 5]
201.000000	-4.513333
#[2, 4, 6, 7]
201.000000	-5.290833
#[4, 4, 6, 7]
201.000000	-5.270000
#[1, 0, 6, 5]
201.000000	-4.513333
#[3, 4, 0, 6]
201.000000	-1.500000
#[3, 4, 4, 1]
201.000000	-4.513333
#[3, 6, 1, 5]
201.000000	-3.006667
#[3, 4, 3, 4]
201.000000	-4.513333
#[5, 4, 6, 6]
201.000000	-4.832500
#[3, 7, 6, 0]
211.000000	-4.587407
#[3, 7, 2, 5]
211.000000	-6.075556
#[6, 4, 6, 6]
211.000000	-5.228333
#[3, 1, 3, 2]
211.000000	-7.526667
#[5, 4, 6, 1]
211.000000	-1.500000
#[1, 4, 7, 5]
211.000000	-4.568889
#[7, 4, 6, 0]
211.000000	-3.062222
#[6, 4, 6, 4]
211.000000	-3.006667
#[6, 7, 6, 5]
211.000000	-4.555000
#[3, 1, 0, 5]
211.000000	-6.020000
#[2, 4, 6, 2]
221.000000	-5.228333
#[3, 4, 7, 4]
221.000000	-4.555000
#[7, 4, 3, 5]
221.000000	-3.062222
#[3, 4, 5, 6]
221.000000	0.006667
#[3, 5, 4, 5]
221.000000	-3.006667
#[5, 4, 6, 7]
221.000000	-6.908333
#[3, 2, 4, 5]
221.000000	-3.006667
#[7, 2, 6, 5]
221.000000	-4.555000
#[3, 4, 7, 3]
221.000000	-4.555000
#[6, 4, 4, 5]
221.000000	-3.721667
#[3, 4, 5, 0]
231.000000	-3.006667
#[5, 4, 5, 6]
231.000000	-3.721667
#[3, 0, 5, 6]
231.000000	-3.006667
#[0, 4, 5, 6]
231.000000	-1.500000
#[3, 4, 3, 6]
231.000000	-3.721667
#[3, 7, 5, 6]
231.000000	-3.062222
#[6, 4, 5, 6]
231.000000	-3.721667
#[1, 4, 5, 6]
231.000000	-1.500000
#[3, 4, 5, 7]
231.000000	-3.062222
#[3, 4, 5, 1]
231.000000	-3.006667
#[0, 4, 5, 3]
241.000000	-3.006667
#[3, 4, 5, 2]
241.000000	-3.006667
#[3, 6, 5, 6]
241.000000	-3.006667
#[3, 3, 5, 6]
241.000000	-3.006667
#[4, 4, 5, 6]
241.000000	-1.500000
#[3, 4, 7, 6]
241.000000	-3.763333
#[7, 4, 5, 6]
241.000000	-3.763333
#[3, 1, 5, 6]
241.000000	-3.006667
#[4, 4, 5, 1]
241.000000	-4.513333
#[3, 2, 5, 6]
241.000000	-3.006667
#[2, 4, 5, 6]
251.000000	-3.721667
#[3, 5, 5, 6]
251.000000	-3.006667
#[3, 3, 7, 6]
251.000000	-6.776667
#[2, 4, 5, 1]
251.000000	-4.513333
#[0, 0, 5, 6]
251.000000	-4.513333
#[5, 4, 4, 6]
251.000000	-4.634583
#[5, 4, 3, 6]
251.000000	0.006667
#[5, 3, 5, 6]
251.000000	-3.006667
#[2, 2, 0, 6]
251.000000	-6.020000
#[3, 7, 5, 3]
251.000000	-6.094074
#[3, 6, 5, 0]
261.000000	-3.006667
#[6, 4, 3, 6]
261.000000	-4.634583
#[3, 4, 0, 3]
261.000000	-4.513333
#[0, 4, 4, 6]
261.000000	-3.006667
#[7, 1, 5, 6]
261.000000	-4.596667
#[3, 4, 3, 0]
261.000000	-4.513333
#[1, 0, 5, 6]
261.000000	-4.513333
#[5, 4, 5, 3]
261.000000	-3.006667
#[3, 4, 3, 1]
261.000000	-4.513333
#[3, 2, 5, 2]
261.000000	-6.020000
#[7, 4, 7, 6]
271.000000	-7.533333
#[6, 4, 2, 6]
271.000000	-5.228333
#[3, 2, 5, 4]
271.000000	-3.006667
#[3, 7, 5, 1]
271.000000	-6.112593
#[1, 3, 5, 6]
271.000000	-3.006667
#[6, 5, 5, 6]
271.000000	-4.513333
#[3, 2, 1, 6]
271.000000	-4.513333
#[2, 4, 3, 6]
271.000000	-1.500000
#[6, 2, 5, 6]
271.000000	-4.513333
#[3, 0, 5, 1]
271.000000	-6.020000
#[3, 0, 0, 6]
281.000000	-4.513333
#[4, 4, 7, 6]
281.000000	-5.270000
#[2, 4, 5, 3]
281.000000	-3.006667
#[7, 4, 4, 6]
281.000000	-5.270000
#[3, 6, 1, 6]
281.000000	-4.513333
#[3, 3, 2, 6]
281.000000	-4.513333
#[3, 1, 3, 6]
281.000000	-6.735000
#[7, 4, 1, 6]
281.000000	-5.290833
#[3, 4, 7, 2]
281.000000	-4.596667
#[3, 1, 0, 6]
281.000000	-4.513333
#[3, 7, 4, 6]
291.000000	-5.998889
#[3, 0, 1, 6]
291.000000	-4.513333
#[3, 4, 1, 4]
291.000000	-4.513333
#[6, 4, 5, 7]
291.000000	-5.998889
#[5, 6, 5, 6]
291.000000	-4.513333
#[5, 5, 3, 6]
291.000000	-3.006667
#[0, 4, 1, 6]
291.000000	-3.006667
#[0, 4, 5, 4]
291.000000	-4.513333
#[3, 0, 5, 0]
291.000000	-6.020000
#[6, 6, 5, 6]
291.000000	-4.513333
#[7, 4, 5, 0]
301.000000	-4.575833
#[3, 0, 5, 7]
301.000000	-6.103333
#[1, 4, 2, 4]
301.000000	-6.020000
#[5, 4, 1, 6]
301.000000	-1.500000
#[5, 0, 5, 6]
301.000000	-4.513333
#[1, 1, 5, 6]
301.000000	-4.596667
#[2, 4, 2, 6]
301.000000	-5.228333
#[3, 5, 4, 6]
301.000000	0.006667
#[5, 4, 5, 4]
301.000000	-4.513333
#[2, 7, 5, 6]
301.000000	-4.555000
#[1, 4, 5, 7]
311.000000	-4.568889
#[3, 7, 2, 6]
311.000000	-4.568889
#[4, 1, 5, 6]
311.000000	-1.500000
#[7, 5, 6, 6]
311.000000	-5.665833
#[3, 4, 7, 1]
311.000000	-4.555000
#[6, 4, 4, 6]
311.000000	-3.006667
#[4, 4, 0, 6]
311.000000	-3.006667
#[7, 7, 5, 6]
311.000000	-4.596667
#[3, 4, 2, 7]
311.000000	-4.596667
#[1, 4, 4, 6]
311.000000	-5.228333
#[3, 2, 6, 6]
321.000000	-4.513333
#[6, 4, 5, 0]
321.000000	-1.500000
#[7, 7, 5, 5]
321.000000	-7.610000
#[3, 2, 3, 3]
321.000000	-7.526667
#[0, 4, 7, 6]
321.000000	-3.062222
#[2, 4, 7, 6]
321.000000	-5.290833
#[7, 4, 5, 4]
321.000000	-4.555000
#[3, 3, 3, 6]
321.000000	-6.735000
#[3, 2, 5, 1]
321.000000	-6.020000
#[1, 0, 6, 6]
321.000000	-6.020000
#[0, 5, 5, 6]
331.000000	-4.513333
#[2, 0, 5, 6]
331.000000	-4.513333
#[1, 4, 5, 2]
331.000000	-4.513333
#[3, 6, 5, 5]
331.000000	-3.006667
#[7, 4, 5, 7]
331.000000	-6.832222
#[3, 2, 2, 6]
331.000000	-4.513333
#[6, 4, 7, 6]
331.000000	-5.270000
#[0, 4, 2, 6]
331.000000	-3.006667
#[3, 3, 5, 0]
331.000000	-6.020000
#[0, 3, 5, 6]
331.000000	-3.006667
#[0, 4, 5, 0]
341.000000	-4.513333
#[3, 2, 5, 7]
341.000000	-6.112593
#[1, 2, 5, 6]
341.000000	-4.513333
#[7, 4, 0, 6]
341.000000	-3.062222
#[3, 1, 5, 0]
341.000000	-6.020000
#[3, 4, 7, 7]
341.000000	-4.596667
#[0, 5, 5, 7]
341.000000	-7.619259
#[4, 4, 5, 4]
341.000000	-4.513333
#[2, 4, 6, 6]
341.000000	-5.228333
#[3, 1, 4, 6]
341.000000	-5.943333
#[2, 4, 5, 4]
351.000000	-4.513333
#[1, 6, 5, 6]
351.000000	-4.513333
#[3, 1, 1, 6]
351.000000	-6.735000
#[2, 4, 5, 0]
351.000000	-4.513333
#[3, 4, 3, 2]
351.000000	-4.513333
#[0, 6, 5, 6]
351.000000	-4.513333
#[3, 1, 5, 5]
351.000000	-6.020000
#[6, 3, 5, 6]
351.000000	-3.006667
#[3, 4, 2, 3]
351.000000	-4.513333
#[1, 7, 5, 6]
351.000000	-4.596667
#[3, 7, 0, 6]
361.000000	-4.587407
#[3, 3, 5, 7]
361.000000	-6.075556
#[0, 1, 5, 6]
361.000000	-4.513333
#[3, 3, 0, 6]
361.000000	-4.513333
#[3, 1, 2, 6]
361.000000	-4.513333
#[0, 4, 0, 6]
361.000000	-3.006667
#[4, 4, 5, 3]
361.000000	-3.006667
#[1, 3, 6, 6]
361.000000	-4.513333
#[3, 4, 0, 4]
361.000000	-4.513333
#[3, 3, 4, 6]
361.000000	-5.943333
#[5, 4, 2, 6]
371.000000	-4.832500
#[2, 4, 1, 6]
371.000000	-3.006667
#[3, 0, 5, 4]
371.000000	-3.006667
#[3, 4, 2, 2]
371.000000	-4.596667
#[0, 2, 5, 6]
371.000000	-4.513333
#[6, 4, 0, 6]
371.000000	-3.006667
#[3, 3, 1, 6]
371.000000	-6.735000
#[4, 4, 5, 7]
371.000000	-4.568889
#[4, 4, 1, 6]
371.000000	-5.228333
#[2, 1, 5, 6]
371.000000	-4.513333
#[1, 4, 5, 3]
381.000000	-3.006667
#[6, 4, 5, 5]
381.000000	-5.943333
#[6, 4, 1, 6]
381.000000	-3.006667
#[7, 0, 5, 6]
381.000000	-4.568889
#[3, 2, 5, 3]
381.000000	-6.020000
#[3, 2, 4, 6]
381.000000	-1.500000
#[6, 4, 5, 4]
381.000000	-3.721667
#[2, 4, 0, 6]
381.000000	-3.006667
#[3, 6, 5, 4]
381.000000	0.006667
#[3, 5, 5, 1]
381.000000	-6.020000
#[3, 1, 5, 4]
391.000000	-3.006667
#[0, 6, 5, 4]
391.000000	-1.500000
#[3, 6, 5, 3]
391.000000	-3.006667
#[3, 6, 5, 2]
391.000000	-3.006667
#[3, 6, 1, 4]
391.000000	-3.721667
#[2, 6, 5, 4]
391.000000	-3.721667
#[3, 6, 3, 4]
391.000000	-3.721667
#[3, 6, 0, 4]
391.000000	-1.500000
#[3, 6, 5, 7]
391.000000	-3.062222
#[3, 3, 5, 3]
391.000000	-6.020000
#[7, 6, 5, 4]
401.000000	-3.763333
#[2, 6, 7, 4]
401.000000	-5.290833
#[3, 6, 7, 4]
401.000000	-3.763333
#[3, 3, 5, 4]
401.000000	-3.006667
#[3, 6, 5, 1]
401.000000	-3.006667
#[0, 6, 1, 4]
401.000000	-3.006667
#[3, 7, 5, 4]
401.000000	-3.062222
#[4, 6, 5, 4]
401.000000	-3.721667
#[3, 6, 4, 4]
401.000000	-1.500000
#[5, 6, 5, 4]
401.000000	-3.721667
#[7, 6, 5, 6]
411.000000	-4.555000
#[3, 3, 3, 4]
411.000000	-6.735000
#[3, 5, 5, 5]
411.000000	-6.020000
#[6, 6, 5, 4]
411.000000	-1.500000
#[7, 6, 2, 1]
411.000000	-6.103333
#[0, 6, 5, 3]
411.000000	-3.006667
#[1, 6, 5, 4]
411.000000	-1.500000
#[3, 6, 2, 4]
411.000000	-1.500000
#[7, 3, 5, 4]
411.000000	-3.062222
#[2, 7, 5, 4]
411.000000	-4.555000
#[3, 0, 7, 4]
421.000000	-4.575833
#[3, 5, 5, 3]
421.000000	-6.020000
#[5, 3, 5, 4]
421.000000	-3.006667
#[4, 6, 5, 1]
421.000000	-1.500000
#[3, 6, 0, 5]
421.000000	-3.006667
#[1, 6, 2, 4]
421.000000	-3.006667
#[3, 6, 7, 0]
421.000000	-4.568889
#[4, 7, 5, 4]
421.000000	-4.555000
#[5, 6, 1, 4]
421.000000	-1.500000
#[2, 6, 5, 7]
421.000000	-6.818333
#[0, 6, 0, 4]
431.000000	-3.006667
#[2, 6, 1, 4]
431.000000	-3.006667
#[5, 6, 1, 5]
431.000000	-4.513333
#[0, 0, 5, 4]
431.000000	-4.513333
#[0, 6, 5, 0]
431.000000	-4.513333
#[3, 6, 6, 6]
431.000000	-4.513333
#[3, 2, 5, 0]
431.000000	-6.020000
#[2, 6, 0, 4]
431.000000	-3.006667
#[3, 6, 4, 0]
431.000000	-1.500000
#[0, 6, 5, 7]
431.000000	-4.587407
#[1, 6, 5, 3]
441.000000	-3.006667
#[7, 7, 5, 4]
441.000000	-4.596667
#[6, 6, 2, 6]
441.000000	-6.020000
#[3, 1, 2, 4]
441.000000	-4.513333
#[3, 3, 5, 1]
441.000000	-6.020000
#[5, 6, 5, 0]
441.000000	-4.513333
#[6, 6, 3, 4]
441.000000	-4.832500
#[3, 6, 2, 1]
441.000000	-4.513333
#[5, 7, 5, 4]
441.000000	-4.555000
#[3, 7, 5, 7]
441.000000	-6.131111
#[6, 5, 5, 4]
451.000000	-3.721667
#[3, 3, 4, 4]
451.000000	-4.513333
#[7, 1, 5, 4]
451.000000	-4.596667
#[3, 6, 7, 6]
451.000000	-4.555000
#[3, 6, 7, 2]
451.000000	-4.596667
#[3, 6, 3, 7]
451.000000	-4.555000
#[3, 6, 6, 1]
451.000000	-4.513333
#[6, 0, 5, 4]
451.000000	-1.500000
#[5, 6, 3, 4]
451.000000	0.006667
#[3, 6, 1, 7]
451.000000	-4.555000
#[4, 6, 0, 4]
461.000000	-3.006667
#[3, 3, 7, 4]
461.000000	-6.776667
#[3, 0, 3, 4]
461.000000	-4.513333
#[7, 6, 5, 3]
461.000000	-3.062222
#[7, 6, 5, 0]
461.000000	-4.575833
#[7, 6, 1, 4]
461.000000	-5.290833
#[7, 5, 5, 4]
461.000000	-4.555000
#[5, 6, 5, 3]
461.000000	-3.006667
#[7, 6, 5, 5]
461.000000	-6.776667
#[3, 6, 2, 2]
461.000000	-4.596667
#[2, 6, 4, 4]
471.000000	-5.228333
#[5, 6, 5, 5]
471.000000	-6.735000
#[2, 6, 5, 0]
471.000000	-4.513333
#[3, 0, 1, 4]
471.000000	-4.513333
#[1, 1, 5, 4]
471.000000	-4.596667
#[4, 6, 5, 0]
471.000000	-1.500000
#[0, 6, 7, 4]
471.000000	-3.062222
#[0, 2, 5, 4]
471.000000	-4.513333
#[3, 1, 5, 1]
471.000000	-6.020000
#[2, 6, 6, 4]
471.000000	-3.006667
#[6, 1, 5, 4]
481.000000	-1.500000
#[6, 2, 5, 4]
481.000000	-3.721667
#[3, 6, 1, 0]
481.000000	-4.513333
#[4, 0, 5, 4]
481.000000	-4.513333
#[6, 3, 5, 4]
481.000000	0.006667
#[3, 2, 2, 4]
481.000000	-4.513333
#[0, 6, 3, 5]
481.000000	-3.006667
#[3, 6, 6, 7]
481.000000	-4.555000
#[2, 1, 5, 4]
481.000000	-4.513333
#[3, 7, 1, 4]
481.000000	-6.818333
#[6, 3, 7, 4]
491.000000	-3.763333
#[6, 3, 5, 0]
491.000000	-3.006667
#[1, 3, 5, 4]
491.000000	-3.006667
#[6, 3, 1, 4]
491.000000	-3.721667
#[6, 3, 3, 4]
491.000000	-3.721667
#[6, 3, 0, 4]
491.000000	-1.500000
#[6, 3, 4, 4]
491.000000	-1.500000
#[4, 3, 5, 4]
491.000000	-3.006667
#[6, 3, 5, 3]
491.000000	-3.006667
#[6, 3, 5, 1]
491.000000	-3.006667
#[2, 3, 5, 4]
501.000000	-3.006667
#[6, 6, 5, 1]
501.000000	-4.513333
#[6, 3, 6, 4]
501.000000	-3.721667
#[6, 3, 5, 7]
501.000000	-3.062222
#[0, 3, 5, 4]
501.000000	-3.006667
#[6, 3, 2, 4]
501.000000	-1.500000
#[6, 3, 5, 2]
501.000000	-3.006667
#[6, 7, 5, 4]
501.000000	-3.763333
#[6, 3, 5, 5]
501.000000	-3.006667
#[0, 3, 7, 4]
501.000000	-4.575833
#[6, 3, 1, 7]
511.000000	-4.555000
#[5, 3, 5, 5]
511.000000	-6.020000
#[0, 3, 5, 3]
511.000000	-6.020000
#[0, 0, 5, 2]
511.000000	-7.526667
#[7, 3, 4, 4]
511.000000	-4.568889
#[0, 3, 5, 1]
511.000000	-6.020000
#[6, 5, 4, 4]
511.000000	-4.832500
#[6, 0, 5, 5]
511.000000	-4.513333
#[7, 3, 5, 6]
511.000000	-3.062222
#[6, 3, 2, 0]
511.000000	-4.513333
#[1, 3, 2, 4]
521.000000	-4.513333
#[6, 6, 5, 5]
521.000000	-4.513333
#[0, 3, 2, 4]
521.000000	-4.513333
#[6, 3, 0, 1]
521.000000	-4.513333
#[4, 3, 4, 4]
521.000000	-4.513333
#[6, 7, 4, 4]
521.000000	-5.270000
#[2, 2, 5, 4]
521.000000	-4.513333
#[6, 7, 5, 6]
521.000000	-4.555000
#[6, 1, 5, 5]
521.000000	-4.513333
#[5, 3, 6, 4]
521.000000	0.006667
#[7, 3, 1, 4]
531.000000	-6.818333
#[4, 3, 2, 4]
531.000000	-4.513333
#[1, 3, 7, 4]
531.000000	-6.776667
#[5, 3, 4, 4]
531.000000	-3.006667
#[1, 2, 5, 4]
531.000000	-4.513333
#[6, 6, 5, 2]
531.000000	-4.513333
#[4, 3, 3, 4]
531.000000	-4.513333
#[7, 3, 7, 4]
531.000000	-6.832222
#[6, 0, 3, 4]
531.000000	-1.500000
#[1, 3, 4, 4]
531.000000	-4.513333
#[0, 3, 6, 4]
541.000000	-1.500000
#[4, 3, 6, 4]
541.000000	-3.721667
#[0, 3, 1, 5]
541.000000	-6.020000
#[6, 3, 4, 0]
541.000000	-1.500000
#[7, 3, 5, 2]
541.000000	-6.075556
#[7, 2, 3, 4]
541.000000	-4.572857
#[2, 3, 5, 2]
541.000000	-6.020000
#[5, 0, 5, 4]
541.000000	-4.513333
#[6, 7, 0, 4]
541.000000	-3.062222
#[6, 5, 5, 7]
541.000000	-6.804444
#[6, 3, 2, 7]
551.000000	-4.596667
#[2, 0, 5, 4]
551.000000	-4.513333
#[6, 3, 6, 2]
551.000000	-4.513333
#[6, 1, 5, 2]
551.000000	-4.513333
#[5, 3, 5, 3]
551.000000	-6.020000
#[6, 2, 1, 1]
551.000000	-6.020000
#[4, 3, 1, 4]
551.000000	-4.513333
#[6, 5, 5, 5]
551.000000	-6.735000
#[6, 1, 2, 4]
551.000000	-3.006667
#[6, 7, 3, 4]
551.000000	-6.908333
#[6, 4, 0, 4]
561.000000	-3.006667
#[0, 3, 5, 5]
561.000000	-6.020000
#[6, 6, 0, 4]
561.000000	-3.006667
#[6, 1, 5, 7]
561.000000	-4.568889
#[6, 5, 5, 0]
561.000000	-4.513333
#[6, 4, 5, 1]
561.000000	-1.500000
#[6, 5, 0, 4]
561.000000	-1.500000
#[6, 6, 5, 0]
561.000000	-4.513333
#[6, 3, 6, 6]
561.000000	-4.513333
#[6, 3, 4, 5]
561.000000	0.006667
#[0, 3, 6, 5]
571.000000	-3.006667
#[6, 3, 4, 7]
571.000000	-3.763333
#[6, 3, 7, 5]
571.000000	-3.062222
#[4, 3, 4, 5]
571.000000	-3.006667
#[1, 3, 4, 5]
571.000000	-3.006667
#[6, 3, 0, 7]
571.000000	-4.568889
#[6, 0, 4, 5]
571.000000	-1.500000
#[6, 3, 1, 5]
571.000000	-3.006667
#[0, 3, 4, 5]
571.000000	-3.006667
#[6, 5, 4, 5]
571.000000	-3.721667
#[6, 3, 7, 7]
581.000000	-4.596667
#[4, 3, 4, 0]
581.000000	-4.513333
#[6, 3, 2, 5]
581.000000	-3.006667
#[7, 3, 4, 5]
581.000000	-3.062222
#[0, 3, 0, 5]
581.000000	-6.020000
#[6, 6, 4, 5]
581.000000	-1.500000
#[5, 3, 4, 5]
581.000000	-3.006667
#[6, 3, 4, 2]
581.000000	-1.500000
#[6, 2, 4, 5]
581.000000	-3.721667
#[3, 3, 3, 5]
581.000000	-6.020000
#[6, 3, 3, 5]
591.000000	-3.006667
#[6, 3, 4, 3]
591.000000	-3.721667
#[6, 6, 1, 5]
591.000000	-4.513333
#[6, 1, 4, 5]
591.000000	-1.500000
#[6, 7, 4, 5]
591.000000	-3.763333
#[6, 3, 0, 5]
591.000000	-3.006667
#[7, 3, 5, 5]
591.000000	-6.075556
#[2, 3, 4, 5]
591.000000	-3.006667
#[6, 4, 4, 0]
591.000000	-3.006667
#[6, 3, 4, 6]
591.000000	-3.721667
#[6, 3, 4, 1]
601.000000	-3.721667
#[3, 3, 4, 2]
601.000000	-4.513333
#[7, 3, 4, 0]
601.000000	-4.587407
#[6, 5, 0, 5]
601.000000	-4.513333
#[6, 4, 4, 4]
601.000000	-5.228333
#[3, 3, 7, 5]
601.000000	-6.075556
#[6, 1, 4, 2]
601.000000	-3.006667
#[5, 0, 4, 5]
601.000000	-4.513333
#[1, 6, 4, 5]
601.000000	-1.500000
#[6, 3, 3, 6]
601.000000	-4.513333
#[6, 0, 4, 1]
611.000000	-3.006667
#[6, 7, 0, 5]
611.000000	-4.575833
#[5, 3, 4, 0]
611.000000	-3.006667
#[0, 3, 4, 4]
611.000000	-4.513333
#[6, 2, 1, 5]
611.000000	-4.513333
#[6, 3, 1, 2]
611.000000	-4.513333
#[6, 2, 4, 1]
611.000000	-3.006667
#[5, 3, 4, 6]
611.000000	0.006667
#[0, 5, 4, 5]
611.000000	-4.513333
#[6, 5, 4, 7]
611.000000	-6.908333
#[6, 2, 4, 3]
621.000000	-1.500000
#[1, 3, 4, 7]
621.000000	-6.776667
#[6, 7, 3, 5]
621.000000	-3.062222
#[6, 6, 0, 5]
621.000000	-4.513333
#[6, 7, 4, 6]
621.000000	-5.270000
#[0, 1, 4, 5]
621.000000	-4.513333
#[4, 4, 4, 5]
621.000000	-4.513333
#[3, 3, 1, 5]
621.000000	-6.020000
#[6, 5, 1, 5]
621.000000	-4.513333
#[6, 4, 4, 2]
621.000000	-5.228333
#[6, 1, 6, 5]
631.000000	-4.513333
#[6, 3, 1, 6]
631.000000	-4.513333
#[6, 6, 4, 4]
631.000000	-3.006667
#[6, 4, 4, 1]
631.000000	-3.006667
#[6, 2, 4, 0]
631.000000	-3.006667
#[5, 3, 4, 7]
631.000000	-3.062222
#[3, 3, 4, 3]
631.000000	-6.735000
#[0, 3, 3, 5]
631.000000	-6.020000
#[6, 0, 1, 5]
631.000000	-4.513333
#[3, 3, 4, 0]
631.000000	-4.513333
#[7, 3, 2, 5]
641.000000	-6.075556
#[2, 3, 2, 5]
641.000000	-6.020000
#[6, 3, 6, 1]
641.000000	-4.513333
#[6, 3, 3, 1]
641.000000	-4.513333
#[1, 3, 3, 5]
641.000000	-6.020000
#[6, 1, 4, 0]
641.000000	-3.006667
#[6, 2, 6, 5]
641.000000	-4.513333
#[6, 2, 3, 5]
641.000000	-3.006667
#[6, 4, 0, 5]
641.000000	-1.500000
#[2, 0, 4, 5]
641.000000	-4.513333
#[6, 0, 2, 5]
651.000000	-4.513333
#[6, 0, 4, 0]
651.000000	-3.006667
#[4, 3, 4, 2]
651.000000	-4.513333
#[3, 3, 0, 5]
651.000000	-6.020000
#[7, 2, 4, 5]
651.000000	-4.555000
#[6, 1, 2, 5]
651.000000	-4.513333
#[6, 7, 4, 1]
651.000000	-5.290833
#[6, 1, 4, 7]
651.000000	-5.270000
#[2, 7, 4, 5]
651.000000	-4.555000
#[2, 2, 4, 5]
651.000000	-4.513333
#[2, 3, 4, 7]
661.000000	-4.582778
#[6, 3, 2, 2]
661.000000	-4.596667
#[6, 6, 4, 7]
661.000000	-5.270000
#[4, 3, 2, 5]
661.000000	-3.006667
#[5, 3, 1, 5]
661.000000	-6.020000
#[5, 3, 2, 5]
661.000000	-6.020000
#[6, 2, 0, 5]
661.000000	-4.513333
#[6, 0, 4, 3]
661.000000	-1.500000
#[5, 4, 4, 5]
661.000000	-4.513333
#[5, 1, 4, 5]
661.000000	-4.513333
#[5, 7, 4, 5]
671.000000	-4.555000
#[6, 3, 1, 3]
671.000000	-4.513333
#[6, 6, 4, 6]
671.000000	-5.228333
#[6, 3, 3, 7]
671.000000	-4.555000
#[6, 0, 4, 2]
671.000000	-3.006667
#[6, 2, 4, 6]
671.000000	-3.006667
#[6, 3, 7, 0]
671.000000	-4.568889
#[1, 5, 4, 5]
671.000000	-4.513333
#[4, 3, 4, 1]
671.000000	-4.513333
#[6, 3, 6, 7]
671.000000	-4.555000
#[3, 3, 4, 1]
681.000000	-6.735000
#[6, 2, 4, 2]
681.000000	-5.228333
#[2, 3, 4, 1]
681.000000	-4.513333
#[1, 3, 4, 1]
681.000000	-6.735000
#[6, 6, 6, 5]
681.000000	-4.513333
#[7, 3, 4, 3]
681.000000	-6.804444
#[4, 5, 4, 5]
681.000000	-4.513333
#[6, 3, 3, 3]
681.000000	-4.513333
#[7, 6, 4, 5]
681.000000	-3.763333
#[6, 7, 4, 7]
681.000000	-7.533333
#[6, 1, 4, 4]
691.000000	-3.006667
#[7, 4, 4, 5]
691.000000	-4.555000
#[6, 1, 0, 5]
691.000000	-4.513333
#[1, 3, 4, 3]
691.000000	-6.735000
#[1, 3, 7, 5]
691.000000	-6.075556
#[2, 1, 4, 5]
691.000000	-4.513333
#[6, 3, 6, 3]
691.000000	-4.513333
#[4, 6, 4, 5]
691.000000	-3.721667
#[6, 6, 2, 5]
691.000000	-4.513333
#[5, 3, 4, 2]
691.000000	-3.006667
#[6, 3, 0, 3]
701.000000	-4.513333
#[6, 5, 3, 5]
701.000000	-3.006667
#[4, 3, 4, 3]
701.000000	-4.513333
#[6, 6, 7, 5]
701.000000	-4.568889
#[4, 3, 4, 7]
701.000000	-4.555000
#[6, 1, 1, 5]
701.000000	-4.513333
#[6, 6, 4, 0]
701.000000	-3.006667
#[7, 3, 7, 5]
701.000000	-6.131111
#[6, 7, 7, 5]
701.000000	-6.832222
#[6, 7, 5, 5]
701.000000	-6.776667
#[6, 7, 5, 0]
711.000000	-4.575833
#[6, 6, 4, 2]
711.000000	-3.006667
#[0, 3, 4, 6]
711.000000	-1.500000
#[0, 3, 4, 7]
711.000000	-4.575833
#[6, 3, 3, 2]
711.000000	-4.513333
#[6, 7, 6, 7]
711.000000	-6.103333
#[6, 5, 4, 1]
711.000000	-1.500000
#[6, 2, 4, 7]
711.000000	-5.290833
#[0, 3, 4, 3]
711.000000	-4.513333
#[7, 3, 6, 5]
711.000000	-3.062222
#[1, 3, 4, 2]
721.000000	-4.513333
#[6, 6, 3, 0]
721.000000	-4.513333
#[1, 3, 4, 0]
721.000000	-4.513333
#[6, 6, 3, 5]
721.000000	-3.006667
#[5, 6, 4, 5]
721.000000	-3.721667
#[6, 7, 1, 5]
721.000000	-4.582778
#[4, 1, 4, 5]
721.000000	-4.513333
#[2, 3, 4, 4]
721.000000	-4.513333
#[4, 2, 4, 5]
721.000000	-4.513333
#[6, 7, 4, 3]
721.000000	-6.908333
#[6, 3, 0, 0]
731.000000	-4.513333
#[7, 3, 3, 5]
731.000000	-6.094074
#[6, 1, 4, 3]
731.000000	-4.832500
#[2, 3, 0, 5]
731.000000	-6.020000
#[6, 0, 4, 7]
731.000000	-3.062222
#[2, 4, 4, 5]
731.000000	-4.513333
#[3, 3, 4, 7]
731.000000	-6.776667
#[7, 3, 4, 2]
731.000000	-4.568889
#[3, 3, 5, 5]
731.000000	-6.020000
#[6, 2, 5, 5]
731.000000	-6.735000
#[0, 3, 4, 0]
741.000000	-4.513333
#[2, 3, 4, 0]
741.000000	-4.513333
#[4, 3, 1, 5]
741.000000	-3.006667
#[6, 5, 7, 5]
741.000000	-6.804444
#[5, 3, 7, 5]
741.000000	-6.094074
#[6, 0, 3, 5]
741.000000	-3.006667
#[6, 2, 5, 0]
741.000000	-4.513333
#[5, 3, 4, 1]
741.000000	-3.006667
#[6, 3, 2, 1]
741.000000	-4.513333
#[4, 0, 4, 5]
741.000000	-4.513333
#[1, 3, 2, 5]
751.000000	-6.020000
#[6, 1, 7, 5]
751.000000	-4.568889
#[5, 3, 3, 5]
751.000000	-6.020000
#[6, 7, 4, 0]
751.000000	-3.062222
#[6, 3, 0, 6]
751.000000	-4.513333
#[6, 7, 4, 2]
751.000000	-5.270000
#[2, 3, 3, 5]
751.000000	-6.020000
#[1, 7, 4, 5]
751.000000	-4.596667
#[5, 2, 4, 5]
751.000000	-4.513333
#[0, 3, 7, 5]
751.000000	-6.103333
#[6, 5, 2, 5]
761.000000	-6.735000
#[6, 3, 7, 3]
761.000000	-4.555000
#[3, 7, 4, 5]
761.000000	-3.062222
#[0, 0, 4, 5]
761.000000	-4.513333
#[6, 0, 6, 5]
761.000000	-4.513333
#[6, 0, 4, 4]
761.000000	-3.006667
#[2, 3, 4, 3]
761.000000	-4.513333
#[6, 0, 7, 5]
761.000000	-4.587407
#[0, 2, 4, 5]
761.000000	-4.513333
#[6, 3, 1, 1]
761.000000	-4.513333
#[1, 4, 4, 5]
771.000000	-4.513333
#[2, 3, 5, 5]
771.000000	-6.020000
#[2, 5, 4, 5]
771.000000	-4.513333
#[1, 2, 4, 5]
771.000000	-4.513333
#[6, 5, 4, 3]
771.000000	0.006667
#[6, 4, 7, 5]
771.000000	-5.998889
#[7, 5, 4, 5]
771.000000	-4.555000
#[6, 5, 4, 6]
771.000000	-4.634583
#[2, 6, 4, 5]
771.000000	-3.721667
#[1, 3, 4, 6]
771.000000	-5.943333
#[6, 1, 4, 1]
781.000000	-5.228333
#[7, 1, 4, 5]
781.000000	-4.596667
#[4, 6, 2, 5]
781.000000	-5.943333
#[1, 3, 5, 5]
781.000000	-6.020000
#[6, 3, 7, 2]
781.000000	-4.596667
#[2, 3, 3, 1]
781.000000	-7.526667
#[6, 4, 3, 5]
781.000000	0.006667
#[4, 3, 3, 5]
781.000000	-3.006667
#[6, 4, 4, 7]
781.000000	-5.270000
#[5, 3, 0, 5]
781.000000	-6.020000
#[4, 3, 5, 5]
791.000000	-3.006667
#[1, 3, 1, 5]
791.000000	-6.020000
#[6, 5, 4, 2]
791.000000	-4.832500
#[7, 3, 0, 5]
791.000000	-6.103333
#[6, 2, 7, 5]
791.000000	-6.818333
#[6, 2, 2, 5]
791.000000	-6.735000
#[1, 3, 6, 3]
791.000000	-6.735000
#[1, 3, 0, 5]
791.000000	-6.020000
#[0, 3, 4, 2]
791.000000	-4.513333
#[4, 7, 4, 5]
791.000000	-4.555000
#[2, 3, 5, 0]
801.000000	-6.020000
#[7, 3, 1, 5]
801.000000	-6.112593
#[6, 3, 7, 6]
801.000000	-4.555000
#[6, 3, 7, 1]
801.000000	-4.555000
#[0, 3, 6, 3]
801.000000	-4.513333
#[6, 4, 3, 4]
801.000000	-4.634583
#[6, 3, 6, 0]
801.000000	-4.513333
#[6, 3, 0, 2]
801.000000	-4.513333
#[0, 3, 0, 2]
801.000000	-7.526667
#[2, 3, 4, 2]
801.000000	-4.513333
#[0, 3, 4, 1]
811.000000	-4.513333
#[5, 6, 4, 4]
811.000000	-4.832500
#[7, 3, 4, 6]
811.000000	-5.998889
#[7, 3, 4, 1]
811.000000	-6.818333
#[5, 3, 3, 7]
811.000000	-6.080606
#[5, 5, 4, 5]
811.000000	-4.513333
#[2, 3, 1, 5]
811.000000	-6.020000
#[6, 1, 3, 5]
811.000000	-3.006667
#[0, 7, 0, 2]
811.000000	-9.200000
#[4, 1, 4, 6]
811.000000	-5.228333
#[0, 7, 4, 5]
821.000000	-4.568889
#[5, 3, 4, 3]
821.000000	-3.006667
#[4, 3, 7, 5]
821.000000	-3.062222
#[6, 0, 0, 5]
821.000000	-4.513333
#[0, 6, 4, 5]
821.000000	-1.500000
#[6, 6, 4, 1]
821.000000	-5.228333
#[1, 0, 4, 5]
821.000000	-4.513333
#[2, 6, 1, 5]
821.000000	-4.513333
#[4, 3, 6, 5]
821.000000	0.006667
#[6, 3, 3, 0]
821.000000	-4.513333
#[5, 3, 6, 5]
831.000000	-3.006667
#[4, 2, 6, 5]
831.000000	-3.721667
#[4, 3, 6, 7]
831.000000	-3.763333
#[4, 3, 6, 6]
831.000000	-1.500000
#[5, 4, 7, 5]
831.000000	-6.804444
#[4, 3, 6, 2]
831.000000	-1.500000
#[0, 3, 6, 1]
831.000000	-4.513333
#[4, 3, 6, 0]
831.000000	-1.500000
#[4, 1, 6, 5]
831.000000	-1.500000
#[4, 0, 6, 6]
831.000000	-3.006667
#[4, 3, 0, 5]
841.000000	-3.006667
#[4, 3, 6, 3]
841.000000	-3.721667
#[0, 3, 2, 5]
841.000000	-6.020000
#[4, 7, 6, 5]
841.000000	-3.763333
#[0, 3, 6, 0]
841.000000	-4.513333
#[4, 3, 6, 1]
841.000000	-3.721667
#[4, 7, 6, 4]
841.000000	-5.270000
#[0, 4, 3, 5]
841.000000	-3.006667
#[4, 1, 6, 4]
841.000000	-5.228333
#[7, 3, 6, 6]
841.000000	-4.568889
#[4, 1, 6, 6]
851.000000	-3.006667
#[0, 3, 6, 6]
851.000000	-4.513333
#[4, 1, 1, 5]
851.000000	-4.513333
#[4, 2, 6, 1]
851.000000	-3.006667
#[4, 1, 5, 5]
851.000000	-4.513333
#[4, 6, 0, 5]
851.000000	-1.500000
#[4, 5, 5, 5]
851.000000	-6.735000
#[4, 6, 6, 2]
851.000000	-5.228333
#[7, 3, 6, 4]
851.000000	-5.998889
#[1, 2, 6, 5]
851.000000	-4.513333
#[2, 3, 6, 3]
861.000000	-4.513333
#[4, 1, 2, 5]
861.000000	-4.513333
#[4, 3, 3, 6]
861.000000	-3.721667
#[4, 6, 6, 7]
861.000000	-5.270000
#[4, 3, 0, 4]
861.000000	-4.513333
#[4, 3, 3, 7]
861.000000	-4.555000
#[4, 0, 1, 5]
861.000000	-4.513333
#[0, 5, 6, 5]
861.000000	-4.513333
#[4, 6, 7, 5]
861.000000	-5.998889
#[1, 3, 6, 4]
861.000000	-5.943333
#[4, 3, 1, 3]
871.000000	-4.513333
#[4, 7, 6, 3]
871.000000	-6.908333
#[5, 3, 6, 0]
871.000000	-3.006667
#[2, 3, 6, 7]
871.000000	-4.582778
#[4, 3, 1, 2]
871.000000	-4.513333
#[4, 3, 5, 2]
871.000000	-3.006667
#[4, 6, 6, 3]
871.000000	-4.634583
#[1, 6, 6, 5]
871.000000	-4.513333
#[4, 2, 5, 5]
871.000000	-6.735000
#[4, 7, 2, 5]
871.000000	-6.776667
#[5, 3, 6, 6]
881.000000	-3.006667
#[5, 6, 6, 4]
881.000000	-4.634583
#[4, 2, 6, 6]
881.000000	-5.228333
#[4, 5, 3, 5]
881.000000	-3.006667
#[4, 3, 4, 6]
881.000000	-3.721667
#[4, 2, 2, 5]
881.000000	-6.735000
#[4, 5, 1, 5]
881.000000	-4.513333
#[4, 1, 6, 2]
881.000000	-3.006667
#[5, 1, 6, 5]
881.000000	-4.513333
#[4, 1, 3, 5]
881.000000	-3.006667
#[4, 7, 6, 2]
891.000000	-5.270000
#[4, 3, 7, 7]
891.000000	-4.596667
#[2, 3, 7, 5]
891.000000	-6.112593
#[4, 3, 0, 0]
891.000000	-4.513333
#[4, 0, 3, 5]
891.000000	-3.006667
#[4, 3, 0, 6]
891.000000	-1.500000
#[2, 3, 6, 4]
891.000000	-1.500000
#[1, 1, 6, 3]
891.000000	-7.950000
#[4, 6, 6, 4]
891.000000	-3.006667
#[4, 2, 1, 5]
891.000000	-4.513333
#[4, 2, 7, 5]
901.000000	-6.818333
#[4, 5, 6, 1]
901.000000	-1.500000
#[5, 3, 6, 7]
901.000000	-3.062222
#[4, 3, 2, 2]
901.000000	-4.596667
#[5, 3, 6, 1]
901.000000	-3.006667
#[4, 0, 0, 5]
901.000000	-4.513333
#[1, 3, 6, 0]
901.000000	-4.513333
#[4, 3, 1, 0]
901.000000	-4.513333
#[4, 3, 0, 7]
901.000000	-4.568889
#[7, 3, 6, 3]
901.000000	-6.804444
#[4, 5, 0, 5]
911.000000	-4.513333
#[4, 3, 1, 6]
911.000000	-3.721667
#[5, 7, 6, 5]
911.000000	-4.555000
#[4, 3, 0, 1]
911.000000	-4.513333
#[1, 3, 6, 7]
911.000000	-6.776667
#[4, 1, 6, 1]
911.000000	-5.228333
#[4, 7, 3, 5]
911.000000	-3.062222
#[4, 3, 7, 0]
911.000000	-4.568889
#[4, 6, 6, 6]
911.000000	-5.228333
#[0, 3, 6, 2]
911.000000	-4.513333
#[7, 6, 6, 5]
921.000000	-4.555000
#[4, 5, 7, 5]
921.000000	-6.804444
#[4, 6, 3, 5]
921.000000	0.006667
#[4, 0, 6, 7]
921.000000	-3.062222
#[4, 3, 7, 3]
921.000000	-4.555000
#[4, 7, 6, 6]
921.000000	-5.270000
#[7, 3, 6, 7]
921.000000	-6.832222
#[4, 0, 2, 5]
921.000000	-4.513333
#[4, 4, 6, 3]
921.000000	-4.832500
#[1, 3, 6, 1]
921.000000	-6.735000
#[4, 4, 5, 5]
931.000000	-4.513333
#[4, 3, 0, 2]
931.000000	-4.513333
#[4, 3, 7, 6]
931.000000	-3.763333
#[2, 7, 6, 5]
931.000000	-4.555000
#[4, 3, 7, 1]
931.000000	-4.555000
#[4, 1, 7, 3]
931.000000	-5.665833
#[4, 6, 5, 5]
931.000000	-5.943333
#[4, 3, 2, 7]
931.000000	-4.596667
#[4, 3, 5, 1]
931.000000	-3.006667
#[4, 1, 6, 3]
931.000000	-4.832500
#[4, 7, 6, 1]
941.000000	-5.290833
#[0, 0, 6, 5]
941.000000	-4.513333
#[4, 2, 3, 5]
941.000000	-3.006667
#[4, 1, 7, 5]
941.000000	-4.568889
#[4, 6, 6, 1]
941.000000	-3.006667
#[4, 7, 7, 5]
941.000000	-6.832222
#[4, 7, 6, 7]
941.000000	-7.533333
#[4, 7, 6, 0]
941.000000	-3.062222
#[4, 3, 2, 1]
941.000000	-4.513333
#[4, 3, 5, 6]
941.000000	0.006667
#[4, 2, 5, 6]
951.000000	-3.721667
#[4, 3, 5, 7]
951.000000	-3.062222
#[4, 3, 5, 0]
951.000000	-3.006667
#[4, 3, 2, 6]
951.000000	-1.500000
#[4, 6, 5, 6]
951.000000	-3.721667
#[2, 3, 5, 6]
951.000000	-3.006667
#[4, 5, 5, 6]
951.000000	-3.721667
#[4, 0, 5, 6]
951.000000	-1.500000
#[4, 5, 4, 6]
951.000000	-4.634583
#[0, 3, 5, 0]
951.000000	-6.020000
#[4, 3, 5, 3]
961.000000	-3.006667
#[4, 5, 7, 6]
961.000000	-6.908333
#[4, 2, 5, 2]
961.000000	-6.735000
#[4, 7, 5, 6]
961.000000	-3.763333
#[4, 5, 5, 7]
961.000000	-6.804444
#[4, 1, 5, 4]
961.000000	-4.513333
#[7, 3, 3, 6]
961.000000	-6.804444
#[4, 5, 1, 6]
961.000000	-1.500000
#[7, 2, 5, 6]
961.000000	-4.555000
#[4, 1, 5, 1]
961.000000	-4.513333
#[4, 0, 4, 6]
971.000000	-3.006667
#[4, 2, 5, 7]
971.000000	-6.818333
#[5, 1, 5, 4]
971.000000	-4.513333
#[0, 3, 5, 7]
971.000000	-6.103333
#[4, 3, 1, 7]
971.000000	-4.555000
#[0, 7, 5, 6]
971.000000	-4.568889
#[4, 0, 1, 6]
971.000000	-3.006667
#[4, 3, 7, 2]
971.000000	-4.596667
#[4, 0, 7, 6]
971.000000	-3.062222
#[4, 6, 3, 6]
971.000000	-4.634583
#[4, 5, 5, 3]
981.000000	-3.006667
#[4, 3, 2, 3]
981.000000	-4.513333
#[3, 3, 5, 2]
981.000000	-6.020000
#[2, 2, 5, 6]
981.000000	-4.513333
#[4, 0, 5, 1]
981.000000	-4.513333
#[1, 5, 5, 6]
981.000000	-4.513333
#[4, 5, 2, 6]
981.000000	-4.832500
#[4, 7, 5, 7]
981.000000	-6.832222
#[1, 3, 5, 2]
981.000000	-6.020000
#[4, 4, 5, 2]
981.000000	-4.513333
#[4, 1, 1, 6]
991.000000	-5.228333
#[4, 0, 2, 6]
991.000000	-3.006667
#[4, 7, 5, 5]
991.000000	-6.776667
#[4, 5, 0, 6]
991.000000	-1.500000
#[5, 3, 7, 6]
991.000000	-3.062222
#[7, 3, 5, 1]
991.000000	-6.112593
#[7, 3, 5, 0]
991.000000	-6.103333
#[4, 0, 3, 6]
991.000000	-1.500000
#[7, 3, 2, 6]
991.000000	-4.568889
#[2, 3, 2, 6]
991.000000	-4.513333
#[0, 3, 7, 6]
1001.000000	-4.575833
#[1, 3, 5, 7]
1001.000000	-6.075556
#[3, 0, 5, 3]
1001.000000	-6.020000
#[2, 3, 7, 6]
1001.000000	-4.582778
#[4, 4, 4, 6]
1001.000000	-5.228333
#[4, 0, 5, 7]
1001.000000	-4.587407
#[7, 3, 1, 6]
1001.000000	-6.818333
#[4, 6, 5, 7]
1001.000000	-5.998889
#[4, 6, 0, 6]
1001.000000	-3.006667
#[4, 2, 5, 4]
1001.000000	-4.513333
#[7, 2, 1, 6]
1011.000000	-6.103333
#[7, 7, 3, 6]
1011.000000	-7.950000
#[4, 5, 5, 1]
1011.000000	-4.513333
#[0, 3, 5, 2]
1011.000000	-6.020000
#[5, 3, 5, 2]
1011.000000	-6.020000
#[4, 3, 3, 1]
1011.000000	-4.513333
#[4, 1, 5, 0]
1011.000000	-4.513333
#[4, 2, 5, 3]
1011.000000	-3.006667
#[2, 4, 5, 7]
1011.000000	-6.818333
#[4, 4, 3, 6]
1011.000000	-4.832500
#[4, 5, 5, 4]
1021.000000	-4.513333
#[4, 3, 3, 3]
1021.000000	-4.513333
#[4, 3, 1, 1]
1021.000000	-4.513333
#[0, 2, 3, 6]
1021.000000	-4.513333
#[5, 3, 3, 6]
1021.000000	-3.006667
#[2, 3, 5, 7]
1021.000000	-6.112593
#[4, 0, 0, 6]
1021.000000	-3.006667
#[4, 6, 2, 6]
1021.000000	-5.228333
#[4, 1, 5, 2]
1021.000000	-4.513333
#[2, 6, 5, 6]
1021.000000	-4.513333
#[4, 2, 5, 0]
1031.000000	-4.513333
#[7, 5, 5, 6]
1031.000000	-4.555000
#[4, 2, 2, 6]
1031.000000	-5.228333
#[4, 0, 5, 0]
1031.000000	-4.513333
#[6, 0, 5, 6]
1031.000000	-4.513333
#[5, 5, 5, 6]
1031.000000	-4.513333
#[1, 3, 5, 3]
1031.000000	-6.020000
#[4, 2, 7, 6]
1031.000000	-5.290833
#[4, 6, 1, 6]
1031.000000	-3.006667
#[1, 3, 0, 6]
1031.000000	-4.513333
#[4, 1, 0, 6]
1041.000000	-3.006667
#[7, 3, 5, 3]
1041.000000	-6.094074
#[4, 5, 3, 6]
1041.000000	0.006667
#[4, 5, 4, 3]
1041.000000	-3.006667
#[4, 4, 6, 6]
1041.000000	-3.006667
#[2, 3, 4, 6]
1041.000000	-1.500000
#[6, 3, 2, 6]
1041.000000	-4.513333
#[4, 3, 7, 4]
1041.000000	-4.555000
#[2, 3, 0, 6]
1041.000000	-4.513333
#[4, 2, 3, 6]
1041.000000	-1.500000
#[4, 2, 0, 6]
1051.000000	-3.006667
#[6, 6, 5, 7]
1051.000000	-4.568889
#[4, 5, 5, 2]
1051.000000	-6.735000
#[4, 1, 5, 3]
1051.000000	-3.006667
#[4, 1, 7, 6]
1051.000000	-5.270000
#[0, 3, 1, 6]
1051.000000	-4.513333
#[2, 3, 5, 3]
1051.000000	-6.020000
#[4, 1, 5, 7]
1051.000000	-4.568889
#[7, 6, 6, 6]
1051.000000	-6.061667
#[5, 3, 5, 1]
1051.000000	-6.020000
#[5, 2, 5, 6]
1061.000000	-4.513333
#[5, 3, 2, 1]
1061.000000	-6.020000
#[4, 6, 7, 6]
1061.000000	-5.270000
#[4, 6, 5, 2]
1061.000000	-5.943333
#[4, 6, 5, 3]
1061.000000	0.006667
#[1, 3, 3, 6]
1061.000000	-6.735000
#[4, 7, 5, 2]
1061.000000	-6.776667
#[2, 3, 3, 6]
1061.000000	-4.513333
#[0, 3, 0, 6]
1061.000000	-4.513333
#[4, 7, 5, 3]
1061.000000	-3.062222
#[4, 7, 5, 0]
1071.000000	-4.575833
#[2, 2, 7, 6]
1071.000000	-6.103333
#[5, 3, 5, 0]
1071.000000	-6.020000
#[4, 7, 3, 6]
1071.000000	-6.908333
#[4, 7, 2, 6]
1071.000000	-5.270000
#[4, 0, 5, 2]
1071.000000	-4.513333
#[7, 1, 5, 1]
1071.000000	-7.665556
#[4, 0, 5, 3]
1071.000000	-3.006667
#[5, 7, 5, 6]
1071.000000	-4.555000
#[1, 3, 5, 1]
1071.000000	-6.020000
#[4, 0, 5, 5]
1081.000000	-4.513333
#[0, 3, 3, 6]
1081.000000	-4.513333
#[4, 5, 5, 0]
1081.000000	-4.513333
#[4, 7, 1, 6]
1081.000000	-5.290833
#[4, 4, 2, 6]
1081.000000	-3.006667
#[4, 6, 4, 6]
1081.000000	-3.006667
#[5, 3, 0, 0]
1081.000000	-6.020000
#[4, 3, 3, 2]
1081.000000	-4.513333
#[6, 1, 5, 6]
1081.000000	-4.513333
#[5, 3, 5, 7]
1081.000000	-6.094074
#[4, 7, 0, 6]
1091.000000	-3.062222
#[4, 1, 3, 6]
1091.000000	-4.832500
#[4, 7, 4, 6]
1091.000000	-5.270000
#[7, 3, 5, 7]
1091.000000	-6.131111
#[4, 3, 2, 0]
1091.000000	-4.513333
#[4, 2, 5, 1]
1091.000000	-4.513333
#[2, 3, 5, 1]
1091.000000	-6.020000
#[2, 3, 6, 6]
1091.000000	-4.513333
#[1, 3, 1, 6]
1091.000000	-6.735000
#[4, 2, 1, 6]
1091.000000	-3.006667
#[4, 7, 7, 4]
1101.000000	-6.103333
#[5, 1, 5, 6]
1101.000000	-4.513333
#[4, 1, 7, 7]
1101.000000	-6.103333
#[4, 5, 0, 3]
1101.000000	-3.006667
#[2, 3, 0, 0]
1101.000000	-7.526667
#[5, 3, 0, 6]
1101.000000	-3.006667
#[2, 3, 1, 6]
1101.000000	-4.513333
#[6, 0, 5, 0]
1101.000000	-4.513333
#[4, 2, 4, 6]
1101.000000	-3.006667
#[4, 3, 3, 0]
1101.000000	-4.513333
#[7, 3, 0, 6]
1111.000000	-4.587407
#[4, 1, 4, 3]
1111.000000	-5.624167
#[4, 7, 5, 1]
1111.000000	-4.582778
#[4, 7, 7, 6]
1111.000000	-7.533333
#[7, 3, 2, 4]
1111.000000	-4.568889
#[5, 3, 2, 6]
1111.000000	-3.006667
#[4, 1, 2, 6]
1111.000000	-3.006667
#[2, 5, 5, 6]
1111.000000	-4.513333
#[1, 3, 5, 0]
1111.000000	-6.020000
#[5, 3, 1, 6]
1111.000000	-3.006667
#[3, 3, 0, 2]
1121.000000	-7.526667
#[5, 3, 1, 4]
1121.000000	-3.006667
#[1, 3, 7, 6]
1121.000000	-6.776667
#[7, 7, 2, 6]
1121.000000	-6.103333
#[4, 4, 5, 0]
1121.000000	-4.513333
#[1, 3, 2, 6]
1121.000000	-4.513333
#[6, 4, 5, 3]
1121.000000	0.006667
#[0, 6, 5, 1]
1121.000000	-4.513333
#[0, 3, 2, 6]
1121.000000	-4.513333
#[1, 1, 5, 7]
1121.000000	-7.665556
#[6, 0, 2, 6]
1131.000000	-6.020000
#[2, 5, 5, 7]
1131.000000	-7.623889
#[6, 7, 3, 6]
1131.000000	-5.676250
#[4, 7, 2, 2]
1131.000000	-8.366667
#[6, 2, 2, 6]
1131.000000	-6.020000
#[4, 3, 0, 3]
1131.000000	-4.513333
#[1, 3, 2, 3]
1131.000000	-7.526667
#[4, 4, 7, 1]
1131.000000	-6.061667
#[7, 3, 7, 6]
1131.000000	-6.832222
#[4, 7, 1, 2]
1131.000000	-6.103333
#[5, 5, 2, 6]
1141.000000	-4.513333
#[2, 2, 5, 0]
1141.000000	-7.526667
#[0, 3, 6, 7]
1141.000000	-4.575833
#[4, 7, 2, 7]
1141.000000	-8.366667
#[4, 6, 3, 1]
1141.000000	-2.610833
#[4, 2, 4, 2]
1141.000000	-6.020000
#[0, 1, 1, 6]
1141.000000	-6.020000
#[0, 0, 5, 3]
1141.000000	-6.020000
#[1, 5, 1, 4]
1141.000000	-4.513333
#[2, 1, 5, 5]
1141.000000	-7.526667
#[2, 7, 6, 6]
1151.000000	-6.061667
#[5, 3, 6, 2]
1151.000000	-3.006667
#[7, 3, 7, 1]
1151.000000	-7.651667
#[7, 3, 1, 0]
1151.000000	-7.637778
#[4, 0, 4, 2]
1151.000000	-6.020000
#[4, 5, 1, 1]
1151.000000	-4.513333
#[1, 7, 6, 6]
1151.000000	-6.103333
#[4, 1, 7, 2]
1151.000000	-6.103333
#[4, 2, 7, 4]
1151.000000	-6.082500
#[7, 7, 0, 6]
1151.000000	-6.131111
#[5, 4, 5, 0]
1161.000000	-4.513333
#[2, 2, 5, 7]
1161.000000	-7.637778
#[2, 5, 5, 4]
1161.000000	-4.513333
#[6, 2, 5, 3]
1161.000000	-3.006667
#[4, 2, 1, 1]
1161.000000	-6.020000
#[4, 5, 0, 0]
1161.000000	-4.513333
#[4, 1, 3, 7]
1161.000000	-5.665833
#[7, 7, 5, 2]
1161.000000	-7.610000
#[7, 3, 2, 7]
1161.000000	-7.665556
#[4, 2, 3, 3]
1161.000000	-4.513333
#[4, 5, 7, 1]
1171.000000	-4.572857
#[4, 6, 7, 4]
1171.000000	-5.270000
#[2, 3, 2, 7]
1171.000000	-7.665556
#[2, 0, 5, 1]
1171.000000	-7.526667
#[1, 1, 5, 0]
1171.000000	-7.651667
#[4, 7, 4, 0]
1171.000000	-6.075556
#[4, 1, 2, 1]
1171.000000	-6.020000
#[4, 0, 3, 7]
1171.000000	-4.573939
#[2, 1, 5, 3]
1171.000000	-6.020000
#[7, 0, 7, 6]
1171.000000	-6.131111
#[5, 6, 6, 6]
1181.000000	-5.624167
#[2, 1, 0, 3]
1181.000000	-7.526667
#[4, 2, 3, 0]
1181.000000	-4.513333
#[2, 7, 4, 6]
1181.000000	-3.048333
#[1, 7, 7, 0]
1181.000000	-9.200000
#[4, 5, 4, 0]
1181.000000	-4.513333
#[1, 2, 5, 0]
1181.000000	-7.526667
#[7, 7, 4, 6]
1181.000000	-7.533333
#[4, 7, 7, 3]
1181.000000	-7.741667
#[2, 4, 5, 2]
1181.000000	-6.735000
#[1, 4, 2, 6]
1191.000000	-3.006667
#[7, 5, 0, 6]
1191.000000	-4.573939
#[1, 5, 5, 1]
1191.000000	-7.526667
#[0, 1, 5, 7]
1191.000000	-7.637778
#[0, 4, 5, 2]
1191.000000	-4.513333
#[4, 4, 7, 5]
1191.000000	-4.568889
#[4, 7, 0, 1]
1191.000000	-6.103333
#[0, 6, 5, 2]
1191.000000	-4.513333
#[0, 0, 3, 6]
1191.000000	-4.513333
#[4, 5, 1, 2]
1191.000000	-4.513333
#[6, 0, 5, 7]
1201.000000	-4.587407
#[3, 2, 1, 4]
1201.000000	-4.513333
#[2, 0, 0, 6]
1201.000000	-6.020000
#[4, 6, 1, 0]
1201.000000	-3.006667
#[7, 3, 0, 1]
1201.000000	-7.637778
#[4, 5, 3, 4]
1201.000000	-3.006667
#[2, 3, 0, 7]
1201.000000	-7.645714
#[4, 0, 6, 2]
1201.000000	-3.006667
#[3, 7, 1, 6]
1201.000000	-6.818333
#[0, 5, 5, 0]
1201.000000	-7.526667
#[7, 1, 7, 6]
1211.000000	-8.366667
#[0, 3, 2, 2]
1211.000000	-7.651667
#[0, 2, 1, 6]
1211.000000	-6.020000
#[4, 7, 0, 4]
1211.000000	-6.075556
#[3, 3, 3, 3]
1211.000000	-7.526667
#[4, 2, 0, 3]
1211.000000	-4.513333
#[6, 7, 5, 7]
1211.000000	-6.832222
#[1, 3, 3, 4]
1211.000000	-6.735000
#[0, 3, 1, 1]
1211.000000	-7.526667
#[4, 5, 7, 4]
1211.000000	-5.676250
#[4, 2, 4, 1]
1221.000000	-6.020000
#[1, 1, 4, 6]
1221.000000	-7.533333
#[4, 1, 3, 3]
1221.000000	-4.513333
#[0, 2, 3, 3]
1221.000000	-7.526667
#[2, 7, 1, 6]
1221.000000	-6.103333
#[6, 7, 6, 6]
1221.000000	-6.061667
#[4, 1, 3, 0]
1221.000000	-4.513333
#[0, 0, 4, 6]
1221.000000	-3.006667
#[6, 7, 1, 2]
1221.000000	-6.103333
#[7, 3, 6, 2]
1221.000000	-4.568889
#[4, 4, 4, 7]
1231.000000	-6.061667
#[4, 2, 3, 2]
1231.000000	-4.513333
#[5, 3, 7, 1]
1231.000000	-6.086667
#[4, 0, 1, 7]
1231.000000	-6.086667
#[7, 6, 0, 3]
1231.000000	-4.582778
#[7, 2, 5, 4]
1231.000000	-4.555000
#[4, 7, 2, 4]
1231.000000	-6.061667
#[0, 3, 2, 0]
1231.000000	-7.526667
#[7, 6, 7, 6]
1231.000000	-6.103333
#[3, 2, 7, 6]
1231.000000	-4.582778
#[2, 2, 2, 6]
1241.000000	-6.020000
#[5, 5, 5, 5]
1241.000000	-7.526667
#[1, 7, 5, 3]
1241.000000	-6.131111
#[0, 5, 6, 6]
1241.000000	-4.513333
#[6, 1, 5, 1]
1241.000000	-4.513333
#[4, 6, 2, 3]
1241.000000	-1.500000
#[1, 3, 1, 4]
1241.000000	-6.735000
#[6, 6, 3, 6]
1241.000000	-5.624167
#[4, 7, 3, 1]
1241.000000	-5.697083
#[5, 3, 3, 0]
1241.000000	-6.020000
#[0, 7, 5, 5]
1251.000000	-7.582222
#[0, 0, 6, 6]
1251.000000	-6.020000
#[4, 2, 0, 0]
1251.000000	-6.020000
#[4, 0, 7, 2]
1251.000000	-6.131111
#[7, 2, 6, 6]
1251.000000	-6.061667
#[2, 2, 4, 6]
1251.000000	-3.006667
#[1, 6, 2, 6]
1251.000000	-6.020000
#[4, 1, 4, 0]
1251.000000	-6.020000
#[4, 4, 1, 2]
1251.000000	-6.020000
#[4, 6, 3, 3]
1251.000000	-1.500000
#[7, 3, 2, 0]
1261.000000	-7.637778
#[1, 3, 3, 0]
1261.000000	-7.526667
#[2, 2, 5, 1]
1261.000000	-7.526667
#[0, 1, 6, 6]
1261.000000	-6.020000
#[4, 5, 3, 0]
1261.000000	-3.006667
#[3, 5, 3, 6]
1261.000000	-3.006667
#[7, 1, 1, 6]
1261.000000	-8.366667
#[2, 3, 1, 3]
1261.000000	-7.526667
#[4, 2, 7, 7]
1261.000000	-8.366667
#[2, 7, 7, 6]
1261.000000	-6.124167
#[0, 6, 5, 5]
1271.000000	-4.513333
#[4, 6, 0, 2]
1271.000000	-3.006667
#[7, 1, 5, 3]
1271.000000	-6.131111
#[5, 0, 6, 6]
1271.000000	-4.513333
#[7, 3, 2, 3]
1271.000000	-7.610000
#[3, 6, 0, 3]
1271.000000	-4.513333
#[4, 5, 7, 3]
1271.000000	-3.062222
#[4, 4, 7, 7]
1271.000000	-6.103333
#[4, 6, 2, 0]
1271.000000	-3.006667
#[1, 0, 2, 6]
1271.000000	-6.020000
#[5, 2, 5, 0]
1281.000000	-7.526667
#[1, 0, 3, 6]
1281.000000	-4.513333
#[0, 2, 4, 6]
1281.000000	-3.006667
#[1, 3, 1, 7]
1281.000000	-7.568333
#[4, 2, 2, 4]
1281.000000	-6.020000
#[4, 0, 4, 4]
1281.000000	-6.020000
#[4, 0, 1, 2]
1281.000000	-6.020000
#[7, 3, 3, 7]
1281.000000	-7.637778
#[6, 7, 2, 6]
1281.000000	-6.061667
#[4, 5, 2, 2]
1281.000000	-7.950000
#[6, 1, 5, 3]
1291.000000	-3.006667
#[1, 5, 2, 6]
1291.000000	-4.513333
#[2, 1, 4, 6]
1291.000000	-3.006667
#[7, 2, 5, 2]
1291.000000	-7.568333
#[4, 2, 1, 0]
1291.000000	-6.020000
#[0, 2, 5, 7]
1291.000000	-7.637778
#[4, 6, 4, 1]
1291.000000	-3.006667
#[5, 7, 0, 6]
1291.000000	-4.573939
#[4, 6, 0, 3]
1291.000000	-1.500000
#[0, 7, 7, 6]
1291.000000	-6.131111
#[4, 0, 2, 0]
1301.000000	-6.020000
#[4, 4, 7, 0]
1301.000000	-6.075556
#[4, 0, 6, 3]
1301.000000	-1.500000
#[7, 1, 6, 6]
1301.000000	-6.103333
#[1, 4, 7, 6]
1301.000000	-5.270000
#[1, 6, 5, 1]
1301.000000	-4.513333
#[5, 2, 5, 5]
1301.000000	-7.526667
#[4, 2, 3, 7]
1301.000000	-4.584762
#[0, 3, 7, 3]
1301.000000	-7.598095
#[3, 5, 1, 6]
1301.000000	-3.006667
#[4, 0, 2, 7]
1311.000000	-6.131111
#[7, 0, 3, 6]
1311.000000	-4.589091
#[7, 4, 5, 1]
1311.000000	-4.582778
#[4, 0, 3, 1]
1311.000000	-4.513333
#[4, 4, 0, 3]
1311.000000	-4.513333
#[1, 1, 5, 1]
1311.000000	-7.665556
#[2, 0, 5, 7]
1311.000000	-7.637778
#[4, 5, 6, 0]
1311.000000	-1.500000
#[7, 3, 1, 3]
1311.000000	-7.623889
#[6, 2, 6, 6]
1311.000000	-6.020000
#[5, 6, 0, 6]
1321.000000	-4.513333
#[2, 7, 5, 3]
1321.000000	-6.086667
#[6, 5, 3, 6]
1321.000000	-3.006667
#[5, 4, 5, 7]
1321.000000	-6.804444
#[7, 0, 5, 2]
1321.000000	-7.582222
#[4, 2, 0, 7]
1321.000000	-6.120000
#[1, 3, 1, 3]
1321.000000	-7.526667
#[1, 5, 5, 0]
1321.000000	-7.526667
#[3, 7, 5, 0]
1321.000000	-6.103333
#[4, 2, 6, 0]
1321.000000	-3.006667
#[5, 3, 1, 2]
1331.000000	-6.020000
#[2, 7, 5, 1]
1331.000000	-7.630833
#[0, 6, 3, 6]
1331.000000	-4.513333
#[4, 7, 1, 3]
1331.000000	-5.697083
#[7, 3, 3, 4]
1331.000000	-6.804444
#[6, 1, 6, 6]
1331.000000	-6.020000
#[0, 5, 3, 6]
1331.000000	-3.006667
#[4, 4, 4, 1]
1331.000000	-6.020000
#[6, 5, 2, 6]
1331.000000	-5.624167
#[4, 5, 4, 7]
1331.000000	-5.676250
#[7, 3, 7, 7]
1341.000000	-7.665556
#[4, 0, 1, 0]
1341.000000	-6.020000
#[4, 2, 7, 3]
1341.000000	-4.584762
#[4, 7, 1, 7]
1341.000000	-6.124167
#[4, 7, 2, 1]
1341.000000	-6.103333
#[4, 6, 2, 4]
1341.000000	-5.228333
#[6, 0, 4, 6]
1341.000000	-3.006667
#[1, 0, 5, 0]
1341.000000	-7.526667
#[2, 1, 5, 2]
1341.000000	-7.526667
#[7, 0, 5, 3]
1341.000000	-6.103333
#[6, 2, 7, 6]
1351.000000	-6.082500
#[3, 3, 7, 2]
1351.000000	-7.610000
#[2, 5, 0, 6]
1351.000000	-4.513333
#[4, 4, 4, 3]
1351.000000	-5.624167
#[5, 1, 5, 1]
1351.000000	-7.526667
#[1, 5, 1, 6]
1351.000000	-4.513333
#[5, 0, 1, 6]
1351.000000	-4.513333
#[4, 2, 4, 4]
1351.000000	-6.020000
#[1, 0, 5, 5]
1351.000000	-7.526667
#[5, 2, 2, 6]
1351.000000	-5.624167
#[0, 3, 0, 4]
1361.000000	-4.513333
#[2, 5, 3, 6]
1361.000000	-3.006667
#[4, 0, 0, 0]
1361.000000	-6.020000
#[6, 2, 5, 2]
1361.000000	-6.735000
#[3, 5, 7, 6]
1361.000000	-3.062222
#[6, 0, 5, 2]
1361.000000	-4.513333
#[2, 3, 1, 1]
1361.000000	-7.526667
#[7, 5, 5, 0]
1361.000000	-7.598095
#[4, 5, 2, 0]
1361.000000	-4.513333
#[2, 1, 2, 6]
1361.000000	-6.020000
#[4, 4, 1, 7]
1371.000000	-6.061667
#[0, 3, 1, 2]
1371.000000	-7.526667
#[6, 0, 0, 6]
1371.000000	-6.020000
#[4, 0, 2, 3]
1371.000000	-4.513333
#[4, 0, 1, 4]
1371.000000	-6.020000
#[5, 2, 3, 6]
1371.000000	-3.006667
#[2, 3, 3, 3]
1371.000000	-7.526667
#[1, 7, 4, 6]
1371.000000	-7.533333
#[4, 6, 1, 4]
1371.000000	-3.006667
#[2, 3, 2, 3]
1371.000000	-7.526667
#[2, 3, 3, 4]
1381.000000	-4.513333
#[3, 1, 7, 6]
1381.000000	-6.776667
#[2, 6, 7, 6]
1381.000000	-6.082500
#[2, 5, 5, 0]
1381.000000	-7.526667
#[7, 0, 5, 4]
1381.000000	-4.568889
#[5, 1, 5, 0]
1381.000000	-7.526667
#[4, 1, 0, 5]
1381.000000	-4.513333
#[1, 5, 5, 2]
1381.000000	-7.526667
#[4, 1, 3, 2]
1381.000000	-4.513333
#[4, 4, 2, 2]
1381.000000	-6.103333
#[1, 3, 0, 2]
1391.000000	-7.526667
#[2, 7, 0, 6]
1391.000000	-6.086667
#[3, 6, 3, 6]
1391.000000	-4.513333
#[4, 2, 2, 7]
1391.000000	-8.366667
#[5, 6, 4, 2]
1391.000000	-4.832500
#[3, 3, 1, 0]
1391.000000	-7.526667
#[4, 5, 4, 2]
1391.000000	-5.624167
#[0, 0, 5, 5]
1391.000000	-7.526667
#[2, 3, 6, 0]
1391.000000	-4.513333
#[4, 4, 0, 4]
1391.000000	-6.020000
#[1, 6, 5, 7]
1401.000000	-4.568889
#[4, 6, 0, 1]
1401.000000	-3.006667
#[5, 3, 7, 2]
1401.000000	-6.131111
#[6, 2, 1, 6]
1401.000000	-6.020000
#[7, 6, 5, 2]
1401.000000	-6.776667
#[3, 3, 0, 4]
1401.000000	-4.513333
#[6, 0, 7, 6]
1401.000000	-6.075556
#[5, 3, 7, 0]
1401.000000	-6.103333
#[4, 1, 1, 0]
1401.000000	-6.020000
#[1, 7, 5, 7]
1401.000000	-7.665556
#[4, 2, 1, 2]
1411.000000	-6.020000
#[1, 5, 5, 4]
1411.000000	-4.513333
#[1, 2, 0, 6]
1411.000000	-6.020000
#[1, 0, 5, 1]
1411.000000	-7.526667
#[4, 2, 3, 1]
1411.000000	-4.513333
#[5, 5, 0, 6]
1411.000000	-4.513333
#[1, 2, 2, 6]
1411.000000	-6.020000
#[2, 3, 7, 0]
1411.000000	-7.645714
#[0, 6, 4, 6]
1411.000000	-3.006667
#[7, 7, 6, 6]
1411.000000	-6.103333
#[6, 7, 1, 6]
1421.000000	-6.082500
#[2, 3, 7, 7]
1421.000000	-7.665556
#[6, 7, 0, 6]
1421.000000	-6.075556
#[5, 4, 7, 6]
1421.000000	-6.908333
#[4, 4, 2, 1]
1421.000000	-6.020000
#[2, 7, 2, 6]
1421.000000	-6.061667
#[2, 7, 5, 7]
1421.000000	-7.651667
#[4, 4, 2, 3]
1421.000000	-4.513333
#[5, 7, 5, 3]
1421.000000	-6.080606
#[5, 3, 0, 2]
1421.000000	-6.020000
#[4, 7, 1, 5]
1431.000000	-4.582778
#[4, 1, 6, 7]
1431.000000	-5.270000
#[0, 2, 0, 6]
1431.000000	-6.020000
#[6, 2, 0, 6]
1431.000000	-6.020000
#[4, 5, 2, 7]
1431.000000	-7.950000
#[2, 1, 5, 1]
1431.000000	-7.526667
#[5, 0, 5, 2]
1431.000000	-7.526667
#[3, 6, 2, 6]
1431.000000	-4.513333
#[3, 3, 0, 0]
1431.000000	-7.526667
#[7, 0, 4, 6]
1431.000000	-3.062222
#[3, 1, 5, 2]
1441.000000	-6.020000
#[5, 3, 2, 0]
1441.000000	-6.020000
#[4, 2, 1, 3]
1441.000000	-4.513333
#[0, 3, 7, 0]
1441.000000	-7.626667
#[4, 0, 4, 3]
1441.000000	-4.513333
#[1, 0, 7, 6]
1441.000000	-6.103333
#[6, 4, 5, 2]
1441.000000	-5.943333
#[4, 6, 7, 2]
1441.000000	-7.533333
#[4, 0, 3, 0]
1441.000000	-4.513333
#[1, 1, 7, 6]
1441.000000	-8.366667
#[2, 7, 5, 0]
1451.000000	-7.610000
#[6, 0, 5, 3]
1451.000000	-3.006667
#[1, 3, 1, 1]
1451.000000	-7.526667
#[4, 2, 0, 2]
1451.000000	-6.020000
#[6, 2, 5, 1]
1451.000000	-4.513333
#[1, 3, 3, 1]
1451.000000	-7.526667
#[1, 4, 0, 4]
1451.000000	-6.020000
#[2, 3, 1, 4]
1451.000000	-4.513333
#[4, 6, 1, 1]
1451.000000	-3.006667
#[4, 2, 1, 4]
1451.000000	-6.020000
#[4, 2, 7, 2]
1461.000000	-8.366667
#[2, 4, 4, 6]
1461.000000	-3.006667
#[5, 6, 2, 6]
1461.000000	-5.624167
#[2, 1, 0, 6]
1461.000000	-6.020000
#[1, 4, 1, 6]
1461.000000	-5.228333
#[7, 3, 3, 2]
1461.000000	-7.610000
#[0, 7, 1, 6]
1461.000000	-6.120000
#[0, 3, 1, 7]
1461.000000	-7.610000
#[1, 3, 2, 2]
1461.000000	-7.610000
#[1, 6, 6, 6]
1461.000000	-6.020000
#[2, 2, 5, 2]
1471.000000	-7.526667
#[4, 6, 0, 7]
1471.000000	-3.062222
#[7, 3, 6, 0]
1471.000000	-4.587407
#[0, 1, 4, 6]
1471.000000	-3.006667
#[6, 1, 0, 6]
1471.000000	-6.020000
#[5, 3, 2, 4]
1471.000000	-3.006667
#[5, 3, 2, 2]
1471.000000	-6.131111
#[4, 7, 4, 7]
1471.000000	-6.103333
#[4, 1, 7, 0]
1471.000000	-6.075556
#[3, 1, 5, 7]
1471.000000	-6.075556
#[6, 1, 3, 4]
1481.000000	-4.832500
#[0, 1, 2, 6]
1481.000000	-6.020000
#[0, 2, 5, 1]
1481.000000	-7.526667
#[1, 6, 5, 5]
1481.000000	-4.513333
#[2, 3, 7, 3]
1481.000000	-7.610000
#[7, 0, 0, 6]
1481.000000	-6.103333
#[4, 2, 6, 7]
1481.000000	-5.290833
#[2, 2, 3, 6]
1481.000000	-4.513333
#[4, 7, 2, 0]
1481.000000	-6.103333
#[2, 5, 5, 2]
1481.000000	-7.526667
#[1, 3, 7, 2]
1491.000000	-7.610000
#[4, 6, 3, 0]
1491.000000	-1.500000
#[7, 4, 3, 0]
1491.000000	-4.582778
#[3, 3, 1, 4]
1491.000000	-6.735000
#[5, 2, 5, 7]
1491.000000	-7.623889
#[4, 2, 4, 0]
1491.000000	-6.020000
#[0, 3, 3, 2]
1491.000000	-7.526667
#[0, 0, 5, 7]
1491.000000	-7.637778
#[5, 0, 7, 6]
1491.000000	-4.582778
#[4, 0, 4, 7]
1491.000000	-6.075556
#[5, 0, 5, 3]
1501.000000	-6.020000
#[4, 5, 1, 7]
1501.000000	-4.572857
#[5, 0, 5, 1]
1501.000000	-7.526667
#[5, 0, 5, 0]
1501.000000	-7.526667
#[1, 7, 1, 6]
1501.000000	-8.366667
#[2, 0, 7, 6]
1501.000000	-6.103333
#[4, 0, 0, 3]
1501.000000	-4.513333
#[5, 3, 7, 3]
1501.000000	-6.080606
#[1, 3, 6, 2]
1501.000000	-4.513333
#[7, 0, 6, 6]
1501.000000	-6.075556
#[7, 3, 0, 2]
1511.000000	-7.637778
#[1, 2, 5, 3]
1511.000000	-6.020000
#[6, 1, 3, 6]
1511.000000	-5.624167
#[7, 3, 3, 1]
1511.000000	-7.623889
#[1, 3, 7, 7]
1511.000000	-7.610000
#[7, 2, 2, 6]
1511.000000	-6.061667
#[4, 5, 2, 3]
1511.000000	-3.006667
#[7, 3, 0, 7]
1511.000000	-7.656296
#[4, 0, 7, 0]
1511.000000	-6.103333
#[4, 4, 7, 4]
1511.000000	-6.061667
#[0, 7, 3, 6]
1521.000000	-4.589091
#[1, 6, 0, 6]
1521.000000	-6.020000
#[1, 1, 5, 3]
1521.000000	-6.131111
#[5, 2, 5, 2]
1521.000000	-7.526667
#[6, 1, 5, 0]
1521.000000	-4.513333
#[4, 0, 7, 3]
1521.000000	-4.573939
#[4, 7, 7, 2]
1521.000000	-8.366667
#[0, 3, 1, 0]
1521.000000	-7.526667
#[1, 5, 3, 6]
1521.000000	-3.006667
#[2, 5, 4, 6]
1521.000000	-2.610833
#[2, 3, 1, 7]
1531.000000	-7.630833
#[0, 3, 3, 3]
1531.000000	-7.526667
#[1, 7, 6, 3]
1531.000000	-7.950000
#[5, 6, 2, 4]
1531.000000	-4.832500
#[5, 3, 3, 2]
1531.000000	-6.020000
#[3, 0, 2, 6]
1531.000000	-4.513333
#[2, 3, 2, 1]
1531.000000	-7.526667
#[1, 6, 5, 2]
1531.000000	-4.513333
#[1, 4, 5, 1]
1531.000000	-4.513333
#[7, 5, 5, 2]
1531.000000	-7.568333
#[4, 1, 0, 2]
1541.000000	-6.020000
#[0, 3, 1, 4]
1541.000000	-4.513333
#[1, 5, 5, 7]
1541.000000	-7.610000
#[2, 3, 3, 7]
1541.000000	-7.610000
#[4, 2, 2, 0]
1541.000000	-6.020000
#[2, 0, 2, 4]
1541.000000	-6.020000
#[3, 0, 5, 2]
1541.000000	-6.020000
#[2, 3, 6, 1]
1541.000000	-4.513333
#[0, 0, 7, 6]
1541.000000	-6.103333
#[6, 7, 7, 6]
1541.000000	-6.103333
#[5, 2, 1, 6]
1551.000000	-4.513333
#[2, 6, 4, 6]
1551.000000	-3.006667
#[0, 2, 5, 0]
1551.000000	-7.526667
#[7, 1, 5, 0]
1551.000000	-7.651667
#[2, 3, 7, 2]
1551.000000	-7.665556
#[1, 4, 3, 6]
1551.000000	-4.832500
#[4, 1, 3, 1]
1551.000000	-5.624167
#[4, 1, 1, 3]
1551.000000	-5.624167
#[1, 0, 5, 4]
1551.000000	-4.513333
#[4, 7, 0, 3]
1551.000000	-4.582778
#[4, 0, 2, 4]
1561.000000	-6.020000
#[0, 3, 1, 3]
1561.000000	-7.526667
#[2, 3, 2, 4]
1561.000000	-4.513333
#[5, 4, 5, 1]
1561.000000	-4.513333
#[2, 3, 0, 1]
1561.000000	-7.526667
#[6, 6, 0, 6]
1561.000000	-6.020000
#[5, 3, 2, 3]
1561.000000	-6.020000
#[3, 3, 3, 0]
1561.000000	-7.526667
#[0, 2, 2, 6]
1561.000000	-6.020000
#[5, 1, 5, 5]
1561.000000	-7.526667
#[7, 7, 5, 7]
1571.000000	-7.665556
#[4, 6, 7, 0]
1571.000000	-3.062222
#[2, 0, 2, 6]
1571.000000	-6.020000
#[6, 1, 7, 6]
1571.000000	-6.061667
#[5, 6, 1, 6]
1571.000000	-4.513333
#[5, 2, 6, 6]
1571.000000	-5.624167
#[4, 7, 2, 3]
1571.000000	-4.575833
#[5, 1, 0, 6]
1571.000000	-4.513333
#[4, 5, 3, 7]
1571.000000	-3.062222
#[1, 3, 7, 0]
1571.000000	-7.582222
#[7, 4, 4, 1]
1581.000000	-6.082500
#[0, 5, 5, 5]
1581.000000	-7.526667
#[3, 3, 3, 7]
1581.000000	-7.568333
#[0, 5, 5, 1]
1581.000000	-7.526667
#[3, 2, 0, 6]
1581.000000	-4.513333
#[7, 7, 3, 2]
1581.000000	-7.651667
#[5, 7, 2, 6]
1581.000000	-5.665833
#[1, 4, 5, 0]
1581.000000	-4.513333
#[2, 6, 6, 6]
1581.000000	-6.020000
#[4, 5, 0, 1]
1581.000000	-4.513333
