#[2, 3, 0, 1, 1, 1, 3, 0, 0, 0, 2, 3, 1, 3, 2, 0]
1.000000	-24840.574923
#[2, 3, 2, 1, 1, 1, 3, 0, 0, 0, 2, 3, 1, 3, 2, 0]
11.000000	-25458.200961
#[2, 3, 0, 1, 1, 1, 3, 0, 0, 1, 3, 3, 1, 3, 2, 0]
11.000000	-24498.437929
#[2, 3, 0, 1, 1, 1, 1, 0, 0, 0, 2, 0, 1, 3, 2, 0]
11.000000	-25829.099047
#[2, 3, 0, 1, 1, 1, 3, 0, 0, 1, 2, 3, 2, 3, 2, 0]
11.000000	-24379.307220
#[2, 3, 0, 1, 1, 3, 3, 0, 0, 3, 3, 3, 1, 3, 2, 0]
11.000000	-24267.972189
#[2, 3, 0, 1, 1, 1, 3, 0, 0, 0, 2, 3, 1, 3, 1, 0]
11.000000	-20466.486925
#[2, 3, 0, 1, 1, 1, 1, 0, 0, 0, 2, 3, 1, 3, 2, 0]
11.000000	-25776.478389
#[2, 3, 0, 1, 1, 1, 3, 0, 0, 0, 2, 1, 1, 3, 2, 0]
11.000000	-24838.942359
#[2, 3, 0, 1, 1, 1, 3, 0, 2, 0, 2, 3, 1, 3, 2, 0]
11.000000	-24356.236393
#[2, 3, 0, 1, 0, 1, 3, 0, 0, 0, 2, 3, 1, 3, 2, 0]
11.000000	-28562.307071
#[2, 3, 0, 1, 1, 1, 3, 0, 0, 0, 2, 3, 3, 3, 1, 0]
21.000000	-19727.686984
#[2, 3, 0, 1, 1, 1, 0, 0, 0, 0, 2, 3, 1, 3, 3, 0]
21.000000	-19495.579500
#[2, 3, 0, 1, 1, 1, 3, 0, 0, 0, 2, 3, 1, 3, 1, 1]
21.000000	-17975.248180
#[2, 3, 0, 1, 1, 1, 3, 2, 0, 0, 2, 3, 1, 3, 1, 0]
21.000000	-20512.277780
#[2, 3, 0, 1, 1, 1, 3, 0, 0, 0, 2, 3, 2, 3, 1, 0]
21.000000	-19729.433534
#[2, 3, 0, 2, 1, 1, 3, 0, 0, 0, 2, 3, 1, 3, 1, 0]
21.000000	-19545.638122
#[2, 3, 0, 1, 1, 1, 0, 0, 0, 0, 1, 3, 1, 3, 0, 0]
21.000000	-20260.333379
#[2, 3, 0, 1, 1, 1, 3, 0, 0, 0, 0, 3, 1, 3, 2, 0]
21.000000	-25831.569900
#[2, 3, 0, 1, 1, 1, 3, 0, 0, 0, 2, 3, 0, 3, 1, 0]
21.000000	-20571.076176
#[2, 0, 0, 1, 1, 1, 3, 0, 0, 0, 2, 3, 1, 3, 1, 0]
21.000000	-23795.953379
#[2, 3, 3, 1, 1, 1, 3, 0, 3, 0, 2, 3, 1, 3, 1, 1]
31.000000	-17912.805662
#[2, 3, 0, 1, 1, 1, 3, 0, 0, 0, 3, 3, 2, 3, 1, 1]
31.000000	-17091.317356
#[2, 3, 0, 1, 1, 1, 2, 0, 0, 0, 2, 3, 0, 3, 1, 1]
31.000000	-18194.695722
#[2, 3, 0, 1, 1, 1, 3, 0, 0, 0, 2, 1, 1, 3, 1, 1]
31.000000	-20484.835629
#[2, 3, 0, 1, 1, 1, 3, 0, 0, 2, 2, 3, 1, 3, 1, 1]
31.000000	-17323.269820
#[2, 3, 0, 1, 1, 2, 3, 0, 0, 0, 2, 3, 1, 3, 1, 1]
31.000000	-18706.183706
#[2, 3, 0, 2, 1, 1, 3, 0, 0, 0, 2, 1, 1, 3, 1, 1]
31.000000	-19565.214059
#[2, 3, 0, 1, 1, 3, 3, 0, 0, 0, 2, 3, 1, 3, 1, 1]
31.000000	-18122.532711
#[2, 3, 0, 1, 1, 1, 3, 0, 0, 1, 2, 3, 1, 3, 1, 1]
31.000000	-17359.605272
#[2, 3, 0, 1, 1, 1, 3, 0, 0, 0, 1, 3, 1, 3, 1, 1]
31.000000	-17939.124412
#[2, 3, 0, 3, 1, 2, 3, 0, 0, 0, 3, 3, 2, 3, 1, 1]
41.000000	-16009.852309
#[2, 3, 0, 1, 1, 2, 3, 0, 0, 0, 3, 3, 2, 2, 1, 1]
41.000000	-16757.133175
#[2, 3, 0, 1, 1, 1, 3, 0, 0, 0, 3, 1, 2, 3, 1, 1]
41.000000	-18550.292316
#[2, 3, 0, 1, 1, 1, 3, 0, 0, 0, 3, 3, 2, 2, 1, 1]
41.000000	-17092.946723
#[2, 3, 0, 1, 1, 1, 3, 1, 0, 3, 3, 3, 2, 3, 1, 1]
41.000000	-20056.127719
#[2, 3, 0, 1, 1, 1, 3, 0, 0, 0, 3, 0, 2, 3, 1, 1]
41.000000	-19157.197294
#[2, 3, 0, 2, 1, 1, 3, 0, 0, 0, 3, 3, 2, 3, 1, 1]
41.000000	-16011.923344
#[2, 3, 0, 1, 1, 1, 1, 0, 0, 0, 1, 3, 2, 3, 1, 1]
41.000000	-19549.801517
#[2, 3, 0, 1, 3, 1, 3, 0, 0, 0, 3, 3, 2, 3, 1, 1]
41.000000	-16721.743442
#[2, 3, 0, 1, 1, 1, 3, 0, 0, 0, 3, 3, 2, 3, 1, 0]
41.000000	-17865.690654
#[2, 3, 0, 3, 1, 2, 3, 0, 0, 0, 3, 3, 2, 3, 1, 3]
51.000000	-5226.939018
#[3, 3, 0, 3, 1, 2, 3, 0, 0, 0, 3, 3, 2, 3, 1, 1]
51.000000	-15966.649075
#[2, 3, 0, 3, 1, 3, 3, 0, 0, 0, 3, 3, 2, 3, 1, 1]
51.000000	-16005.242145
#[1, 3, 0, 3, 1, 0, 3, 0, 0, 0, 3, 3, 2, 3, 1, 1]
51.000000	-16050.556636
#[2, 3, 0, 3, 1, 2, 3, 0, 1, 0, 3, 3, 2, 3, 1, 1]
51.000000	-16006.977240
#[0, 3, 2, 3, 1, 2, 2, 0, 3, 0, 3, 3, 2, 3, 1, 1]
51.000000	-31131.446595
#[2, 3, 0, 3, 1, 2, 2, 0, 0, 0, 3, 3, 2, 3, 1, 1]
51.000000	-16015.024121
#[2, 3, 0, 3, 1, 2, 3, 0, 0, 0, 3, 3, 2, 3, 3, 1]
51.000000	-16006.117980
#[2, 3, 0, 3, 1, 2, 0, 1, 0, 0, 3, 3, 2, 3, 1, 1]
51.000000	-16021.486388
#[2, 3, 0, 3, 1, 2, 3, 0, 0, 0, 0, 3, 3, 3, 1, 1]
51.000000	-16014.747341
#[2, 3, 0, 0, 1, 2, 3, 0, 0, 0, 3, 3, 2, 3, 1, 3]
61.000000	-5228.025523
#[2, 3, 0, 3, 1, 2, 3, 0, 0, 0, 3, 3, 2, 3, 1, 0]
61.000000	-16830.732834
#[2, 3, 0, 3, 1, 2, 3, 2, 0, 0, 3, 3, 2, 3, 1, 3]
61.000000	-5224.146955
#[3, 3, 0, 3, 1, 2, 3, 0, 0, 0, 3, 3, 2, 3, 1, 3]
61.000000	-5185.791929
#[2, 0, 0, 3, 1, 2, 3, 0, 0, 0, 3, 3, 2, 3, 1, 3]
61.000000	-5383.204933
#[2, 2, 0, 3, 1, 2, 1, 0, 0, 0, 3, 3, 2, 3, 1, 3]
61.000000	-5329.422001
#[2, 3, 3, 3, 1, 2, 3, 0, 0, 0, 3, 3, 2, 3, 1, 2]
61.000000	-23694.926019
#[2, 3, 0, 3, 1, 2, 3, 0, 0, 0, 3, 3, 3, 3, 1, 3]
61.000000	-5223.745412
#[2, 3, 0, 3, 1, 2, 3, 0, 0, 0, 3, 3, 2, 3, 1, 2]
61.000000	-23699.729085
#[0, 3, 0, 3, 1, 2, 3, 0, 0, 0, 3, 3, 2, 3, 3, 3]
61.000000	-29819.153264
#[3, 3, 0, 3, 1, 2, 3, 0, 0, 0, 3, 0, 2, 3, 1, 3]
71.000000	-5206.252483
#[3, 3, 2, 3, 1, 2, 3, 0, 0, 0, 3, 3, 2, 3, 1, 3]
71.000000	-5181.023398
#[3, 3, 0, 1, 1, 2, 3, 0, 0, 0, 3, 3, 2, 3, 1, 3]
71.000000	-6047.985549
#[3, 3, 0, 3, 1, 2, 2, 0, 0, 0, 3, 3, 2, 3, 1, 3]
71.000000	-5190.269701
#[3, 3, 0, 3, 1, 2, 3, 0, 0, 0, 3, 3, 2, 1, 1, 3]
71.000000	-5224.698872
#[3, 3, 0, 3, 1, 2, 3, 0, 0, 0, 1, 3, 2, 0, 1, 3]
71.000000	-9847.118296
#[3, 0, 0, 3, 1, 2, 3, 0, 0, 1, 3, 3, 2, 3, 1, 3]
71.000000	-5193.985430
#[3, 3, 0, 3, 1, 2, 3, 0, 0, 0, 3, 3, 2, 3, 1, 2]
71.000000	-23656.029596
#[3, 1, 0, 3, 1, 2, 3, 0, 0, 0, 3, 3, 2, 3, 0, 3]
71.000000	-14557.709901
#[3, 3, 0, 3, 1, 2, 3, 0, 0, 3, 3, 3, 2, 3, 1, 3]
71.000000	-5172.538526
#[3, 1, 0, 3, 0, 2, 3, 0, 0, 3, 3, 3, 2, 3, 0, 3]
81.000000	-12294.280251
#[3, 3, 0, 3, 1, 2, 1, 0, 0, 3, 3, 3, 2, 3, 2, 3]
81.000000	-5186.665165
#[3, 3, 0, 2, 1, 2, 3, 0, 0, 3, 3, 3, 2, 3, 1, 3]
81.000000	-5172.860583
#[3, 3, 0, 3, 1, 2, 3, 0, 0, 3, 3, 3, 3, 0, 1, 3]
81.000000	-5177.669779
#[3, 3, 1, 3, 2, 2, 3, 0, 2, 3, 3, 3, 2, 3, 1, 1]
81.000000	-15959.780712
#[3, 3, 0, 3, 1, 2, 3, 0, 0, 3, 3, 3, 2, 3, 1, 1]
81.000000	-15959.950716
#[3, 3, 0, 3, 1, 2, 3, 2, 0, 3, 3, 3, 2, 1, 1, 3]
81.000000	-5171.448546
#[3, 3, 0, 3, 1, 2, 3, 0, 0, 3, 3, 3, 2, 3, 2, 3]
81.000000	-5170.520245
#[3, 3, 0, 3, 1, 2, 3, 0, 0, 3, 3, 3, 2, 2, 1, 1]
81.000000	-15962.388167
#[3, 3, 0, 3, 1, 2, 0, 0, 0, 3, 3, 3, 2, 3, 1, 1]
81.000000	-15964.066355
#[3, 3, 0, 2, 1, 2, 3, 0, 0, 3, 3, 3, 2, 3, 2, 3]
91.000000	-5170.804881
#[3, 3, 0, 3, 1, 0, 3, 0, 0, 3, 3, 3, 2, 3, 2, 3]
91.000000	-5184.777860
#[3, 3, 0, 3, 1, 2, 3, 0, 0, 3, 3, 3, 2, 3, 0, 3]
91.000000	-5183.433962
#[3, 1, 0, 3, 1, 2, 3, 0, 0, 3, 3, 3, 2, 3, 2, 3]
91.000000	-14419.254275
#[3, 3, 0, 3, 1, 2, 3, 0, 0, 2, 3, 3, 2, 0, 2, 3]
91.000000	-8027.186135
#[3, 3, 0, 3, 1, 2, 3, 0, 0, 3, 3, 3, 2, 1, 2, 3]
91.000000	-5171.796743
#[3, 3, 0, 3, 1, 2, 3, 0, 0, 3, 3, 1, 2, 3, 2, 3]
91.000000	-5193.543912
#[3, 3, 2, 3, 1, 2, 3, 0, 0, 3, 3, 3, 2, 3, 2, 3]
91.000000	-5167.337850
#[3, 3, 0, 3, 1, 2, 3, 0, 0, 3, 3, 3, 1, 3, 2, 0]
91.000000	-24180.723528
#[3, 3, 0, 3, 1, 2, 3, 0, 0, 3, 3, 3, 2, 3, 2, 0]
91.000000	-23666.319954
#[3, 3, 2, 0, 1, 2, 0, 0, 0, 3, 3, 3, 2, 3, 2, 3]
101.000000	-5180.882904
#[3, 3, 2, 1, 1, 2, 3, 1, 0, 3, 3, 3, 2, 3, 2, 3]
101.000000	-10955.891720
#[3, 3, 2, 3, 1, 0, 3, 0, 0, 3, 3, 2, 2, 3, 2, 3]
101.000000	-5187.792681
#[1, 3, 2, 3, 1, 2, 3, 0, 0, 2, 3, 3, 2, 3, 2, 3]
101.000000	-5264.348901
#[3, 3, 3, 3, 1, 2, 3, 0, 0, 3, 3, 3, 2, 3, 2, 3]
101.000000	-5163.563730
#[3, 3, 2, 3, 1, 2, 3, 1, 0, 3, 3, 3, 2, 3, 2, 3]
101.000000	-5174.386789
#[3, 3, 2, 3, 1, 2, 3, 0, 2, 3, 3, 3, 2, 3, 2, 3]
101.000000	-5163.697176
#[3, 3, 2, 3, 1, 2, 3, 0, 0, 3, 0, 3, 2, 3, 2, 3]
101.000000	-5177.629600
#[1, 3, 2, 3, 1, 2, 3, 0, 0, 3, 3, 3, 2, 3, 2, 3]
101.000000	-5264.043632
#[3, 3, 2, 1, 1, 2, 3, 0, 0, 3, 3, 3, 2, 3, 2, 3]
101.000000	-7576.996429
#[2, 3, 3, 3, 1, 2, 3, 0, 0, 2, 3, 3, 2, 3, 2, 3]
111.000000	-5210.320076
#[1, 3, 3, 3, 1, 2, 3, 0, 0, 3, 3, 3, 2, 3, 2, 3]
111.000000	-5254.355988
#[2, 3, 0, 3, 1, 1, 2, 0, 0, 3, 3, 3, 2, 3, 2, 3]
111.000000	-5228.651648
#[3, 3, 3, 3, 1, 2, 3, 0, 0, 3, 3, 3, 2, 3, 0, 3]
111.000000	-5175.781550
#[3, 0, 3, 2, 1, 2, 3, 2, 0, 1, 3, 3, 2, 3, 2, 3]
111.000000	-5187.202619
#[3, 3, 3, 3, 1, 2, 3, 3, 0, 3, 3, 3, 2, 3, 2, 3]
111.000000	-5150.658517
#[3, 3, 3, 3, 1, 2, 3, 0, 2, 3, 3, 3, 2, 3, 2, 3]
111.000000	-5159.916208
#[3, 3, 3, 3, 1, 2, 3, 0, 0, 3, 3, 3, 2, 3, 1, 3]
111.000000	-5165.545739
#[0, 3, 3, 3, 1, 2, 3, 0, 0, 3, 3, 3, 3, 3, 2, 3]
111.000000	-29817.620170
#[3, 3, 3, 3, 1, 2, 3, 0, 0, 3, 3, 1, 2, 3, 2, 3]
111.000000	-5188.645784
#[3, 3, 2, 3, 1, 2, 3, 3, 0, 3, 3, 3, 2, 3, 2, 3]
121.000000	-5158.386892
#[3, 3, 3, 3, 1, 2, 3, 3, 0, 3, 3, 0, 2, 3, 2, 3]
121.000000	-5174.418224
#[2, 3, 3, 3, 1, 2, 3, 3, 0, 3, 3, 3, 2, 3, 2, 3]
121.000000	-5193.610660
#[3, 3, 3, 3, 2, 2, 3, 3, 0, 2, 3, 3, 2, 3, 2, 3]
121.000000	-5160.389364
#[0, 3, 3, 3, 1, 2, 3, 3, 0, 3, 3, 0, 2, 3, 2, 3]
121.000000	-29819.354411
#[1, 3, 3, 3, 1, 2, 3, 3, 2, 3, 3, 3, 2, 3, 3, 3]
121.000000	-5221.728108
#[3, 3, 3, 3, 1, 2, 3, 2, 0, 3, 3, 3, 2, 3, 2, 3]
121.000000	-5160.570470
#[3, 3, 3, 3, 1, 2, 3, 3, 1, 3, 3, 3, 2, 3, 2, 2]
121.000000	-23643.040518
#[3, 3, 3, 3, 1, 2, 3, 3, 0, 3, 2, 3, 2, 3, 2, 3]
121.000000	-5154.989711
#[3, 3, 3, 3, 1, 2, 3, 3, 0, 3, 1, 3, 2, 3, 2, 3]
121.000000	-5156.206937
#[3, 3, 3, 2, 1, 2, 3, 3, 0, 3, 3, 3, 2, 3, 2, 3]
131.000000	-5154.826405
#[3, 0, 3, 3, 1, 2, 3, 3, 0, 3, 3, 3, 2, 3, 2, 3]
131.000000	-5178.244665
#[3, 1, 3, 3, 1, 2, 3, 3, 0, 3, 3, 3, 2, 3, 2, 3]
131.000000	-5172.623299
#[3, 3, 3, 0, 1, 0, 3, 3, 0, 3, 3, 0, 2, 3, 2, 3]
131.000000	-5187.970751
#[3, 3, 3, 3, 1, 2, 3, 3, 0, 3, 3, 3, 2, 3, 2, 2]
131.000000	-23644.954783
#[1, 3, 3, 3, 1, 2, 3, 2, 0, 3, 3, 3, 2, 3, 2, 3]
131.000000	-5247.970320
#[3, 3, 3, 3, 1, 2, 3, 3, 2, 3, 3, 3, 2, 3, 2, 3]
131.000000	-5146.979435
#[3, 3, 3, 3, 0, 2, 3, 3, 0, 3, 3, 3, 2, 3, 2, 3]
131.000000	-5179.533582
#[3, 3, 3, 3, 1, 2, 3, 3, 0, 3, 3, 3, 2, 3, 3, 3]
131.000000	-5141.793368
#[3, 3, 3, 3, 1, 2, 3, 0, 0, 3, 3, 3, 0, 3, 0, 3]
131.000000	-6920.535331
#[3, 3, 1, 3, 1, 2, 3, 3, 0, 3, 3, 3, 2, 3, 3, 3]
141.000000	-5156.666424
#[3, 2, 3, 3, 1, 2, 3, 3, 1, 3, 3, 3, 2, 2, 3, 3]
141.000000	-5152.067664
#[3, 3, 3, 3, 3, 2, 3, 3, 0, 3, 3, 2, 2, 3, 3, 3]
141.000000	-5152.368213
#[3, 3, 3, 3, 1, 2, 3, 3, 0, 0, 3, 3, 2, 3, 3, 3]
141.000000	-5152.781014
#[0, 3, 3, 3, 1, 2, 3, 3, 0, 3, 3, 2, 2, 3, 3, 3]
141.000000	-29817.176109
#[3, 3, 3, 3, 2, 2, 3, 3, 0, 3, 3, 3, 2, 3, 3, 3]
141.000000	-5145.285811
#[0, 3, 3, 3, 1, 2, 3, 3, 0, 3, 3, 3, 2, 3, 3, 3]
141.000000	-29815.597440
#[3, 3, 3, 3, 1, 2, 3, 3, 2, 3, 3, 3, 2, 3, 3, 3]
141.000000	-5138.223259
#[3, 3, 3, 3, 1, 2, 3, 3, 0, 3, 3, 3, 2, 0, 3, 3]
141.000000	-7114.057731
#[3, 3, 3, 3, 1, 2, 3, 0, 0, 3, 1, 3, 2, 3, 3, 3]
141.000000	-5168.798475
#[3, 3, 3, 3, 1, 2, 0, 3, 2, 3, 0, 3, 2, 3, 2, 3]
151.000000	-5169.895213
#[3, 3, 3, 3, 1, 1, 3, 3, 2, 3, 3, 3, 2, 3, 3, 3]
151.000000	-5142.687244
#[3, 3, 3, 3, 1, 2, 3, 1, 2, 3, 3, 3, 2, 3, 3, 3]
151.000000	-5159.348915
#[3, 3, 3, 3, 1, 2, 3, 0, 2, 3, 3, 3, 2, 3, 3, 3]
151.000000	-5150.072611
#[3, 3, 3, 3, 1, 2, 3, 3, 2, 3, 3, 0, 2, 3, 3, 3]
151.000000	-5158.169648
#[3, 3, 3, 3, 1, 2, 3, 3, 1, 3, 3, 0, 2, 3, 3, 3]
151.000000	-5159.332859
#[3, 3, 1, 3, 1, 2, 3, 3, 2, 2, 3, 3, 2, 3, 1, 3]
151.000000	-5164.188312
#[3, 3, 1, 3, 1, 2, 3, 3, 2, 3, 3, 3, 2, 3, 3, 3]
151.000000	-5153.123632
#[3, 3, 3, 3, 1, 0, 3, 3, 2, 3, 3, 3, 2, 1, 3, 3]
151.000000	-5151.662305
#[3, 3, 3, 3, 1, 3, 3, 3, 2, 0, 3, 3, 2, 3, 3, 3]
151.000000	-5139.574865
#[3, 3, 3, 3, 1, 2, 3, 3, 2, 3, 3, 1, 2, 1, 1, 3]
161.000000	-5192.075272
#[3, 1, 3, 3, 1, 2, 3, 3, 2, 3, 0, 3, 2, 3, 3, 3]
161.000000	-5168.125285
#[3, 3, 3, 2, 1, 2, 3, 3, 0, 3, 3, 3, 2, 3, 3, 3]
161.000000	-5145.961256
#[3, 3, 3, 3, 1, 2, 3, 3, 2, 3, 3, 3, 2, 0, 3, 3]
161.000000	-6718.523107
#[3, 3, 3, 3, 1, 2, 3, 3, 1, 3, 3, 3, 2, 3, 3, 3]
161.000000	-5138.597003
#[3, 3, 3, 3, 1, 2, 3, 3, 2, 2, 3, 3, 2, 3, 3, 3]
161.000000	-5140.338224
#[3, 3, 3, 3, 3, 2, 3, 3, 2, 3, 3, 3, 2, 3, 3, 3]
161.000000	-5130.304988
#[3, 3, 3, 3, 2, 3, 3, 3, 2, 3, 3, 3, 2, 3, 3, 3]
161.000000	-5127.393939
#[3, 3, 3, 3, 1, 2, 3, 3, 2, 3, 3, 1, 2, 3, 3, 3]
161.000000	-5173.991330
#[3, 3, 3, 3, 1, 2, 3, 3, 2, 1, 3, 3, 2, 0, 3, 3]
161.000000	-6399.706335
#[3, 3, 3, 3, 2, 2, 0, 3, 2, 3, 3, 3, 2, 3, 3, 3]
171.000000	-5145.765950
#[3, 3, 3, 3, 2, 3, 3, 3, 1, 3, 2, 2, 2, 3, 3, 3]
171.000000	-5151.955201
#[3, 3, 3, 3, 2, 3, 1, 0, 2, 3, 3, 3, 2, 3, 3, 3]
171.000000	-5154.698349
#[3, 3, 3, 3, 2, 3, 3, 0, 2, 3, 3, 3, 2, 3, 3, 3]
171.000000	-5138.123179
#[3, 3, 3, 3, 2, 3, 3, 3, 2, 3, 3, 1, 2, 3, 3, 3]
171.000000	-5159.414340
#[2, 3, 3, 3, 2, 3, 3, 3, 2, 3, 3, 3, 2, 3, 3, 3]
171.000000	-5176.400166
#[3, 3, 3, 3, 2, 3, 3, 3, 2, 3, 3, 3, 2, 3, 0, 3]
171.000000	-5155.952393
#[0, 3, 3, 3, 2, 3, 3, 3, 3, 3, 3, 3, 2, 3, 3, 3]
171.000000	-5240.696754
#[3, 3, 3, 3, 2, 3, 3, 3, 2, 3, 3, 3, 2, 1, 3, 3]
171.000000	-5134.594324
#[3, 3, 3, 3, 2, 3, 3, 3, 2, 3, 2, 3, 2, 3, 3, 3]
171.000000	-5135.893546
#[3, 3, 3, 3, 2, 3, 3, 3, 1, 3, 3, 3, 2, 3, 3, 3]
181.000000	-5128.422531
#[3, 3, 3, 3, 2, 3, 3, 3, 2, 3, 3, 3, 1, 0, 3, 3]
181.000000	-5139.971201
#[3, 3, 3, 3, 2, 2, 3, 3, 2, 3, 3, 3, 2, 3, 3, 3]
181.000000	-5135.825776
#[1, 3, 3, 3, 2, 3, 3, 3, 2, 3, 3, 3, 2, 3, 3, 3]
181.000000	-5218.207013
#[3, 3, 3, 3, 2, 3, 2, 3, 2, 3, 3, 3, 2, 1, 3, 3]
181.000000	-5143.229182
#[3, 3, 3, 3, 2, 3, 3, 3, 2, 3, 3, 0, 2, 3, 3, 3]
181.000000	-5145.728395
#[3, 3, 3, 3, 2, 3, 1, 3, 2, 3, 3, 3, 2, 3, 3, 3]
181.000000	-5140.042842
#[3, 3, 3, 3, 2, 3, 3, 3, 2, 3, 3, 3, 2, 0, 3, 3]
181.000000	-8179.883345
#[3, 3, 3, 3, 2, 3, 3, 2, 2, 3, 3, 3, 2, 3, 3, 3]
181.000000	-5136.246137
#[3, 1, 3, 3, 2, 3, 3, 3, 2, 3, 3, 3, 2, 3, 3, 3]
181.000000	-5152.711623
#[3, 3, 3, 3, 2, 3, 3, 0, 0, 3, 3, 3, 2, 3, 3, 3]
191.000000	-5147.583214
#[2, 3, 3, 3, 2, 3, 3, 3, 2, 3, 3, 3, 0, 3, 3, 1]
191.000000	-17742.285300
#[3, 3, 0, 3, 2, 3, 3, 3, 2, 3, 3, 3, 2, 3, 3, 3]
191.000000	-5137.174956
#[3, 3, 3, 3, 2, 3, 3, 3, 2, 3, 3, 3, 0, 3, 3, 3]
191.000000	-7494.787585
#[3, 3, 3, 3, 0, 3, 3, 1, 3, 3, 3, 3, 2, 3, 3, 3]
191.000000	-5159.512771
#[3, 3, 3, 3, 2, 3, 3, 3, 2, 2, 3, 3, 2, 3, 3, 3]
191.000000	-5133.041995
#[3, 3, 3, 0, 2, 3, 3, 3, 2, 3, 3, 3, 2, 3, 3, 3]
191.000000	-5131.791186
#[3, 3, 3, 3, 3, 3, 3, 3, 2, 3, 3, 3, 2, 3, 3, 3]
191.000000	-5117.555273
#[2, 3, 1, 3, 2, 3, 3, 3, 2, 3, 2, 3, 2, 3, 3, 3]
191.000000	-5191.746451
#[3, 3, 3, 3, 2, 3, 3, 3, 2, 3, 3, 3, 2, 3, 3, 0]
191.000000	-15933.637471
#[3, 3, 3, 3, 3, 3, 3, 3, 2, 3, 3, 3, 2, 3, 2, 0]
201.000000	-23642.415232
#[3, 3, 0, 3, 3, 3, 3, 3, 2, 1, 3, 3, 2, 3, 3, 3]
201.000000	-5139.151022
#[3, 3, 0, 3, 3, 3, 3, 3, 2, 3, 3, 3, 2, 3, 3, 3]
201.000000	-5127.336290
#[3, 3, 3, 3, 3, 3, 3, 3, 2, 3, 0, 3, 2, 3, 3, 3]
201.000000	-5132.233648
#[1, 3, 3, 3, 3, 3, 3, 3, 2, 3, 3, 3, 2, 3, 3, 3]
201.000000	-5217.569977
#[3, 3, 3, 3, 3, 1, 3, 3, 2, 1, 3, 3, 2, 3, 3, 3]
201.000000	-5138.702338
#[3, 3, 3, 3, 3, 3, 3, 3, 2, 3, 3, 3, 2, 3, 0, 3]
201.000000	-5147.509239
#[3, 3, 3, 3, 3, 3, 3, 3, 2, 3, 3, 3, 3, 3, 3, 3]
201.000000	-5115.713515
#[3, 3, 1, 3, 3, 3, 3, 0, 2, 2, 3, 3, 2, 3, 3, 3]
201.000000	-5147.277524
#[3, 3, 3, 3, 3, 3, 3, 1, 2, 3, 3, 3, 2, 3, 3, 3]
201.000000	-5136.672316
#[3, 3, 3, 2, 3, 2, 3, 3, 2, 3, 3, 3, 3, 3, 3, 3]
211.000000	-5132.108720
#[3, 3, 3, 3, 3, 3, 3, 3, 2, 3, 3, 3, 3, 1, 3, 3]
211.000000	-5123.658036
#[3, 3, 3, 0, 3, 3, 3, 3, 2, 3, 3, 3, 3, 3, 3, 3]
211.000000	-5120.110762
#[3, 3, 3, 3, 3, 3, 3, 3, 2, 0, 3, 3, 3, 3, 3, 3]
211.000000	-5128.012401
#[3, 3, 3, 3, 3, 3, 3, 3, 2, 0, 3, 3, 3, 3, 3, 2]
211.000000	-23625.524940
#[3, 1, 3, 3, 3, 3, 3, 3, 2, 3, 3, 3, 3, 3, 3, 3]
211.000000	-5141.031199
#[3, 3, 3, 3, 3, 3, 3, 3, 2, 2, 3, 3, 3, 3, 3, 3]
211.000000	-5123.194357
#[3, 3, 3, 3, 3, 3, 3, 3, 1, 3, 3, 3, 3, 3, 3, 3]
211.000000	-5118.718320
#[3, 3, 3, 3, 3, 3, 3, 3, 2, 3, 3, 3, 3, 3, 2, 3]
211.000000	-5130.223661
#[3, 3, 3, 3, 3, 3, 3, 1, 2, 3, 3, 3, 3, 3, 3, 3]
211.000000	-5134.830558
#[1, 3, 3, 3, 3, 3, 3, 3, 2, 3, 3, 2, 3, 3, 3, 3]
221.000000	-5245.260417
#[3, 3, 3, 3, 0, 3, 3, 3, 2, 3, 3, 3, 3, 3, 3, 3]
221.000000	-5136.954818
#[3, 3, 3, 3, 3, 3, 3, 3, 2, 3, 3, 2, 1, 3, 3, 3]
221.000000	-5134.353294
#[3, 3, 3, 3, 3, 3, 1, 3, 3, 2, 3, 3, 3, 3, 3, 3]
221.000000	-5133.640661
#[3, 3, 3, 3, 3, 3, 3, 3, 2, 3, 3, 3, 3, 3, 0, 3]
221.000000	-5146.248963
#[3, 3, 3, 3, 3, 3, 3, 3, 2, 3, 3, 0, 3, 3, 3, 3]
221.000000	-5134.959882
#[1, 3, 3, 3, 3, 3, 3, 3, 2, 3, 3, 3, 3, 3, 3, 3]
221.000000	-5217.366849
#[3, 3, 2, 3, 3, 3, 3, 3, 2, 3, 3, 3, 3, 3, 3, 3]
221.000000	-5122.489727
#[3, 3, 3, 3, 1, 3, 3, 3, 2, 1, 3, 3, 3, 3, 3, 3]
221.000000	-5135.875961
#[1, 3, 3, 3, 3, 3, 3, 3, 2, 2, 3, 3, 3, 3, 3, 3]
221.000000	-5218.745480
#[3, 3, 3, 3, 3, 3, 3, 3, 3, 3, 3, 3, 3, 3, 3, 3]
231.000000	-5108.937303
#[3, 3, 3, 1, 3, 3, 3, 2, 2, 3, 3, 3, 3, 3, 1, 3]
231.000000	-7038.334457
#[3, 3, 3, 3, 3, 3, 3, 2, 3, 3, 1, 3, 3, 3, 3, 3]
231.000000	-5136.152999
#[3, 3, 3, 3, 3, 3, 3, 3, 2, 3, 3, 2, 3, 3, 3, 3]
231.000000	-5131.800012
#[3, 3, 3, 3, 3, 3, 3, 3, 2, 3, 0, 3, 3, 3, 3, 3]
231.000000	-5130.391890
#[3, 3, 3, 3, 3, 3, 3, 3, 2, 3, 3, 3, 3, 2, 3, 3]
231.000000	-5122.408892
#[3, 3, 3, 3, 3, 3, 3, 3, 0, 3, 3, 3, 3, 3, 3, 3]
231.000000	-5121.509986
#[3, 3, 3, 3, 3, 3, 3, 3, 2, 3, 3, 3, 3, 3, 3, 0]
231.000000	-15922.553642
#[3, 3, 0, 3, 3, 3, 3, 3, 2, 3, 3, 3, 3, 3, 3, 3]
231.000000	-5125.494532
#[3, 3, 3, 1, 3, 3, 3, 3, 2, 3, 3, 3, 3, 3, 3, 3]
231.000000	-6636.612528
#[3, 3, 3, 3, 3, 3, 3, 3, 3, 2, 3, 3, 3, 3, 3, 3]
241.000000	-5118.915345
#[3, 3, 2, 3, 3, 3, 3, 3, 3, 3, 3, 3, 3, 3, 3, 3]
241.000000	-5115.713515
#[1, 3, 3, 3, 3, 3, 3, 3, 3, 3, 3, 3, 3, 1, 3, 3]
241.000000	-5218.523875
#[3, 3, 3, 3, 3, 3, 3, 3, 3, 3, 3, 3, 3, 2, 3, 3]
241.000000	-5118.111162
#[3, 3, 3, 3, 3, 3, 3, 3, 3, 0, 3, 3, 3, 3, 3, 3]
241.000000	-5123.662619
#[3, 3, 3, 3, 1, 3, 3, 3, 3, 3, 3, 3, 3, 3, 3, 3]
241.000000	-5128.760339
#[3, 3, 3, 3, 3, 3, 3, 3, 3, 3, 3, 2, 3, 3, 3, 3]
241.000000	-5125.215262
#[3, 3, 3, 0, 3, 3, 3, 3, 0, 3, 3, 3, 3, 3, 3, 3]
241.000000	-5125.907233
#[3, 3, 3, 3, 3, 3, 3, 3, 3, 3, 3, 3, 3, 3, 0, 3]
241.000000	-5142.608358
#[1, 3, 2, 3, 3, 3, 2, 3, 3, 3, 3, 3, 3, 3, 3, 3]
241.000000	-5238.347204
#[3, 3, 0, 3, 3, 3, 3, 3, 3, 3, 0, 3, 3, 3, 3, 3]
251.000000	-5134.680599
#[1, 3, 3, 3, 3, 3, 2, 3, 3, 3, 3, 3, 3, 3, 3, 3]
251.000000	-5225.475900
#[3, 3, 0, 3, 3, 3, 3, 3, 3, 3, 3, 3, 3, 3, 3, 3]
251.000000	-5118.718320
#[3, 3, 3, 2, 3, 3, 0, 3, 3, 3, 3, 3, 3, 3, 3, 3]
251.000000	-5127.133791
#[0, 3, 3, 3, 3, 3, 3, 3, 3, 3, 3, 3, 3, 0, 0, 3]
251.000000	-5334.824456
#[3, 3, 3, 3, 3, 3, 3, 3, 3, 3, 1, 3, 3, 3, 3, 3]
251.000000	-5124.789846
#[3, 3, 3, 3, 3, 0, 3, 0, 3, 3, 3, 3, 0, 3, 3, 3]
251.000000	-7141.771196
#[3, 1, 3, 3, 3, 3, 3, 3, 3, 0, 3, 3, 3, 3, 3, 3]
251.000000	-5145.951146
#[3, 3, 3, 3, 3, 3, 1, 3, 3, 3, 2, 3, 3, 3, 3, 3]
251.000000	-5129.130737
#[3, 3, 3, 2, 3, 3, 3, 3, 3, 3, 3, 2, 3, 3, 3, 3]
251.000000	-5127.769376
#[3, 3, 3, 3, 3, 3, 3, 3, 3, 3, 3, 3, 3, 3, 2, 3]
261.000000	-5125.215262
#[3, 3, 3, 3, 3, 0, 3, 3, 3, 3, 3, 3, 3, 3, 3, 3]
261.000000	-5127.603788
#[3, 3, 3, 3, 3, 3, 3, 1, 3, 3, 3, 3, 3, 3, 3, 3]
261.000000	-5128.054346
#[3, 3, 3, 3, 3, 3, 2, 0, 3, 3, 2, 3, 3, 3, 3, 3]
261.000000	-5135.509900
#[3, 3, 3, 3, 3, 3, 3, 3, 3, 3, 3, 3, 0, 3, 3, 0]
261.000000	-16889.681653
#[3, 3, 3, 3, 3, 0, 3, 3, 3, 3, 3, 3, 3, 3, 1, 3]
261.000000	-5147.563276
#[3, 0, 3, 3, 3, 3, 3, 3, 3, 3, 3, 3, 3, 3, 3, 3]
261.000000	-5128.760339
#[0, 3, 3, 3, 3, 3, 3, 3, 3, 3, 3, 3, 3, 3, 3, 3]
261.000000	-5217.076366
#[3, 3, 3, 3, 3, 3, 1, 3, 3, 3, 3, 3, 3, 3, 3, 3]
261.000000	-5123.662619
#[3, 2, 3, 3, 3, 3, 3, 3, 3, 3, 3, 3, 3, 3, 3, 3]
261.000000	-5122.708886
#[1, 3, 3, 3, 3, 3, 3, 3, 3, 0, 3, 3, 3, 3, 3, 3]
271.000000	-5219.460246
#[3, 3, 3, 3, 3, 3, 3, 3, 3, 1, 3, 3, 3, 3, 3, 3]
271.000000	-5123.488302
#[3, 3, 3, 3, 3, 3, 3, 3, 3, 3, 0, 3, 3, 3, 3, 3]
271.000000	-5124.789846
#[3, 3, 3, 3, 0, 3, 3, 3, 3, 3, 3, 3, 3, 3, 3, 1]
271.000000	-15934.219151
#[2, 3, 3, 3, 3, 3, 3, 3, 3, 3, 3, 3, 3, 3, 3, 3]
271.000000	-5163.101379
#[3, 3, 3, 2, 3, 3, 3, 3, 3, 3, 3, 0, 3, 3, 3, 3]
271.000000	-5130.720264
#[3, 3, 3, 3, 3, 3, 3, 3, 3, 3, 3, 3, 0, 3, 3, 3]
271.000000	-6629.836316
#[3, 3, 3, 3, 3, 3, 3, 3, 3, 3, 3, 3, 3, 0, 3, 3]
271.000000	-5128.054346
#[1, 3, 3, 0, 3, 3, 3, 3, 3, 3, 3, 3, 3, 3, 3, 3]
271.000000	-5235.481925
#[0, 2, 3, 3, 3, 3, 3, 3, 3, 3, 3, 3, 3, 3, 3, 3]
271.000000	-5217.804514
#[3, 3, 3, 3, 3, 3, 2, 3, 3, 3, 0, 3, 3, 3, 3, 3]
281.000000	-5129.529858
#[3, 3, 3, 3, 3, 3, 0, 3, 3, 2, 3, 0, 3, 3, 3, 3]
281.000000	-5144.538957
#[3, 3, 3, 1, 3, 3, 3, 3, 3, 3, 3, 3, 3, 3, 3, 3]
281.000000	-6629.836316
#[3, 3, 3, 3, 3, 3, 3, 3, 3, 3, 3, 0, 3, 3, 3, 2]
281.000000	-23622.235967
#[3, 3, 3, 3, 3, 1, 3, 3, 3, 3, 3, 3, 3, 3, 3, 3]
281.000000	-5127.603788
#[3, 3, 3, 3, 3, 3, 3, 3, 3, 3, 3, 3, 3, 1, 0, 3]
281.000000	-5141.762877
#[3, 3, 3, 3, 2, 3, 3, 3, 3, 3, 3, 3, 3, 3, 3, 3]
281.000000	-5122.708886
#[3, 3, 3, 3, 3, 3, 0, 3, 3, 3, 3, 3, 3, 3, 3, 3]
281.000000	-5123.488302
#[1, 3, 3, 3, 3, 3, 3, 3, 3, 3, 3, 3, 3, 3, 2, 3]
281.000000	-5221.075343
#[3, 3, 3, 3, 2, 2, 3, 0, 3, 3, 3, 1, 3, 3, 3, 3]
281.000000	-5159.762438
#[3, 3, 3, 3, 3, 2, 3, 3, 3, 3, 1, 3, 3, 3, 3, 3]
291.000000	-5130.745967
#[1, 3, 3, 3, 3, 3, 3, 3, 3, 2, 3, 3, 3, 3, 3, 3]
291.000000	-5218.578935
#[3, 3, 3, 3, 3, 3, 3, 0, 3, 3, 3, 3, 3, 3, 3, 3]
291.000000	-5120.117843
#[3, 3, 3, 3, 1, 3, 3, 3, 2, 3, 3, 3, 3, 2, 3, 3]
291.000000	-5132.463369
#[3, 3, 1, 3, 3, 3, 3, 3, 3, 3, 3, 3, 3, 3, 3, 3]
291.000000	-5121.509986
#[3, 3, 3, 3, 3, 3, 0, 3, 3, 0, 3, 3, 3, 3, 3, 3]
291.000000	-5140.427858
#[3, 3, 1, 3, 3, 3, 3, 3, 3, 3, 1, 3, 3, 3, 3, 3]
291.000000	-5135.628218
#[3, 3, 3, 3, 3, 3, 3, 3, 3, 3, 3, 3, 3, 3, 1, 3]
291.000000	-5128.452374
#[3, 3, 3, 3, 3, 3, 3, 3, 3, 3, 3, 3, 3, 3, 3, 0]
291.000000	-15916.618598
#[3, 3, 3, 3, 3, 1, 3, 3, 3, 3, 3, 0, 3, 3, 3, 3]
291.000000	-5147.563276
#[3, 3, 3, 3, 3, 3, 3, 3, 3, 3, 2, 3, 3, 3, 3, 3]
301.000000	-5119.750713
#[3, 3, 3, 3, 0, 3, 3, 3, 3, 3, 3, 3, 3, 3, 3, 3]
301.000000	-5134.254987
#[3, 3, 3, 3, 3, 3, 3, 3, 3, 3, 3, 1, 3, 3, 3, 3]
301.000000	-5142.608358
#[3, 3, 3, 3, 3, 2, 3, 3, 3, 3, 3, 3, 3, 3, 3, 3]
301.000000	-5121.687018
#[3, 3, 3, 3, 3, 3, 3, 0, 3, 3, 3, 3, 3, 0, 3, 3]
301.000000	-5139.234886
#[0, 3, 3, 3, 3, 3, 3, 3, 3, 2, 3, 3, 3, 3, 3, 3]
301.000000	-5225.475900
#[3, 3, 3, 3, 3, 1, 3, 3, 3, 3, 3, 3, 3, 3, 3, 1]
301.000000	-15928.678289
#[3, 3, 0, 3, 3, 3, 3, 3, 3, 3, 3, 3, 3, 3, 3, 1]
301.000000	-15924.719251
#[3, 3, 3, 3, 3, 3, 3, 3, 3, 3, 3, 3, 3, 3, 3, 1]
301.000000	-15916.618598
#[3, 3, 3, 3, 3, 3, 2, 3, 3, 3, 3, 3, 3, 3, 3, 3]
301.000000	-5118.915345
#[1, 3, 3, 3, 3, 3, 3, 3, 3, 3, 3, 1, 3, 3, 3, 3]
311.000000	-5274.438849
#[3, 3, 3, 3, 3, 2, 3, 3, 3, 3, 1, 3, 3, 3, 2, 3]
311.000000	-5141.171580
#[3, 3, 3, 3, 2, 3, 3, 3, 1, 3, 3, 3, 3, 3, 3, 3]
311.000000	-5127.826477
#[3, 3, 3, 1, 3, 3, 3, 3, 3, 3, 3, 2, 3, 3, 3, 3]
311.000000	-6643.505638
#[3, 3, 3, 3, 2, 3, 3, 3, 3, 2, 3, 3, 3, 3, 3, 3]
311.000000	-5128.511891
#[3, 3, 3, 3, 3, 3, 3, 3, 3, 3, 3, 2, 3, 3, 3, 2]
311.000000	-23629.032605
#[3, 1, 3, 3, 3, 3, 0, 3, 3, 3, 3, 3, 3, 3, 3, 3]
311.000000	-5141.154126
#[3, 0, 3, 3, 3, 3, 3, 1, 3, 3, 3, 3, 3, 3, 3, 3]
311.000000	-5138.255598
#[3, 3, 3, 3, 3, 3, 0, 3, 3, 2, 3, 3, 3, 3, 3, 3]
311.000000	-5134.963455
#[3, 1, 3, 3, 3, 3, 3, 3, 3, 3, 3, 3, 3, 3, 3, 3]
311.000000	-5134.254987
#[3, 1, 3, 3, 3, 3, 3, 3, 3, 3, 3, 2, 3, 3, 3, 3]
321.000000	-5150.871559
#[3, 3, 2, 3, 3, 3, 3, 3, 3, 3, 2, 3, 1, 3, 3, 3]
321.000000	-5130.443719
#[3, 3, 3, 3, 3, 3, 3, 3, 1, 3, 3, 1, 2, 3, 3, 3]
321.000000	-5154.643423
#[3, 3, 3, 3, 3, 3, 3, 3, 3, 3, 3, 3, 2, 3, 3, 3]
321.000000	-5112.582792
#[3, 3, 3, 3, 3, 3, 3, 3, 2, 3, 3, 3, 3, 3, 1, 3]
321.000000	-5132.976754
#[3, 3, 3, 3, 3, 3, 3, 3, 3, 3, 3, 3, 3, 3, 3, 2]
321.000000	-23617.467585
#[3, 3, 3, 2, 3, 3, 3, 3, 3, 3, 3, 3, 0, 3, 3, 3]
321.000000	-6633.481805
#[3, 0, 3, 1, 3, 2, 3, 3, 3, 3, 3, 3, 3, 3, 3, 3]
321.000000	-5822.408366
#[3, 3, 3, 3, 0, 3, 3, 3, 3, 0, 3, 3, 3, 3, 2, 3]
321.000000	-5156.467581
#[2, 1, 3, 3, 3, 3, 3, 3, 3, 3, 3, 3, 0, 3, 3, 3]
321.000000	-6498.852150
#[3, 2, 3, 3, 3, 3, 3, 3, 2, 3, 3, 3, 3, 3, 3, 3]
331.000000	-5129.485098
#[3, 3, 3, 3, 3, 0, 3, 3, 3, 3, 3, 3, 2, 3, 3, 3]
331.000000	-5132.417166
#[3, 3, 3, 3, 1, 3, 3, 3, 3, 3, 3, 3, 3, 3, 3, 0]
331.000000	-15932.332488
#[3, 2, 3, 3, 0, 3, 3, 3, 3, 3, 3, 3, 3, 3, 3, 3]
331.000000	-5148.026570
#[3, 3, 3, 3, 3, 1, 3, 3, 3, 3, 0, 2, 3, 3, 3, 3]
331.000000	-5149.089356
#[3, 3, 3, 3, 3, 3, 1, 3, 3, 3, 3, 3, 3, 3, 3, 2]
331.000000	-23621.613877
#[3, 3, 3, 3, 3, 3, 3, 2, 3, 3, 0, 3, 3, 3, 3, 3]
331.000000	-5133.963705
#[3, 3, 3, 3, 3, 3, 3, 3, 3, 3, 3, 3, 2, 3, 1, 3]
331.000000	-5130.720264
#[3, 3, 3, 2, 3, 0, 3, 3, 2, 3, 3, 3, 3, 3, 3, 3]
331.000000	-5139.898813
#[3, 3, 3, 3, 3, 3, 3, 1, 3, 3, 3, 1, 3, 2, 3, 3]
331.000000	-5181.599032
#[3, 3, 3, 3, 3, 3, 3, 3, 3, 3, 3, 3, 3, 1, 3, 3]
341.000000	-5120.117843
#[3, 1, 3, 3, 1, 3, 3, 3, 3, 3, 3, 3, 3, 3, 3, 3]
341.000000	-5158.463354
#[1, 3, 3, 3, 3, 3, 3, 3, 3, 3, 3, 3, 3, 3, 3, 3]
341.000000	-5217.076366
#[0, 1, 3, 3, 3, 3, 3, 3, 3, 3, 3, 3, 3, 3, 3, 3]
341.000000	-5219.006361
#[3, 3, 3, 3, 3, 3, 3, 3, 3, 3, 1, 3, 3, 3, 2, 3]
341.000000	-5135.050212
#[3, 3, 3, 3, 3, 0, 3, 3, 3, 3, 3, 0, 3, 3, 3, 3]
341.000000	-5141.015909
#[3, 0, 3, 3, 1, 3, 3, 3, 3, 3, 3, 3, 3, 3, 3, 3]
341.000000	-5156.686587
#[3, 3, 3, 3, 3, 3, 1, 3, 3, 3, 3, 3, 2, 3, 3, 3]
341.000000	-5127.308108
#[3, 3, 3, 3, 3, 0, 3, 3, 3, 3, 2, 3, 3, 3, 3, 3]
341.000000	-5132.463118
#[3, 0, 3, 3, 3, 3, 1, 3, 3, 3, 3, 3, 3, 3, 3, 3]
341.000000	-5136.430815
#[3, 3, 3, 2, 3, 3, 3, 3, 3, 3, 3, 3, 3, 3, 3, 3]
351.000000	-5112.582792
#[3, 3, 3, 3, 3, 3, 2, 3, 3, 1, 3, 1, 3, 3, 3, 3]
351.000000	-5163.691438
#[3, 3, 3, 0, 3, 3, 3, 3, 3, 1, 3, 3, 3, 3, 3, 3]
351.000000	-5127.885549
#[3, 3, 0, 3, 3, 0, 3, 3, 3, 3, 3, 3, 3, 3, 3, 3]
351.000000	-5138.938815
#[3, 3, 3, 3, 3, 2, 3, 1, 3, 3, 3, 3, 3, 2, 3, 3]
351.000000	-5146.412339
#[3, 2, 3, 3, 3, 3, 3, 3, 3, 3, 3, 3, 3, 3, 0, 3]
351.000000	-5154.783279
#[3, 3, 3, 3, 3, 3, 3, 3, 3, 0, 0, 3, 3, 3, 3, 3]
351.000000	-5132.259984
#[0, 3, 3, 3, 3, 3, 3, 3, 3, 0, 3, 3, 3, 3, 3, 3]
351.000000	-5229.279599
#[3, 3, 3, 3, 3, 3, 3, 3, 3, 3, 3, 3, 2, 1, 3, 3]
351.000000	-5121.504484
#[3, 3, 3, 3, 3, 3, 3, 2, 3, 3, 3, 3, 3, 3, 3, 3]
351.000000	-5118.111162
#[2, 3, 2, 3, 3, 3, 3, 3, 3, 3, 3, 3, 3, 3, 3, 3]
361.000000	-5167.258912
#[3, 3, 3, 3, 3, 3, 3, 3, 3, 3, 3, 0, 3, 3, 3, 3]
361.000000	-5128.452374
#[3, 3, 3, 3, 3, 2, 2, 3, 3, 3, 3, 3, 3, 3, 3, 3]
361.000000	-5127.316754
#[3, 3, 3, 3, 3, 3, 3, 3, 1, 3, 3, 2, 3, 0, 3, 3]
361.000000	-5147.565075
#[3, 3, 3, 3, 3, 3, 3, 3, 0, 0, 3, 3, 3, 3, 3, 3]
361.000000	-5134.388574
#[3, 3, 1, 3, 3, 3, 3, 2, 3, 3, 3, 3, 3, 3, 3, 3]
361.000000	-5129.305059
#[0, 3, 3, 2, 3, 3, 3, 3, 3, 3, 3, 3, 3, 3, 3, 3]
361.000000	-5217.360605
#[3, 2, 3, 3, 2, 3, 3, 3, 3, 3, 3, 3, 3, 3, 3, 3]
361.000000	-5136.480470
#[3, 3, 3, 3, 3, 3, 3, 0, 3, 1, 3, 0, 3, 3, 3, 3]
361.000000	-5147.203309
#[3, 3, 3, 3, 2, 0, 3, 3, 3, 3, 3, 3, 3, 3, 3, 3]
361.000000	-5136.779506
#[3, 1, 3, 3, 3, 3, 3, 3, 3, 3, 3, 3, 0, 3, 3, 3]
371.000000	-6655.154000
#[3, 3, 3, 2, 2, 3, 3, 3, 3, 3, 3, 3, 3, 3, 0, 3]
371.000000	-5156.216762
#[3, 3, 3, 3, 0, 3, 3, 3, 3, 3, 3, 3, 3, 3, 2, 3]
371.000000	-5150.871559
#[3, 3, 3, 3, 3, 2, 3, 1, 3, 3, 3, 3, 3, 3, 3, 3]
371.000000	-5138.513045
#[3, 3, 3, 3, 3, 3, 0, 3, 3, 3, 3, 3, 3, 3, 2, 3]
371.000000	-5140.978345
#[3, 3, 3, 3, 3, 3, 3, 3, 1, 0, 2, 3, 3, 3, 3, 3]
371.000000	-5139.503508
#[3, 3, 3, 3, 3, 3, 3, 3, 3, 2, 3, 3, 3, 3, 0, 3]
371.000000	-5145.735827
#[3, 3, 3, 3, 3, 3, 3, 3, 3, 3, 3, 1, 3, 1, 3, 3]
371.000000	-5155.774962
#[3, 2, 2, 3, 3, 2, 3, 3, 3, 3, 3, 3, 3, 0, 3, 3]
371.000000	-5150.546338
#[3, 3, 3, 2, 3, 3, 3, 2, 3, 3, 3, 3, 3, 3, 3, 3]
371.000000	-5120.111422
#[3, 3, 3, 0, 3, 3, 3, 3, 3, 3, 3, 3, 3, 3, 3, 3]
381.000000	-5113.334550
#[3, 3, 3, 1, 3, 3, 0, 3, 3, 3, 3, 3, 3, 3, 3, 3]
381.000000	-6644.387315
#[3, 3, 3, 3, 3, 0, 3, 2, 3, 3, 3, 3, 3, 3, 3, 3]
381.000000	-5134.505059
#[3, 3, 3, 3, 0, 3, 3, 3, 3, 0, 3, 3, 3, 3, 3, 3]
381.000000	-5140.850094
#[3, 3, 0, 3, 1, 3, 3, 3, 3, 3, 3, 3, 3, 3, 1, 3]
381.000000	-5154.302221
#[3, 0, 2, 3, 3, 2, 3, 3, 3, 3, 3, 3, 3, 3, 0, 3]
381.000000	-5173.413510
#[3, 0, 3, 0, 3, 2, 3, 3, 3, 3, 3, 3, 3, 3, 3, 3]
381.000000	-5138.143741
#[3, 3, 3, 2, 3, 3, 3, 3, 3, 3, 0, 3, 3, 3, 3, 3]
381.000000	-5128.435335
#[0, 3, 3, 3, 3, 3, 0, 3, 3, 3, 3, 3, 3, 3, 3, 3]
381.000000	-5219.327504
#[3, 3, 3, 3, 3, 3, 3, 3, 3, 3, 3, 3, 1, 3, 3, 3]
381.000000	-5113.334550
#[0, 3, 3, 3, 3, 3, 3, 3, 3, 3, 3, 3, 3, 3, 3, 1]
391.000000	-16005.064829
#[3, 3, 3, 3, 3, 3, 3, 2, 3, 3, 3, 3, 3, 3, 0, 3]
391.000000	-5151.782217
#[3, 3, 3, 2, 3, 3, 3, 3, 3, 3, 3, 3, 3, 0, 3, 3]
391.000000	-5131.699835
#[2, 3, 3, 0, 3, 3, 3, 3, 3, 3, 1, 3, 3, 1, 3, 3]
391.000000	-5191.726278
#[3, 3, 3, 1, 3, 3, 3, 3, 3, 3, 2, 3, 3, 3, 3, 3]
391.000000	-6640.649727
#[3, 3, 3, 1, 3, 3, 3, 3, 2, 3, 3, 3, 3, 3, 3, 1]
391.000000	-16895.614517
#[3, 3, 3, 3, 3, 3, 3, 2, 2, 3, 3, 3, 3, 3, 3, 3]
391.000000	-5124.887374
#[3, 2, 3, 3, 3, 3, 3, 3, 1, 3, 3, 3, 3, 3, 3, 3]
391.000000	-5132.489903
#[3, 3, 3, 3, 3, 3, 3, 3, 3, 3, 3, 3, 3, 2, 3, 2]
391.000000	-23623.635931
#[3, 3, 3, 3, 3, 3, 3, 3, 1, 3, 3, 3, 3, 3, 0, 3]
391.000000	-5146.793253
#[3, 3, 3, 3, 3, 1, 0, 3, 3, 3, 3, 3, 3, 3, 3, 3]
401.000000	-5139.145279
#[3, 3, 3, 2, 3, 3, 3, 3, 3, 3, 3, 3, 3, 3, 3, 0]
401.000000	-15919.807956
#[3, 3, 2, 3, 3, 3, 3, 3, 3, 3, 3, 3, 3, 3, 1, 3]
401.000000	-5134.959882
#[3, 3, 3, 3, 3, 3, 1, 3, 3, 1, 0, 3, 3, 3, 3, 3]
401.000000	-5145.098191
#[3, 3, 3, 3, 3, 0, 3, 3, 1, 3, 3, 3, 3, 3, 3, 3]
401.000000	-5142.918276
#[3, 3, 2, 3, 3, 3, 1, 3, 3, 3, 3, 3, 3, 3, 3, 3]
401.000000	-5128.012401
#[3, 3, 3, 3, 3, 3, 3, 3, 3, 3, 3, 3, 1, 3, 3, 2]
401.000000	-23621.013340
#[1, 3, 3, 3, 3, 3, 3, 3, 3, 3, 3, 3, 2, 3, 3, 3]
401.000000	-5217.360605
#[3, 3, 3, 3, 3, 3, 3, 3, 3, 1, 3, 3, 3, 3, 3, 0]
401.000000	-15926.237475
#[1, 3, 3, 3, 3, 3, 3, 3, 3, 3, 3, 0, 3, 3, 3, 3]
401.000000	-5249.942450
#[3, 3, 3, 3, 3, 3, 3, 3, 3, 1, 3, 0, 3, 3, 3, 3]
411.000000	-5144.244102
#[3, 3, 3, 3, 3, 3, 3, 3, 3, 2, 3, 0, 3, 3, 3, 3]
411.000000	-5136.874967
#[3, 3, 3, 3, 3, 2, 3, 3, 3, 2, 3, 3, 3, 3, 3, 3]
411.000000	-5127.316754
#[2, 3, 1, 3, 3, 3, 3, 3, 3, 3, 3, 3, 3, 3, 3, 3]
411.000000	-5171.025897
#[3, 3, 3, 3, 3, 0, 3, 3, 3, 3, 3, 3, 3, 3, 0, 3]
411.000000	-5163.290467
#[2, 3, 3, 3, 3, 3, 3, 3, 2, 3, 3, 2, 3, 3, 2, 3]
411.000000	-5196.458943
#[3, 3, 3, 3, 1, 3, 0, 3, 3, 3, 3, 3, 3, 3, 3, 3]
411.000000	-5144.130468
#[3, 3, 3, 3, 2, 3, 3, 3, 3, 3, 1, 3, 3, 3, 3, 3]
411.000000	-5135.265946
#[3, 3, 3, 3, 3, 2, 0, 3, 3, 3, 3, 0, 3, 3, 3, 3]
411.000000	-5142.149327
#[3, 1, 3, 1, 3, 3, 3, 3, 1, 3, 3, 3, 3, 3, 3, 3]
411.000000	-8884.931901
#[3, 3, 3, 3, 3, 3, 3, 3, 3, 3, 3, 3, 1, 1, 3, 3]
421.000000	-5121.215141
#[3, 3, 2, 3, 3, 3, 3, 3, 3, 3, 3, 0, 3, 3, 3, 3]
421.000000	-5132.976754
#[3, 2, 3, 3, 3, 3, 3, 3, 3, 3, 3, 3, 2, 3, 3, 3]
421.000000	-5126.354375
#[3, 3, 3, 1, 3, 3, 3, 3, 3, 3, 0, 3, 3, 3, 3, 3]
421.000000	-6645.688859
#[3, 3, 3, 3, 3, 3, 3, 3, 0, 3, 3, 2, 3, 3, 3, 3]
421.000000	-5137.368303
#[3, 1, 3, 3, 3, 3, 3, 3, 2, 3, 3, 3, 3, 2, 3, 3]
421.000000	-5147.004176
#[3, 2, 3, 3, 3, 3, 3, 3, 3, 3, 3, 2, 3, 3, 3, 3]
421.000000	-5136.912811
#[3, 3, 3, 0, 3, 3, 3, 0, 3, 3, 3, 3, 3, 3, 3, 0]
421.000000	-15925.405163
#[3, 0, 3, 2, 3, 3, 3, 3, 3, 3, 3, 3, 3, 3, 3, 3]
421.000000	-5129.480015
#[3, 3, 3, 3, 3, 3, 3, 3, 3, 3, 3, 2, 0, 3, 3, 3]
421.000000	-6646.114276
#[3, 3, 3, 3, 3, 3, 3, 3, 3, 1, 3, 3, 3, 3, 2, 3]
431.000000	-5132.800846
#[3, 3, 3, 3, 3, 3, 3, 3, 3, 0, 3, 1, 3, 3, 2, 3]
431.000000	-5167.334396
#[3, 3, 1, 3, 3, 3, 3, 3, 3, 3, 3, 2, 3, 3, 3, 3]
431.000000	-5136.583020
#[3, 3, 3, 3, 3, 3, 3, 3, 3, 0, 3, 2, 3, 3, 3, 3]
431.000000	-5137.955454
#[3, 3, 0, 3, 3, 3, 3, 3, 3, 3, 2, 3, 3, 3, 3, 3]
431.000000	-5129.628845
#[3, 3, 3, 3, 3, 3, 2, 3, 3, 3, 3, 3, 3, 3, 0, 3]
431.000000	-5150.591842
#[3, 3, 3, 3, 0, 3, 3, 3, 3, 3, 3, 3, 3, 1, 3, 3]
431.000000	-5146.927367
#[3, 3, 3, 2, 3, 3, 3, 3, 3, 3, 3, 3, 3, 3, 3, 1]
431.000000	-15919.813392
#[3, 3, 1, 3, 3, 3, 3, 3, 3, 3, 3, 3, 3, 2, 3, 3]
431.000000	-5130.683845
#[3, 3, 3, 3, 3, 3, 3, 0, 3, 0, 3, 3, 3, 3, 3, 3]
431.000000	-5134.843159
#[3, 3, 3, 3, 3, 0, 3, 1, 3, 3, 3, 3, 3, 3, 3, 3]
441.000000	-5142.690773
#[3, 3, 0, 3, 3, 3, 3, 3, 3, 3, 3, 3, 3, 2, 3, 3]
441.000000	-5128.133170
#[3, 3, 3, 2, 1, 3, 3, 3, 3, 3, 3, 3, 3, 3, 3, 3]
441.000000	-5132.882077
#[3, 3, 0, 3, 3, 3, 3, 3, 3, 3, 3, 1, 3, 3, 3, 3]
441.000000	-5146.793253
#[3, 3, 0, 0, 3, 3, 3, 3, 3, 3, 3, 3, 3, 3, 3, 3]
441.000000	-5119.060078
#[3, 3, 3, 3, 3, 3, 3, 3, 2, 3, 3, 3, 3, 3, 3, 2]
441.000000	-23623.088633
#[3, 3, 1, 3, 3, 3, 3, 3, 3, 3, 3, 3, 3, 3, 3, 2]
441.000000	-23622.630671
#[2, 3, 3, 3, 3, 3, 3, 3, 3, 3, 1, 3, 3, 3, 3, 3]
441.000000	-5176.063772
#[3, 3, 3, 3, 1, 3, 3, 3, 3, 3, 2, 3, 3, 3, 3, 3]
441.000000	-5137.949861
#[3, 3, 3, 3, 3, 3, 3, 2, 3, 3, 3, 3, 3, 3, 3, 0]
441.000000	-15923.482019
#[3, 3, 3, 2, 3, 3, 3, 3, 3, 3, 3, 1, 3, 3, 3, 3]
451.000000	-5144.338064
#[3, 0, 2, 3, 3, 3, 3, 3, 3, 3, 3, 3, 3, 1, 3, 3]
451.000000	-5142.459403
#[3, 3, 3, 3, 3, 0, 0, 3, 3, 1, 3, 3, 3, 3, 3, 3]
451.000000	-5148.457930
#[3, 3, 3, 3, 3, 3, 3, 3, 3, 3, 0, 3, 3, 3, 2, 3]
451.000000	-5139.452249
#[3, 3, 1, 3, 3, 3, 3, 3, 3, 3, 3, 3, 3, 1, 3, 3]
451.000000	-5132.690526
#[1, 3, 3, 3, 3, 3, 3, 3, 3, 3, 3, 3, 3, 3, 3, 2]
451.000000	-23691.578039
#[3, 3, 3, 3, 3, 3, 3, 3, 2, 3, 3, 3, 3, 1, 1, 3]
451.000000	-5135.032910
#[2, 3, 2, 3, 3, 3, 3, 3, 3, 3, 3, 3, 3, 1, 2, 3]
451.000000	-5185.847285
#[3, 2, 3, 3, 3, 3, 3, 3, 3, 3, 3, 0, 3, 3, 3, 3]
451.000000	-5139.561575
#[3, 3, 3, 3, 3, 3, 3, 3, 3, 3, 2, 3, 3, 3, 1, 3]
451.000000	-5136.129837
