#[2, 1, 0, 1, 2, 3, 1, 2, 2, 3, 2, 0, 3, 0, 1, 1]
1.000000	-352.692450
#[2, 1, 0, 1, 2, 3, 3, 2, 2, 3, 2, 2, 3, 0, 1, 1]
11.000000	-18608.433497
#[2, 1, 0, 2, 2, 3, 1, 2, 2, 0, 2, 0, 3, 0, 1, 1]
11.000000	-33.008961
#[0, 1, 0, 1, 2, 3, 1, 2, 3, 3, 2, 0, 3, 0, 1, 1]
11.000000	-214.407945
#[2, 1, 0, 1, 2, 3, 1, 2, 2, 3, 2, 0, 3, 0, 1, 3]
11.000000	-26330.304179
#[2, 1, 0, 1, 2, 3, 1, 1, 2, 3, 2, 0, 3, 0, 1, 1]
11.000000	-1071.271575
#[2, 1, 0, 1, 2, 3, 1, 2, 2, 3, 2, 1, 3, 0, 1, 1]
11.000000	-17743.545529
#[2, 1, 0, 1, 2, 3, 1, 2, 2, 3, 2, 2, 3, 0, 1, 1]
11.000000	-17744.375044
#[2, 1, 0, 1, 2, 3, 1, 2, 2, 3, 2, 0, 3, 1, 1, 1]
11.000000	-340.624159
#[2, 1, 0, 1, 2, 3, 0, 2, 2, 3, 2, 0, 2, 1, 1, 1]
11.000000	-143.074649
#[2, 2, 0, 1, 2, 3, 1, 2, 2, 3, 2, 0, 3, 0, 1, 1]
11.000000	-828.495046
#[2, 1, 0, 2, 2, 3, 1, 2, 2, 0, 2, 0, 3, 0, 2, 1]
21.000000	-2051.969407
#[2, 1, 0, 2, 2, 3, 1, 2, 2, 3, 2, 0, 3, 0, 1, 1]
21.000000	-23.178840
#[2, 1, 0, 3, 2, 3, 1, 2, 2, 0, 2, 0, 3, 3, 1, 1]
21.000000	-18.591597
#[2, 3, 0, 2, 2, 3, 1, 2, 2, 0, 2, 0, 3, 2, 1, 1]
21.000000	-30.798827
#[2, 1, 0, 2, 2, 3, 1, 2, 2, 0, 2, 0, 3, 3, 1, 1]
21.000000	-18.166539
#[2, 2, 0, 2, 2, 3, 1, 2, 2, 0, 2, 0, 3, 0, 1, 1]
21.000000	-55.460718
#[2, 1, 0, 2, 2, 3, 1, 2, 2, 0, 2, 3, 3, 0, 1, 1]
21.000000	-19898.053675
#[2, 1, 0, 2, 2, 3, 1, 2, 2, 1, 2, 0, 3, 0, 1, 1]
21.000000	-19.006156
#[2, 1, 0, 2, 0, 3, 1, 2, 2, 0, 2, 3, 3, 0, 1, 1]
21.000000	-20267.918523
#[3, 1, 0, 2, 2, 3, 1, 2, 2, 0, 1, 0, 3, 0, 1, 1]
21.000000	-49.566497
#[2, 1, 0, 2, 2, 3, 1, 2, 2, 0, 2, 0, 3, 3, 1, 2]
31.000000	-26467.166101
#[2, 1, 0, 2, 2, 2, 1, 2, 2, 0, 2, 0, 3, 3, 1, 1]
31.000000	-18.846494
#[2, 1, 0, 2, 2, 3, 3, 2, 2, 0, 2, 0, 3, 3, 1, 1]
31.000000	-18.865095
#[2, 1, 0, 2, 2, 3, 1, 0, 2, 0, 2, 0, 3, 3, 1, 1]
31.000000	-18.348409
#[2, 1, 0, 2, 2, 3, 1, 2, 2, 0, 2, 0, 3, 3, 1, 0]
31.000000	-16.578410
#[2, 1, 0, 2, 2, 3, 1, 2, 2, 1, 2, 0, 3, 3, 1, 1]
31.000000	-12.512019
#[2, 1, 0, 2, 2, 3, 1, 2, 2, 0, 2, 3, 3, 3, 1, 1]
31.000000	-19919.397879
#[2, 1, 3, 0, 2, 3, 1, 2, 2, 0, 2, 0, 3, 3, 1, 1]
31.000000	-46.225234
#[2, 1, 0, 2, 2, 3, 2, 2, 2, 3, 2, 0, 3, 3, 1, 1]
31.000000	-13.197768
#[2, 1, 0, 2, 3, 3, 1, 2, 2, 0, 2, 0, 3, 3, 1, 1]
31.000000	-15.736113
#[2, 1, 0, 2, 2, 3, 1, 3, 2, 1, 2, 0, 3, 3, 1, 1]
41.000000	-16.603284
#[2, 1, 0, 2, 2, 3, 1, 2, 2, 2, 2, 0, 3, 3, 1, 1]
41.000000	-12.045994
#[2, 1, 0, 2, 2, 3, 1, 2, 0, 1, 2, 0, 3, 3, 1, 1]
41.000000	-21.249910
#[2, 1, 0, 1, 2, 3, 1, 2, 2, 1, 2, 0, 3, 3, 1, 1]
41.000000	-859.161841
#[2, 1, 0, 2, 2, 3, 1, 2, 0, 1, 2, 1, 3, 3, 1, 1]
41.000000	-17340.395403
#[2, 1, 0, 2, 1, 3, 1, 2, 2, 1, 0, 0, 2, 3, 1, 1]
41.000000	-59.537842
#[2, 1, 0, 2, 2, 3, 1, 2, 2, 3, 3, 0, 3, 3, 1, 1]
41.000000	-7060.408016
#[1, 1, 0, 2, 2, 3, 1, 2, 2, 1, 2, 0, 3, 3, 1, 1]
41.000000	-1.587026
#[2, 1, 0, 2, 2, 3, 1, 1, 2, 2, 2, 0, 3, 3, 1, 1]
41.000000	-1061.959594
#[2, 1, 0, 2, 2, 3, 1, 2, 2, 1, 2, 0, 2, 3, 1, 1]
41.000000	-13.389347
#[1, 1, 0, 2, 2, 0, 1, 2, 2, 1, 2, 1, 3, 3, 1, 1]
51.000000	-2422.180778
#[1, 1, 0, 2, 2, 2, 1, 2, 2, 3, 3, 0, 3, 3, 1, 1]
51.000000	-1009.662430
#[1, 1, 0, 2, 2, 3, 1, 2, 2, 1, 2, 0, 3, 3, 1, 3]
51.000000	-3946.021624
#[1, 1, 0, 2, 2, 3, 1, 1, 2, 0, 2, 0, 3, 3, 1, 1]
51.000000	-474.829204
#[1, 1, 0, 2, 2, 3, 1, 1, 2, 1, 2, 0, 3, 3, 1, 1]
51.000000	-590.719710
#[1, 1, 0, 2, 2, 3, 0, 2, 2, 1, 2, 0, 3, 3, 1, 1]
51.000000	-1.569973
#[1, 1, 1, 2, 2, 3, 1, 2, 2, 1, 2, 0, 3, 3, 1, 1]
51.000000	-93.748261
#[1, 1, 0, 2, 2, 3, 1, 2, 2, 1, 2, 0, 2, 3, 1, 1]
51.000000	-1.591263
#[1, 1, 0, 2, 2, 3, 3, 3, 2, 1, 2, 0, 3, 3, 1, 1]
51.000000	-1.626328
#[1, 1, 0, 2, 0, 3, 1, 2, 2, 1, 2, 0, 3, 3, 1, 1]
51.000000	-1.615581
#[1, 1, 0, 2, 3, 3, 0, 2, 2, 1, 2, 0, 3, 3, 1, 1]
61.000000	-1.562224
#[1, 1, 0, 2, 0, 3, 0, 2, 2, 1, 2, 0, 3, 3, 2, 1]
61.000000	-341.918606
#[2, 1, 0, 2, 2, 3, 0, 2, 2, 1, 2, 0, 3, 1, 1, 1]
61.000000	-9.733182
#[1, 1, 0, 2, 2, 3, 0, 2, 2, 1, 2, 0, 3, 3, 1, 2]
61.000000	-4547.451941
#[1, 1, 0, 2, 2, 3, 0, 3, 2, 1, 2, 0, 3, 3, 1, 1]
61.000000	-1.613023
#[1, 1, 3, 2, 2, 3, 0, 2, 3, 1, 2, 0, 3, 3, 3, 1]
61.000000	-14353.830476
#[1, 1, 0, 2, 2, 3, 0, 2, 2, 1, 2, 0, 3, 0, 1, 1]
61.000000	-1.612722
#[0, 1, 0, 2, 2, 3, 0, 2, 2, 3, 2, 0, 3, 3, 1, 1]
61.000000	-43.136852
#[1, 1, 0, 2, 2, 2, 0, 3, 2, 3, 2, 0, 3, 3, 1, 1]
61.000000	-1.616682
#[1, 1, 0, 2, 2, 3, 0, 2, 2, 2, 2, 0, 3, 3, 1, 1]
61.000000	-1.566267
#[1, 1, 0, 2, 3, 3, 0, 2, 2, 1, 2, 2, 3, 3, 1, 1]
71.000000	-3476.061061
#[1, 2, 0, 2, 0, 2, 0, 2, 2, 1, 2, 0, 3, 3, 1, 1]
71.000000	0.303514
#[1, 1, 0, 2, 3, 3, 0, 2, 2, 1, 2, 0, 3, 1, 1, 1]
71.000000	-1.536968
#[1, 1, 0, 2, 3, 3, 0, 2, 3, 1, 2, 0, 3, 3, 1, 1]
71.000000	-1.559512
#[1, 1, 0, 2, 3, 0, 3, 2, 2, 1, 2, 0, 3, 3, 1, 1]
71.000000	-1.593419
#[1, 1, 0, 2, 3, 3, 0, 2, 2, 2, 2, 2, 3, 3, 2, 1]
71.000000	-3476.787556
#[1, 1, 0, 2, 3, 3, 0, 2, 2, 1, 2, 0, 3, 0, 1, 1]
71.000000	-1.613698
#[1, 1, 0, 2, 3, 3, 0, 2, 2, 1, 2, 1, 3, 3, 2, 1]
71.000000	-3476.037310
#[1, 1, 0, 2, 3, 3, 0, 2, 1, 1, 2, 0, 3, 3, 1, 1]
71.000000	-1.553222
#[1, 1, 2, 2, 3, 3, 0, 2, 2, 1, 2, 0, 3, 3, 1, 1]
71.000000	-57.811102
#[1, 2, 0, 2, 0, 2, 0, 1, 2, 1, 2, 0, 3, 3, 1, 1]
81.000000	-1895.968864
#[1, 2, 0, 2, 0, 2, 0, 2, 2, 1, 2, 0, 3, 0, 1, 1]
81.000000	-2.538079
#[1, 1, 0, 2, 0, 2, 0, 2, 2, 1, 2, 0, 3, 3, 1, 1]
81.000000	-1.558386
#[1, 2, 0, 2, 0, 2, 0, 2, 0, 1, 2, 0, 3, 3, 1, 1]
81.000000	0.261725
#[1, 2, 2, 2, 0, 2, 0, 2, 2, 1, 2, 0, 3, 3, 1, 1]
81.000000	-28.747095
#[1, 2, 0, 2, 2, 2, 0, 2, 2, 1, 2, 0, 3, 3, 1, 1]
81.000000	0.357605
#[1, 2, 0, 2, 0, 2, 0, 2, 0, 1, 2, 0, 3, 3, 0, 1]
81.000000	-13218.538443
#[1, 2, 0, 2, 0, 2, 0, 0, 2, 1, 2, 0, 3, 3, 2, 1]
81.000000	-3571.920471
#[1, 2, 0, 2, 3, 2, 0, 2, 2, 1, 2, 0, 3, 3, 1, 1]
81.000000	0.327005
#[1, 2, 0, 2, 0, 2, 0, 2, 2, 1, 1, 0, 3, 3, 1, 1]
81.000000	-315.023619
#[1, 2, 0, 2, 2, 2, 0, 2, 2, 1, 2, 0, 0, 3, 1, 1]
91.000000	-143.545007
#[1, 2, 0, 2, 2, 2, 2, 2, 2, 1, 2, 0, 3, 3, 1, 0]
91.000000	0.394741
#[1, 2, 0, 2, 2, 2, 0, 2, 2, 1, 2, 0, 3, 3, 1, 0]
91.000000	0.380848
#[1, 2, 0, 2, 2, 2, 0, 2, 1, 1, 2, 0, 3, 1, 1, 1]
91.000000	0.640289
#[1, 2, 0, 0, 2, 2, 0, 2, 2, 1, 3, 0, 3, 3, 1, 1]
91.000000	-12434.943438
#[1, 2, 0, 2, 2, 2, 0, 2, 2, 1, 2, 0, 3, 1, 1, 1]
91.000000	0.622662
#[1, 2, 0, 2, 2, 2, 0, 2, 2, 1, 2, 2, 3, 3, 1, 1]
91.000000	-31309.725210
#[1, 2, 0, 2, 2, 2, 3, 0, 2, 1, 2, 0, 3, 3, 1, 1]
91.000000	-30.585219
#[1, 2, 0, 2, 2, 2, 1, 2, 2, 1, 2, 0, 3, 3, 1, 1]
91.000000	-27.507147
#[1, 2, 0, 2, 2, 2, 0, 2, 2, 1, 3, 0, 3, 3, 1, 1]
91.000000	-12435.517128
#[1, 2, 0, 2, 0, 2, 0, 2, 1, 1, 2, 0, 3, 1, 1, 1]
101.000000	0.637593
#[1, 2, 0, 2, 2, 2, 0, 2, 1, 1, 2, 0, 3, 1, 0, 1]
101.000000	-226.685595
#[1, 2, 0, 2, 0, 2, 0, 2, 1, 1, 2, 0, 3, 1, 3, 1]
101.000000	-13814.460186
#[1, 2, 0, 2, 0, 2, 3, 2, 1, 1, 2, 0, 3, 1, 1, 1]
101.000000	-29.227293
#[1, 2, 0, 2, 2, 2, 0, 2, 1, 1, 2, 3, 3, 1, 1, 1]
101.000000	-35126.924725
#[1, 1, 0, 2, 2, 2, 0, 2, 1, 1, 2, 0, 3, 1, 1, 1]
101.000000	-1.449678
#[1, 2, 0, 2, 2, 2, 0, 2, 3, 1, 2, 0, 3, 1, 1, 1]
101.000000	0.612506
#[1, 2, 0, 2, 2, 2, 0, 2, 1, 1, 2, 0, 3, 1, 1, 3]
101.000000	-46722.245730
#[1, 2, 0, 3, 2, 2, 0, 2, 1, 1, 2, 0, 3, 1, 1, 1]
101.000000	0.630088
#[1, 2, 0, 2, 2, 3, 0, 2, 1, 1, 0, 0, 1, 1, 1, 1]
101.000000	-5670.762574
#[1, 2, 0, 2, 2, 3, 3, 2, 1, 1, 2, 0, 3, 1, 1, 1]
111.000000	-25.376472
#[1, 2, 0, 2, 3, 2, 0, 2, 1, 1, 2, 0, 3, 0, 1, 1]
111.000000	-1.034161
#[1, 2, 0, 2, 2, 2, 0, 2, 1, 1, 2, 0, 3, 0, 1, 1]
111.000000	0.289857
#[1, 0, 0, 2, 2, 2, 0, 1, 1, 1, 2, 0, 3, 1, 1, 1]
111.000000	-423.604422
#[1, 2, 0, 2, 2, 2, 0, 2, 1, 1, 2, 0, 0, 1, 1, 1]
111.000000	-24.320110
#[1, 2, 0, 2, 2, 2, 0, 2, 1, 0, 2, 2, 1, 1, 1, 1]
111.000000	-30905.978193
#[1, 2, 0, 1, 2, 2, 0, 2, 1, 1, 2, 0, 3, 1, 1, 1]
111.000000	-162.046889
#[1, 2, 0, 2, 2, 2, 0, 2, 1, 1, 2, 1, 3, 2, 1, 1]
111.000000	-31303.191110
#[1, 2, 0, 2, 2, 2, 0, 2, 1, 2, 2, 0, 3, 1, 1, 1]
111.000000	0.656423
#[3, 2, 0, 2, 2, 2, 0, 2, 1, 1, 2, 0, 3, 1, 1, 1]
111.000000	0.304308
#[1, 3, 0, 2, 2, 2, 0, 2, 1, 2, 2, 0, 3, 1, 1, 2]
121.000000	-47012.176348
#[1, 2, 0, 2, 2, 2, 0, 2, 1, 2, 2, 0, 3, 1, 1, 2]
121.000000	-46877.822535
#[1, 2, 0, 2, 2, 2, 0, 2, 1, 2, 2, 0, 3, 1, 0, 1]
121.000000	-522.176385
#[1, 2, 0, 1, 2, 2, 0, 2, 1, 2, 2, 0, 3, 1, 1, 1]
121.000000	-161.724146
#[2, 2, 0, 2, 2, 2, 0, 2, 1, 2, 2, 0, 3, 1, 1, 1]
121.000000	0.660380
#[1, 2, 0, 2, 2, 2, 0, 2, 1, 2, 2, 0, 3, 3, 1, 1]
121.000000	-9.591335
#[1, 2, 0, 2, 2, 2, 2, 1, 1, 2, 2, 0, 2, 1, 1, 1]
121.000000	-7027.279153
#[1, 2, 0, 2, 2, 3, 0, 2, 1, 2, 2, 0, 3, 1, 1, 1]
121.000000	-18.199532
#[1, 2, 0, 2, 2, 2, 0, 2, 1, 2, 3, 0, 3, 1, 1, 1]
121.000000	-12477.327216
#[1, 2, 0, 2, 2, 2, 0, 2, 1, 2, 2, 0, 3, 1, 1, 3]
121.000000	-47003.333067
#[2, 2, 0, 2, 2, 2, 0, 2, 1, 2, 2, 0, 1, 1, 0, 1]
131.000000	-523.247504
#[2, 2, 0, 2, 2, 2, 0, 2, 0, 2, 2, 0, 3, 1, 1, 1]
131.000000	-5.659700
#[2, 2, 0, 2, 2, 0, 0, 2, 2, 1, 2, 0, 3, 1, 1, 1]
131.000000	-36.738915
#[2, 2, 0, 2, 2, 2, 0, 2, 1, 2, 2, 3, 3, 1, 1, 1]
131.000000	-35409.491836
#[2, 2, 0, 3, 2, 2, 0, 2, 1, 2, 2, 0, 3, 1, 1, 1]
131.000000	0.653276
#[2, 2, 0, 2, 2, 2, 0, 3, 1, 2, 2, 0, 3, 1, 1, 1]
131.000000	0.633197
#[2, 2, 0, 2, 2, 2, 0, 2, 1, 2, 0, 0, 3, 1, 1, 1]
131.000000	0.660350
#[2, 2, 0, 2, 2, 2, 0, 2, 1, 2, 2, 0, 3, 1, 1, 3]
131.000000	-47105.801647
#[3, 2, 0, 2, 2, 3, 0, 2, 1, 2, 2, 0, 3, 1, 1, 1]
131.000000	-13.860868
#[2, 2, 0, 2, 2, 2, 0, 2, 1, 1, 2, 0, 3, 3, 1, 1]
131.000000	0.384734
#[2, 1, 0, 2, 2, 2, 2, 2, 1, 2, 2, 0, 3, 1, 1, 1]
141.000000	0.571084
#[2, 2, 2, 3, 2, 2, 0, 2, 1, 2, 2, 0, 3, 1, 1, 1]
141.000000	-3.992262
#[2, 2, 0, 0, 2, 2, 0, 2, 1, 2, 2, 0, 3, 1, 1, 1]
141.000000	0.671296
#[3, 2, 0, 2, 2, 2, 0, 2, 1, 2, 2, 0, 3, 1, 0, 1]
141.000000	-525.542518
#[0, 2, 0, 2, 2, 2, 0, 2, 1, 2, 2, 0, 3, 1, 1, 3]
141.000000	-47016.928775
#[2, 0, 0, 2, 2, 2, 0, 2, 1, 2, 0, 0, 3, 1, 1, 1]
141.000000	0.660350
#[2, 1, 0, 2, 2, 2, 0, 2, 1, 2, 2, 0, 3, 1, 1, 1]
141.000000	0.611535
#[2, 2, 0, 2, 2, 2, 0, 2, 1, 2, 2, 0, 0, 1, 0, 1]
141.000000	-575.644136
#[2, 2, 0, 2, 2, 2, 0, 2, 1, 1, 2, 0, 1, 1, 1, 1]
141.000000	0.653264
#[2, 2, 0, 3, 2, 2, 0, 2, 1, 2, 2, 2, 3, 1, 1, 1]
141.000000	-31549.761535
#[2, 2, 0, 0, 2, 2, 0, 2, 1, 2, 0, 0, 3, 1, 1, 1]
151.000000	0.671266
#[2, 3, 0, 0, 2, 2, 0, 2, 1, 2, 0, 0, 0, 1, 1, 1]
151.000000	-55.096662
#[2, 2, 0, 0, 2, 2, 0, 2, 1, 2, 2, 2, 3, 1, 1, 1]
151.000000	-31549.164176
#[2, 0, 0, 0, 2, 2, 0, 2, 1, 2, 2, 0, 3, 1, 1, 1]
151.000000	0.671296
#[2, 2, 0, 0, 2, 2, 0, 2, 1, 2, 2, 0, 3, 1, 2, 1]
151.000000	-3595.272556
#[2, 2, 0, 0, 2, 0, 0, 2, 1, 2, 2, 0, 3, 1, 1, 1]
151.000000	0.485337
#[2, 0, 0, 0, 2, 2, 0, 2, 1, 2, 2, 0, 1, 1, 1, 1]
151.000000	0.680327
#[2, 2, 0, 0, 2, 2, 1, 2, 1, 2, 3, 0, 3, 1, 1, 1]
151.000000	-12479.725638
#[2, 3, 0, 0, 2, 2, 0, 2, 1, 2, 2, 0, 0, 1, 1, 1]
151.000000	-55.159995
#[2, 2, 0, 0, 2, 2, 0, 2, 1, 2, 2, 0, 3, 1, 0, 1]
151.000000	-523.376179
#[2, 0, 0, 0, 2, 2, 0, 3, 1, 2, 2, 0, 1, 1, 1, 1]
161.000000	0.663192
#[2, 0, 0, 0, 2, 2, 0, 2, 1, 2, 2, 0, 1, 1, 2, 1]
161.000000	-3593.866999
#[3, 0, 0, 0, 2, 2, 0, 2, 1, 2, 2, 3, 1, 1, 1, 1]
161.000000	-35414.451119
#[2, 0, 0, 0, 3, 2, 0, 2, 1, 2, 2, 0, 1, 1, 1, 1]
161.000000	-5.975365
#[2, 0, 0, 0, 2, 2, 0, 2, 1, 2, 2, 3, 1, 1, 1, 1]
161.000000	-35396.662795
#[2, 0, 0, 0, 2, 2, 0, 1, 1, 2, 2, 0, 1, 1, 1, 1]
161.000000	0.684686
#[2, 0, 0, 0, 2, 2, 2, 2, 1, 2, 2, 0, 1, 1, 3, 1]
161.000000	-14332.985796
#[2, 0, 0, 0, 2, 2, 3, 2, 1, 2, 2, 0, 1, 1, 1, 1]
161.000000	-8.017981
#[2, 0, 0, 3, 2, 2, 0, 2, 1, 2, 2, 0, 1, 1, 1, 1]
161.000000	0.662307
#[2, 2, 0, 1, 2, 2, 0, 2, 1, 2, 2, 0, 1, 1, 1, 1]
161.000000	-103.838451
#[2, 1, 0, 0, 2, 2, 0, 1, 1, 2, 2, 3, 1, 1, 1, 1]
171.000000	-19888.518189
#[2, 0, 0, 0, 2, 2, 0, 1, 1, 2, 2, 3, 1, 1, 1, 1]
171.000000	-35395.543871
#[2, 2, 0, 0, 2, 2, 0, 1, 1, 2, 1, 0, 1, 1, 1, 1]
171.000000	-233.285013
#[2, 0, 0, 0, 2, 2, 0, 1, 3, 2, 2, 0, 1, 1, 1, 1]
171.000000	0.116560
#[2, 1, 0, 0, 2, 2, 0, 3, 1, 2, 2, 0, 1, 1, 1, 1]
171.000000	0.614099
#[2, 0, 0, 0, 2, 2, 0, 1, 1, 2, 2, 2, 1, 1, 1, 2]
171.000000	-47287.547135
#[2, 0, 0, 0, 2, 0, 0, 1, 1, 2, 2, 0, 3, 1, 1, 1]
171.000000	0.497697
#[2, 0, 0, 0, 2, 2, 0, 1, 1, 2, 2, 0, 1, 0, 1, 1]
171.000000	0.617685
#[3, 0, 0, 0, 2, 2, 0, 1, 1, 2, 2, 0, 1, 1, 1, 1]
171.000000	0.367846
#[2, 0, 0, 0, 2, 2, 0, 1, 1, 2, 2, 0, 1, 1, 3, 2]
171.000000	-47287.187832
#[2, 0, 0, 0, 2, 2, 0, 1, 1, 2, 2, 0, 1, 1, 1, 2]
181.000000	-46961.839511
#[2, 0, 0, 0, 3, 2, 0, 1, 1, 2, 2, 0, 1, 1, 1, 1]
181.000000	-6.002669
#[2, 0, 0, 0, 2, 2, 0, 1, 1, 2, 2, 1, 1, 1, 1, 1]
181.000000	-1637.633127
#[2, 0, 0, 0, 2, 2, 0, 1, 1, 3, 2, 0, 1, 1, 1, 2]
181.000000	-47141.727376
#[2, 0, 0, 0, 2, 2, 0, 1, 1, 2, 3, 0, 1, 1, 1, 1]
181.000000	-12499.486339
#[2, 0, 0, 0, 2, 2, 0, 1, 1, 2, 2, 0, 1, 2, 1, 1]
181.000000	0.565959
#[2, 0, 0, 0, 2, 2, 0, 1, 1, 2, 3, 0, 1, 1, 3, 1]
181.000000	-14417.742431
#[2, 0, 0, 1, 2, 2, 0, 1, 1, 2, 2, 0, 1, 0, 1, 1]
181.000000	-245.836560
#[2, 0, 0, 0, 2, 3, 0, 1, 1, 2, 2, 0, 3, 1, 1, 1]
181.000000	-15.044396
#[2, 2, 1, 0, 2, 2, 0, 1, 1, 2, 2, 0, 1, 1, 1, 1]
181.000000	0.659297
#[2, 3, 0, 0, 2, 2, 0, 1, 1, 2, 2, 0, 1, 1, 1, 1]
191.000000	-4.310719
#[2, 0, 0, 0, 2, 3, 0, 1, 1, 2, 2, 0, 1, 1, 1, 1]
191.000000	-14.909357
#[2, 0, 0, 0, 2, 2, 0, 1, 1, 0, 2, 0, 1, 1, 1, 1]
191.000000	0.684684
#[2, 0, 0, 0, 2, 2, 0, 1, 1, 2, 2, 0, 1, 1, 1, 0]
191.000000	0.687061
#[2, 0, 0, 0, 2, 2, 0, 1, 1, 2, 2, 2, 1, 1, 1, 1]
191.000000	-31537.292365
#[2, 0, 0, 0, 2, 2, 0, 0, 1, 2, 2, 0, 1, 1, 3, 1]
191.000000	-14328.744297
#[2, 0, 0, 0, 2, 1, 0, 1, 1, 2, 2, 0, 1, 1, 1, 1]
191.000000	0.684683
#[2, 0, 0, 0, 2, 2, 0, 0, 1, 2, 2, 0, 1, 1, 1, 1]
191.000000	0.686171
#[2, 0, 0, 0, 2, 2, 3, 1, 1, 3, 2, 0, 1, 1, 1, 2]
191.000000	-47165.611555
#[2, 0, 0, 0, 2, 2, 2, 1, 1, 2, 2, 0, 1, 1, 1, 1]
191.000000	0.648661
#[2, 0, 0, 0, 2, 2, 0, 1, 1, 1, 2, 0, 1, 1, 0, 0]
201.000000	-239.297393
#[2, 0, 0, 0, 2, 0, 1, 1, 1, 2, 2, 0, 1, 0, 1, 0]
201.000000	0.591910
#[2, 0, 0, 0, 2, 3, 0, 1, 1, 2, 2, 0, 1, 1, 1, 0]
201.000000	-12.947416
#[2, 0, 0, 0, 1, 2, 0, 1, 1, 2, 2, 0, 1, 1, 1, 0]
201.000000	0.687060
#[2, 0, 0, 0, 2, 2, 0, 1, 3, 2, 2, 0, 1, 1, 1, 0]
201.000000	-1.397616
#[2, 0, 0, 0, 2, 2, 0, 2, 2, 2, 2, 0, 1, 1, 1, 0]
201.000000	0.682757
#[2, 0, 0, 0, 2, 2, 0, 1, 1, 2, 3, 0, 1, 1, 1, 0]
201.000000	-11605.826777
#[2, 0, 3, 0, 2, 2, 0, 1, 1, 2, 2, 0, 1, 1, 1, 1]
201.000000	0.637048
#[2, 0, 0, 0, 2, 2, 0, 1, 1, 2, 2, 0, 1, 1, 2, 2]
201.000000	-47285.895400
#[2, 0, 0, 0, 2, 2, 0, 1, 1, 2, 2, 0, 2, 3, 1, 0]
201.000000	-8.745658
#[2, 0, 0, 0, 2, 2, 0, 3, 1, 2, 2, 0, 1, 1, 1, 0]
211.000000	0.666493
#[2, 0, 0, 0, 2, 2, 1, 1, 1, 2, 2, 0, 1, 1, 1, 0]
211.000000	0.682016
#[2, 0, 0, 3, 2, 2, 0, 1, 1, 2, 2, 0, 1, 1, 1, 0]
211.000000	0.601390
#[1, 0, 0, 0, 2, 2, 0, 1, 1, 2, 2, 0, 1, 1, 1, 0]
211.000000	-1.415456
#[2, 0, 2, 0, 2, 2, 0, 1, 1, 2, 2, 0, 1, 1, 1, 2]
211.000000	-46961.841925
#[2, 0, 0, 0, 2, 2, 0, 0, 1, 2, 2, 0, 1, 1, 1, 0]
211.000000	0.688547
#[2, 1, 0, 0, 2, 2, 0, 1, 1, 2, 2, 0, 1, 1, 1, 0]
211.000000	0.637510
#[2, 0, 1, 0, 2, 2, 0, 1, 1, 2, 2, 0, 1, 1, 1, 0]
211.000000	0.685073
#[2, 0, 0, 0, 2, 2, 0, 1, 1, 2, 2, 1, 1, 1, 1, 0]
211.000000	-1462.870321
#[2, 0, 0, 0, 2, 2, 0, 1, 1, 2, 2, 0, 1, 1, 3, 0]
211.000000	-23495.633840
#[2, 0, 0, 0, 2, 2, 3, 0, 1, 2, 2, 0, 1, 1, 1, 0]
221.000000	-5.421055
#[2, 0, 0, 0, 1, 2, 0, 0, 1, 2, 2, 0, 1, 1, 1, 0]
221.000000	0.688546
#[2, 0, 0, 0, 2, 2, 0, 0, 1, 3, 2, 0, 1, 1, 1, 0]
221.000000	-21.664303
#[2, 0, 0, 0, 2, 2, 1, 0, 1, 2, 2, 0, 1, 1, 1, 0]
221.000000	0.688546
#[2, 0, 0, 1, 2, 2, 0, 0, 1, 2, 2, 0, 1, 1, 1, 0]
221.000000	-102.304329
#[2, 2, 0, 0, 2, 0, 0, 0, 1, 2, 2, 0, 1, 1, 1, 0]
221.000000	0.688546
#[2, 0, 3, 0, 2, 2, 0, 0, 1, 2, 2, 3, 1, 1, 1, 0]
221.000000	-15526.628375
#[2, 0, 0, 0, 3, 2, 0, 0, 1, 2, 0, 0, 1, 1, 1, 0]
221.000000	-4.283849
#[2, 0, 3, 0, 2, 2, 0, 0, 1, 2, 2, 0, 1, 1, 1, 0]
221.000000	0.662355
#[2, 0, 0, 0, 2, 2, 0, 0, 1, 2, 2, 0, 1, 1, 2, 0]
221.000000	-15771.043209
#[2, 0, 0, 0, 2, 2, 0, 0, 1, 0, 2, 0, 1, 1, 1, 0]
231.000000	0.688545
#[2, 0, 0, 0, 3, 2, 0, 0, 1, 2, 2, 0, 1, 1, 1, 0]
231.000000	-4.351040
#[3, 0, 1, 0, 2, 2, 0, 0, 1, 2, 2, 0, 1, 1, 1, 0]
231.000000	0.419340
#[2, 0, 2, 0, 2, 2, 0, 0, 1, 2, 2, 0, 1, 1, 1, 0]
231.000000	0.688547
#[2, 1, 0, 0, 2, 2, 0, 0, 1, 2, 2, 0, 1, 1, 1, 0]
231.000000	0.639453
#[2, 0, 0, 0, 2, 2, 0, 0, 0, 2, 0, 0, 1, 1, 1, 0]
231.000000	0.647068
#[2, 0, 0, 0, 2, 2, 0, 0, 1, 2, 2, 0, 1, 1, 1, 2]
231.000000	-46962.553260
#[2, 0, 0, 0, 2, 2, 0, 0, 1, 2, 2, 1, 1, 1, 1, 0]
231.000000	-864.876651
#[2, 0, 0, 0, 2, 2, 0, 0, 1, 2, 2, 1, 3, 1, 1, 0]
231.000000	-864.911396
#[2, 0, 1, 0, 2, 2, 0, 0, 1, 2, 2, 0, 1, 1, 1, 0]
231.000000	0.687067
#[2, 0, 2, 0, 2, 0, 0, 0, 1, 2, 2, 0, 1, 1, 1, 0]
241.000000	0.688546
#[2, 0, 2, 0, 2, 3, 0, 0, 1, 2, 2, 0, 1, 1, 1, 0]
241.000000	-12.250178
#[2, 0, 2, 0, 2, 2, 0, 0, 2, 2, 2, 0, 1, 1, 1, 0]
241.000000	0.688547
#[2, 0, 3, 0, 2, 2, 0, 0, 2, 2, 2, 0, 1, 1, 1, 0]
241.000000	0.662355
#[2, 0, 2, 0, 2, 2, 0, 2, 1, 2, 2, 0, 1, 3, 1, 0]
241.000000	-8.536672
#[2, 3, 2, 0, 2, 2, 0, 0, 1, 2, 2, 0, 1, 1, 1, 0]
241.000000	-0.979245
#[2, 0, 2, 0, 2, 2, 0, 0, 1, 2, 2, 0, 1, 1, 1, 3]
241.000000	-47088.541585
#[2, 0, 2, 0, 2, 2, 0, 0, 1, 2, 1, 0, 1, 1, 1, 0]
241.000000	0.688497
#[2, 0, 2, 0, 2, 2, 0, 0, 1, 3, 2, 0, 2, 1, 1, 0]
241.000000	-21.637643
#[0, 0, 1, 0, 2, 2, 0, 0, 1, 2, 2, 1, 1, 1, 1, 0]
241.000000	-856.953135
#[2, 0, 2, 0, 2, 1, 0, 0, 2, 2, 2, 0, 1, 1, 1, 0]
251.000000	0.688546
#[2, 0, 2, 0, 2, 2, 0, 0, 1, 2, 2, 0, 1, 2, 1, 0]
251.000000	0.572260
#[2, 0, 2, 0, 2, 2, 0, 0, 1, 2, 2, 3, 0, 1, 1, 0]
251.000000	-15527.144276
#[2, 0, 2, 0, 2, 2, 3, 0, 1, 2, 2, 0, 1, 1, 1, 0]
251.000000	-5.712956
#[2, 0, 2, 0, 2, 2, 0, 0, 1, 2, 2, 0, 1, 3, 1, 0]
251.000000	-8.498066
#[2, 0, 2, 0, 2, 2, 0, 0, 1, 2, 2, 2, 1, 1, 0, 0]
251.000000	-2202.244590
#[2, 0, 2, 0, 2, 2, 0, 0, 1, 2, 2, 2, 1, 1, 1, 0]
251.000000	-4675.309056
#[3, 0, 2, 0, 2, 3, 0, 0, 1, 2, 2, 0, 1, 1, 1, 0]
251.000000	-8.226708
#[2, 0, 0, 0, 2, 2, 0, 0, 1, 2, 2, 0, 2, 1, 1, 0]
251.000000	0.686239
#[2, 1, 2, 0, 2, 2, 0, 0, 1, 2, 2, 0, 1, 1, 1, 0]
251.000000	0.688478
#[3, 0, 2, 0, 2, 2, 1, 0, 1, 2, 2, 0, 1, 1, 1, 0]
261.000000	0.424625
#[1, 0, 2, 0, 2, 2, 0, 0, 1, 2, 2, 0, 1, 1, 1, 0]
261.000000	-1.374784
#[2, 0, 2, 1, 2, 2, 0, 3, 1, 2, 2, 0, 1, 1, 1, 0]
261.000000	-253.153359
#[2, 0, 2, 0, 2, 2, 0, 0, 1, 2, 2, 0, 1, 0, 1, 0]
261.000000	0.621656
#[2, 0, 2, 0, 2, 2, 0, 0, 1, 2, 2, 0, 1, 1, 1, 2]
261.000000	-46962.936078
#[2, 0, 2, 0, 2, 2, 0, 0, 1, 0, 3, 0, 1, 0, 1, 0]
261.000000	-11480.399232
#[2, 0, 2, 0, 1, 2, 0, 0, 1, 3, 1, 0, 1, 1, 1, 0]
261.000000	-6031.622123
#[2, 0, 2, 0, 2, 2, 0, 0, 1, 2, 2, 3, 1, 1, 1, 0]
261.000000	-15526.077591
#[2, 0, 2, 0, 2, 2, 0, 3, 1, 2, 2, 1, 1, 1, 1, 0]
261.000000	-21193.539680
#[2, 0, 1, 2, 2, 2, 0, 0, 1, 2, 2, 0, 1, 1, 1, 0]
261.000000	0.651443
#[2, 0, 2, 0, 2, 2, 0, 0, 1, 2, 2, 0, 1, 1, 2, 1]
271.000000	-3593.779864
#[2, 0, 2, 0, 2, 2, 0, 0, 0, 2, 2, 0, 1, 1, 1, 0]
271.000000	0.647494
#[2, 0, 2, 0, 2, 2, 0, 2, 1, 2, 2, 0, 1, 1, 1, 0]
271.000000	0.680870
#[2, 0, 2, 0, 2, 0, 0, 0, 1, 2, 2, 0, 3, 1, 1, 0]
271.000000	0.513626
#[2, 2, 2, 0, 2, 0, 0, 0, 1, 2, 2, 0, 1, 1, 1, 2]
271.000000	-46685.332476
#[2, 0, 2, 0, 2, 2, 0, 0, 1, 2, 2, 0, 1, 1, 3, 0]
271.000000	-23496.171986
#[2, 0, 2, 0, 2, 2, 0, 0, 1, 2, 2, 0, 1, 1, 2, 0]
271.000000	-15771.171598
#[2, 0, 2, 0, 1, 2, 0, 0, 1, 0, 2, 0, 1, 1, 1, 2]
271.000000	-44476.654024
#[2, 0, 2, 0, 2, 2, 0, 1, 1, 2, 2, 0, 1, 1, 1, 0]
271.000000	0.687061
#[3, 0, 2, 0, 2, 2, 0, 0, 1, 2, 2, 0, 1, 1, 1, 0]
271.000000	0.428749
#[2, 3, 1, 0, 2, 2, 0, 0, 1, 2, 2, 0, 1, 1, 1, 0]
281.000000	-1.058413
#[0, 0, 2, 0, 2, 2, 0, 0, 1, 2, 2, 0, 1, 1, 1, 0]
281.000000	0.690598
#[2, 0, 2, 0, 2, 1, 3, 0, 1, 2, 2, 0, 1, 1, 1, 0]
281.000000	-20.802184
#[2, 0, 2, 0, 2, 2, 0, 0, 1, 2, 2, 0, 0, 1, 1, 0]
281.000000	-48.393519
#[2, 0, 2, 0, 2, 2, 0, 0, 1, 2, 0, 0, 0, 0, 1, 0]
281.000000	-15775.545618
#[2, 0, 2, 0, 2, 1, 0, 0, 1, 2, 2, 0, 1, 1, 1, 0]
281.000000	0.688545
#[2, 0, 2, 0, 2, 2, 0, 0, 1, 2, 2, 0, 1, 1, 1, 1]
281.000000	0.686171
#[2, 0, 2, 0, 2, 0, 0, 0, 1, 2, 1, 0, 1, 1, 1, 0]
281.000000	0.688464
#[2, 0, 2, 3, 2, 2, 0, 0, 1, 2, 2, 0, 0, 1, 1, 2]
281.000000	-46858.495010
#[2, 0, 2, 1, 2, 2, 0, 0, 1, 2, 2, 0, 1, 1, 1, 0]
281.000000	-268.561186
#[0, 0, 2, 0, 2, 1, 0, 0, 1, 2, 2, 0, 1, 1, 1, 0]
291.000000	0.690021
#[0, 0, 3, 0, 2, 2, 0, 0, 1, 2, 2, 0, 1, 1, 1, 0]
291.000000	0.672646
#[0, 0, 2, 1, 2, 2, 0, 0, 1, 2, 2, 3, 3, 1, 3, 0]
291.000000	-23511.928629
#[0, 0, 2, 0, 2, 1, 0, 0, 1, 3, 2, 0, 1, 1, 1, 0]
291.000000	-20.601360
#[0, 0, 2, 2, 2, 2, 0, 0, 1, 2, 2, 0, 1, 1, 1, 0]
291.000000	0.685825
#[0, 0, 2, 0, 2, 3, 0, 0, 1, 2, 2, 0, 1, 1, 1, 0]
291.000000	-12.397405
#[0, 0, 2, 0, 0, 2, 0, 0, 1, 2, 2, 0, 1, 1, 1, 0]
291.000000	-1.475103
#[0, 0, 2, 0, 2, 2, 0, 0, 1, 2, 2, 0, 1, 1, 0, 0]
291.000000	-664.715957
#[0, 0, 2, 0, 2, 2, 0, 0, 1, 2, 2, 0, 1, 1, 3, 0]
291.000000	-23458.651899
#[1, 0, 2, 0, 2, 2, 0, 0, 1, 2, 2, 1, 1, 1, 1, 0]
291.000000	-91.438823
#[0, 0, 2, 0, 2, 2, 0, 0, 1, 2, 2, 0, 1, 1, 1, 1]
301.000000	0.689694
#[0, 0, 1, 0, 2, 2, 0, 0, 1, 2, 2, 0, 1, 2, 1, 0]
301.000000	0.572803
#[0, 0, 2, 0, 2, 2, 0, 0, 1, 2, 2, 1, 1, 1, 1, 2]
301.000000	-45940.154468
#[0, 0, 2, 0, 2, 2, 0, 0, 0, 2, 2, 0, 1, 1, 1, 0]
301.000000	-1.114786
#[0, 0, 2, 0, 2, 2, 1, 0, 1, 2, 2, 0, 1, 1, 1, 0]
301.000000	0.690596
#[0, 0, 2, 0, 2, 2, 0, 0, 1, 2, 2, 0, 1, 1, 1, 2]
301.000000	-46886.938555
#[0, 0, 1, 0, 2, 2, 0, 0, 1, 2, 2, 0, 1, 1, 1, 0]
301.000000	0.689755
#[0, 0, 2, 0, 2, 2, 0, 0, 2, 2, 3, 0, 1, 1, 1, 0]
301.000000	-11594.245648
#[0, 0, 0, 0, 2, 2, 0, 3, 1, 2, 3, 0, 1, 1, 1, 0]
301.000000	-11587.548022
#[0, 0, 2, 1, 2, 2, 0, 0, 1, 2, 2, 0, 1, 1, 1, 0]
301.000000	-149.301088
#[0, 0, 2, 0, 2, 2, 0, 0, 1, 1, 2, 0, 1, 1, 1, 0]
311.000000	0.690597
#[0, 0, 2, 3, 2, 2, 0, 0, 1, 2, 2, 0, 1, 1, 1, 3]
311.000000	-47013.700317
#[0, 1, 2, 0, 2, 2, 0, 0, 1, 2, 2, 0, 1, 1, 1, 0]
311.000000	0.690596
#[0, 0, 0, 0, 2, 2, 0, 0, 1, 2, 2, 0, 1, 1, 1, 0]
311.000000	0.690596
#[0, 0, 2, 0, 2, 2, 0, 0, 3, 2, 2, 0, 1, 1, 2, 0]
311.000000	-15770.297791
#[0, 0, 2, 0, 2, 0, 0, 0, 1, 2, 2, 0, 1, 1, 1, 0]
311.000000	0.690597
#[0, 0, 2, 0, 2, 2, 0, 0, 1, 2, 0, 0, 1, 1, 1, 0]
311.000000	0.690566
#[0, 0, 2, 0, 2, 2, 3, 0, 1, 2, 1, 0, 1, 1, 1, 0]
311.000000	-9137.558853
#[0, 0, 2, 0, 2, 2, 0, 0, 1, 2, 0, 0, 0, 1, 1, 0]
311.000000	-72.804137
#[0, 0, 2, 3, 2, 2, 0, 0, 1, 2, 2, 0, 1, 1, 1, 0]
311.000000	0.672194
#[3, 0, 2, 0, 2, 2, 0, 0, 1, 2, 2, 0, 1, 0, 1, 0]
321.000000	0.367740
#[0, 0, 2, 0, 3, 2, 0, 0, 1, 2, 2, 0, 1, 1, 1, 0]
321.000000	-4.686376
#[0, 0, 2, 0, 2, 2, 0, 0, 1, 2, 2, 2, 1, 1, 1, 1]
321.000000	-31487.386647
#[0, 0, 2, 0, 3, 2, 2, 0, 1, 2, 2, 0, 1, 1, 1, 0]
321.000000	-4.690497
#[0, 0, 2, 0, 2, 2, 0, 0, 2, 2, 2, 0, 1, 1, 1, 2]
321.000000	-46913.757291
#[0, 2, 2, 0, 2, 2, 0, 0, 1, 2, 2, 0, 1, 1, 1, 0]
321.000000	0.690602
#[0, 0, 2, 0, 2, 2, 0, 0, 1, 2, 2, 0, 3, 1, 1, 0]
321.000000	0.677021
#[0, 0, 2, 0, 2, 2, 0, 3, 1, 2, 2, 0, 1, 1, 1, 0]
321.000000	0.669005
#[0, 3, 2, 1, 2, 2, 0, 0, 2, 2, 2, 3, 1, 1, 1, 0]
321.000000	-15652.690311
#[0, 0, 2, 0, 2, 2, 2, 0, 1, 2, 2, 0, 1, 1, 1, 0]
321.000000	0.690598
#[2, 2, 1, 0, 2, 2, 0, 0, 1, 2, 2, 0, 1, 1, 1, 0]
331.000000	0.663670
#[0, 2, 2, 0, 3, 2, 0, 2, 1, 2, 2, 0, 1, 1, 1, 0]
331.000000	-4.445309
#[0, 2, 2, 0, 2, 2, 0, 0, 1, 2, 2, 0, 1, 1, 1, 1]
331.000000	0.689699
#[0, 2, 2, 0, 3, 2, 0, 1, 2, 2, 2, 0, 1, 1, 1, 0]
331.000000	-1.974774
#[0, 2, 2, 0, 2, 2, 1, 0, 1, 2, 2, 0, 1, 1, 1, 0]
331.000000	0.690601
#[0, 2, 2, 1, 2, 2, 0, 0, 1, 2, 2, 0, 1, 1, 1, 0]
331.000000	-308.049120
#[0, 2, 2, 0, 2, 2, 0, 0, 1, 2, 2, 0, 1, 2, 1, 0]
331.000000	0.572896
#[0, 2, 2, 0, 2, 2, 0, 0, 1, 0, 2, 0, 1, 1, 1, 0]
331.000000	0.690600
#[0, 2, 2, 0, 2, 2, 0, 0, 2, 2, 2, 0, 1, 1, 1, 0]
331.000000	0.690603
#[0, 2, 2, 0, 2, 2, 2, 0, 1, 2, 2, 0, 1, 1, 1, 0]
331.000000	0.690602
#[0, 2, 2, 0, 1, 2, 0, 0, 2, 2, 2, 3, 1, 1, 1, 0]
341.000000	-1704.007510
#[0, 2, 2, 0, 2, 2, 0, 0, 2, 2, 3, 0, 1, 1, 1, 0]
341.000000	-11594.753880
#[0, 2, 2, 0, 2, 2, 0, 2, 2, 2, 2, 0, 1, 1, 1, 0]
341.000000	0.685244
#[0, 2, 2, 0, 2, 2, 0, 0, 2, 2, 1, 0, 1, 1, 1, 0]
341.000000	0.690553
#[0, 2, 2, 0, 2, 2, 3, 3, 2, 2, 2, 0, 1, 1, 1, 0]
341.000000	0.480319
#[0, 2, 2, 0, 3, 2, 1, 0, 2, 2, 2, 0, 1, 1, 1, 0]
341.000000	-1.972540
#[0, 2, 3, 0, 2, 2, 0, 0, 2, 2, 2, 0, 3, 1, 3, 0]
341.000000	-23494.721392
#[0, 2, 2, 0, 2, 2, 0, 1, 2, 2, 0, 0, 1, 1, 1, 0]
341.000000	0.689917
#[0, 2, 2, 0, 0, 3, 0, 0, 3, 2, 2, 0, 1, 1, 1, 0]
341.000000	-14.922696
#[0, 2, 2, 0, 0, 2, 0, 0, 2, 2, 2, 0, 1, 1, 1, 0]
341.000000	0.690433
#[0, 2, 2, 0, 2, 2, 0, 0, 0, 2, 2, 0, 1, 0, 1, 0]
351.000000	-1.260566
#[0, 0, 2, 0, 2, 2, 0, 0, 2, 2, 2, 0, 1, 1, 1, 0]
351.000000	0.690598
#[1, 2, 1, 0, 2, 2, 0, 0, 2, 2, 2, 0, 1, 1, 1, 0]
351.000000	-1.071910
#[0, 2, 2, 0, 2, 3, 1, 0, 2, 2, 2, 0, 1, 3, 1, 0]
351.000000	-20.948405
#[0, 1, 2, 0, 2, 2, 0, 0, 2, 2, 2, 0, 1, 1, 1, 0]
351.000000	0.690596
#[0, 2, 2, 0, 1, 2, 0, 0, 2, 3, 2, 0, 0, 1, 1, 0]
351.000000	-203.900034
#[3, 2, 2, 0, 2, 2, 0, 0, 2, 2, 2, 0, 1, 1, 1, 0]
351.000000	0.500729
#[0, 2, 2, 0, 2, 2, 0, 0, 2, 1, 2, 0, 1, 1, 1, 0]
351.000000	0.690602
#[0, 2, 2, 0, 2, 2, 0, 0, 2, 2, 2, 1, 1, 1, 1, 0]
351.000000	-863.978214
#[0, 2, 2, 0, 2, 2, 3, 0, 0, 2, 2, 0, 1, 1, 1, 0]
351.000000	-1.253437
#[0, 2, 2, 0, 2, 2, 0, 0, 2, 3, 2, 0, 1, 1, 1, 0]
361.000000	-24.026407
#[0, 2, 2, 0, 2, 2, 2, 0, 2, 2, 2, 0, 1, 1, 2, 0]
361.000000	-15756.952158
#[0, 2, 2, 0, 2, 2, 0, 1, 2, 2, 2, 0, 1, 1, 1, 0]
361.000000	0.689935
#[0, 2, 2, 0, 2, 2, 0, 0, 2, 2, 2, 2, 1, 1, 1, 0]
361.000000	-4670.580765
#[0, 2, 1, 0, 2, 2, 0, 0, 2, 2, 2, 0, 1, 1, 1, 0]
361.000000	0.688335
#[2, 2, 2, 0, 2, 2, 0, 1, 2, 1, 2, 0, 1, 1, 1, 0]
361.000000	0.675642
#[0, 2, 2, 3, 2, 2, 0, 0, 2, 2, 2, 2, 1, 1, 1, 0]
361.000000	-4671.386981
#[0, 2, 2, 0, 2, 2, 0, 0, 2, 2, 2, 3, 0, 1, 1, 0]
361.000000	-15655.275773
#[0, 2, 0, 0, 2, 2, 0, 0, 2, 2, 2, 0, 1, 1, 1, 0]
361.000000	0.690603
#[0, 2, 2, 0, 2, 3, 0, 0, 2, 3, 2, 0, 1, 1, 1, 0]
361.000000	-23.552793
#[0, 2, 0, 0, 2, 2, 0, 0, 2, 2, 2, 0, 1, 1, 1, 2]
371.000000	-46915.846472
#[0, 2, 0, 0, 2, 2, 0, 1, 2, 2, 2, 0, 1, 2, 1, 0]
371.000000	0.470248
#[0, 2, 0, 3, 2, 2, 0, 0, 0, 2, 2, 0, 1, 1, 1, 0]
371.000000	-1.082935
#[0, 1, 0, 0, 1, 2, 0, 0, 2, 2, 2, 0, 1, 1, 1, 0]
371.000000	-1.450680
#[0, 2, 0, 0, 2, 2, 0, 0, 2, 2, 2, 0, 1, 1, 1, 1]
371.000000	0.689699
#[0, 2, 0, 0, 2, 2, 0, 2, 2, 3, 2, 0, 1, 1, 1, 0]
371.000000	-24.037240
#[0, 2, 3, 0, 2, 2, 0, 0, 2, 2, 2, 0, 1, 1, 1, 0]
371.000000	0.653694
#[0, 2, 0, 1, 2, 2, 0, 0, 2, 2, 0, 0, 1, 1, 1, 0]
371.000000	-54.575674
#[0, 1, 0, 0, 2, 2, 0, 0, 2, 2, 2, 0, 1, 1, 1, 0]
371.000000	0.687221
#[2, 2, 0, 0, 2, 2, 0, 0, 2, 2, 2, 0, 1, 1, 1, 0]
371.000000	0.688547
#[0, 2, 0, 0, 2, 2, 0, 0, 2, 2, 2, 0, 1, 3, 1, 0]
381.000000	-19.747953
#[0, 2, 0, 0, 2, 2, 0, 0, 2, 3, 2, 0, 1, 1, 1, 0]
381.000000	-24.054649
#[1, 2, 0, 0, 2, 2, 0, 0, 2, 2, 2, 0, 1, 1, 1, 3]
381.000000	-47002.257237
#[0, 0, 0, 0, 2, 2, 0, 0, 2, 2, 2, 0, 1, 1, 1, 0]
381.000000	0.690597
#[0, 2, 0, 0, 1, 2, 0, 0, 2, 1, 2, 0, 1, 1, 1, 0]
381.000000	-1.374320
#[0, 2, 0, 0, 2, 2, 0, 0, 2, 2, 0, 0, 1, 1, 1, 0]
381.000000	0.690571
#[0, 2, 0, 0, 2, 3, 0, 0, 2, 2, 2, 0, 1, 1, 1, 0]
381.000000	0.445590
#[0, 2, 0, 0, 2, 0, 0, 0, 2, 2, 1, 0, 1, 1, 1, 0]
381.000000	0.690541
#[0, 2, 0, 0, 2, 2, 3, 0, 2, 2, 2, 0, 1, 1, 1, 0]
381.000000	0.528219
#[0, 2, 0, 0, 2, 2, 2, 0, 2, 2, 2, 0, 1, 1, 1, 0]
381.000000	0.690603
#[0, 3, 0, 0, 2, 2, 2, 0, 2, 2, 2, 0, 2, 1, 1, 0]
391.000000	-1.049120
#[0, 2, 0, 0, 2, 2, 2, 0, 2, 2, 2, 0, 1, 1, 1, 1]
391.000000	0.689699
#[0, 2, 0, 0, 2, 2, 2, 0, 2, 2, 2, 0, 1, 1, 2, 0]
391.000000	-15756.874978
#[0, 2, 0, 0, 2, 2, 1, 0, 2, 2, 2, 0, 1, 1, 1, 0]
391.000000	0.690602
#[0, 2, 2, 0, 2, 2, 2, 0, 2, 2, 2, 0, 2, 0, 1, 0]
391.000000	-11199.642446
#[0, 2, 1, 0, 2, 2, 2, 0, 1, 2, 2, 0, 1, 1, 3, 0]
391.000000	-22992.679852
#[3, 2, 0, 0, 0, 2, 2, 1, 2, 0, 2, 0, 1, 1, 1, 0]
391.000000	0.460828
#[0, 2, 0, 0, 2, 1, 2, 0, 2, 2, 2, 0, 1, 1, 1, 0]
391.000000	0.690602
#[0, 2, 0, 2, 2, 2, 2, 0, 2, 2, 2, 0, 1, 1, 1, 0]
391.000000	0.688472
#[0, 2, 0, 0, 2, 2, 2, 0, 2, 2, 2, 0, 2, 1, 1, 0]
391.000000	-0.887882
#[0, 2, 3, 0, 2, 2, 2, 0, 2, 2, 2, 0, 1, 1, 1, 2]
401.000000	-46922.656415
#[0, 3, 0, 3, 2, 2, 2, 0, 2, 2, 2, 0, 1, 1, 1, 0]
401.000000	0.636155
#[0, 2, 0, 0, 0, 2, 2, 0, 2, 2, 2, 0, 1, 1, 1, 0]
401.000000	0.690433
#[0, 2, 0, 0, 2, 2, 2, 0, 2, 2, 2, 1, 1, 1, 1, 0]
401.000000	-1051.137793
#[0, 2, 0, 0, 2, 2, 2, 0, 2, 2, 2, 0, 1, 1, 1, 2]
401.000000	-46919.488822
#[0, 2, 0, 0, 2, 2, 2, 0, 2, 0, 2, 0, 1, 1, 1, 0]
401.000000	0.690600
#[0, 2, 0, 0, 2, 3, 2, 0, 2, 2, 2, 0, 1, 1, 3, 0]
401.000000	-23476.424655
#[0, 0, 0, 0, 2, 2, 2, 0, 2, 2, 2, 0, 0, 1, 1, 0]
401.000000	-7737.843421
#[0, 2, 0, 0, 2, 0, 2, 0, 2, 0, 2, 0, 1, 1, 2, 0]
401.000000	-14922.876925
#[0, 2, 0, 0, 2, 2, 2, 2, 2, 2, 2, 0, 0, 1, 1, 0]
401.000000	-7517.244226
#[0, 1, 0, 1, 2, 2, 2, 0, 2, 2, 2, 0, 1, 1, 1, 1]
411.000000	-55.216977
#[0, 2, 0, 0, 2, 2, 2, 0, 2, 3, 2, 0, 1, 1, 1, 0]
411.000000	-21.721696
#[0, 2, 0, 0, 0, 2, 2, 0, 2, 2, 2, 0, 1, 1, 3, 0]
411.000000	-23445.858552
#[2, 2, 0, 0, 3, 2, 2, 0, 2, 2, 2, 0, 1, 1, 1, 0]
411.000000	0.336374
#[0, 2, 0, 0, 3, 2, 2, 0, 2, 2, 2, 0, 1, 1, 1, 0]
411.000000	-1.974882
#[0, 2, 0, 0, 2, 2, 2, 0, 2, 2, 1, 0, 1, 1, 1, 0]
411.000000	0.690571
#[0, 1, 0, 0, 2, 2, 2, 0, 2, 2, 3, 0, 1, 1, 1, 0]
411.000000	-11247.970362
#[0, 2, 0, 0, 2, 2, 2, 0, 2, 0, 0, 0, 1, 1, 1, 0]
411.000000	0.690539
#[0, 2, 0, 0, 2, 2, 2, 0, 0, 2, 2, 0, 1, 1, 1, 0]
411.000000	-1.073174
#[0, 2, 0, 1, 2, 2, 2, 0, 2, 0, 2, 0, 2, 1, 1, 0]
411.000000	-69.069175
#[0, 0, 0, 0, 2, 2, 2, 0, 2, 2, 2, 0, 1, 1, 1, 0]
421.000000	0.690597
#[0, 2, 1, 0, 2, 2, 2, 0, 2, 2, 2, 0, 2, 1, 1, 0]
421.000000	-0.890153
#[0, 1, 0, 0, 2, 2, 2, 0, 2, 2, 2, 0, 1, 1, 1, 2]
421.000000	-45513.478608
#[0, 2, 0, 0, 2, 2, 2, 0, 1, 2, 2, 0, 1, 1, 1, 1]
421.000000	0.689699
#[0, 2, 0, 0, 2, 2, 2, 0, 0, 2, 2, 0, 1, 1, 1, 2]
421.000000	-11327.741439
#[0, 2, 0, 1, 2, 2, 2, 0, 2, 2, 2, 0, 1, 1, 1, 0]
421.000000	-55.163225
#[0, 2, 2, 0, 2, 2, 2, 0, 2, 2, 2, 0, 1, 1, 1, 0]
421.000000	0.690603
#[0, 2, 0, 0, 2, 2, 3, 0, 2, 2, 2, 0, 1, 1, 3, 0]
421.000000	-23476.083701
#[0, 2, 0, 0, 2, 3, 2, 0, 2, 2, 2, 0, 1, 1, 1, 0]
421.000000	0.463866
#[0, 2, 1, 0, 2, 2, 2, 0, 2, 2, 2, 0, 1, 1, 1, 0]
421.000000	0.688332
#[0, 0, 2, 0, 2, 0, 2, 0, 2, 2, 2, 0, 1, 1, 1, 0]
431.000000	0.690598
#[0, 2, 2, 2, 2, 2, 2, 0, 2, 2, 0, 0, 1, 1, 1, 0]
431.000000	0.681054
#[0, 2, 2, 0, 2, 2, 2, 0, 2, 2, 2, 3, 1, 1, 1, 0]
431.000000	-15512.448810
#[0, 2, 2, 0, 0, 2, 2, 0, 2, 2, 2, 0, 1, 1, 1, 0]
431.000000	0.690433
#[0, 2, 2, 0, 2, 2, 2, 0, 2, 2, 2, 0, 1, 0, 1, 0]
431.000000	0.564988
#[0, 2, 2, 1, 2, 2, 1, 0, 2, 2, 2, 0, 1, 1, 1, 0]
431.000000	-2419.452957
#[0, 2, 2, 0, 2, 2, 2, 0, 2, 2, 2, 0, 1, 2, 1, 0]
431.000000	0.479962
#[0, 2, 2, 0, 2, 2, 1, 0, 2, 1, 2, 0, 1, 1, 1, 1]
431.000000	0.689696
#[0, 0, 2, 0, 2, 2, 2, 0, 2, 2, 2, 0, 1, 1, 1, 0]
431.000000	0.690598
#[0, 2, 2, 0, 2, 2, 2, 0, 2, 2, 2, 0, 1, 1, 0, 0]
431.000000	-665.185492
#[0, 2, 2, 0, 2, 2, 2, 0, 2, 3, 2, 0, 1, 1, 1, 0]
441.000000	-21.434726
#[0, 2, 2, 0, 2, 2, 3, 0, 2, 2, 2, 0, 1, 1, 1, 0]
441.000000	0.509789
#[0, 2, 2, 0, 2, 1, 2, 0, 2, 2, 2, 0, 1, 1, 1, 0]
441.000000	0.690602
#[0, 1, 2, 0, 2, 2, 2, 0, 2, 2, 2, 0, 1, 1, 1, 0]
441.000000	0.690596
#[0, 2, 3, 0, 1, 2, 2, 0, 2, 2, 2, 0, 1, 1, 1, 0]
441.000000	-1.413542
#[0, 2, 2, 0, 1, 2, 2, 0, 2, 2, 2, 0, 1, 1, 1, 0]
441.000000	-1.371960
#[0, 2, 2, 0, 2, 1, 0, 0, 0, 2, 2, 0, 1, 0, 1, 0]
441.000000	-1.266949
#[0, 1, 2, 0, 2, 2, 2, 0, 2, 2, 2, 0, 1, 1, 3, 0]
441.000000	-23473.145019
#[0, 2, 2, 1, 2, 2, 2, 0, 2, 2, 2, 0, 1, 1, 0, 3]
441.000000	-46592.835430
#[0, 2, 1, 0, 0, 2, 2, 0, 2, 2, 2, 0, 1, 1, 1, 0]
441.000000	0.688162
