#[6, 1, 0, 4, 3]
1.000000	-5.228333
#[6, 1, 1, 4, 3]
11.000000	-5.426250
#[6, 1, 5, 4, 3]
11.000000	-3.721667
#[6, 5, 0, 4, 3]
11.000000	-3.382381
#[6, 7, 0, 4, 3]
11.000000	-5.290833
#[6, 3, 0, 1, 3]
11.000000	-6.103333
#[6, 3, 0, 4, 3]
11.000000	-5.290833
#[6, 1, 4, 4, 3]
11.000000	-4.832500
#[7, 1, 0, 4, 3]
11.000000	-8.366667
#[6, 1, 0, 1, 3]
11.000000	-6.020000
#[6, 1, 0, 5, 3]
11.000000	-4.513333
#[1, 5, 0, 4, 3]
21.000000	-3.006667
#[4, 5, 0, 4, 3]
21.000000	-3.006667
#[6, 5, 2, 4, 3]
21.000000	0.006667
#[6, 5, 0, 5, 3]
21.000000	-4.513333
#[6, 3, 0, 6, 3]
21.000000	-6.075556
#[6, 5, 7, 4, 3]
21.000000	-6.941935
#[6, 5, 0, 4, 4]
21.000000	-2.373333
#[2, 5, 0, 4, 3]
21.000000	-3.006667
#[6, 5, 1, 4, 3]
21.000000	-3.633704
#[0, 5, 0, 4, 3]
21.000000	-3.006667
#[6, 5, 4, 4, 3]
31.000000	0.006667
#[4, 5, 2, 4, 3]
31.000000	-3.006667
#[6, 0, 2, 4, 3]
31.000000	-1.500000
#[6, 5, 2, 3, 3]
31.000000	-7.950000
#[6, 5, 5, 4, 3]
31.000000	-5.530290
#[6, 5, 2, 4, 0]
31.000000	-3.325833
#[5, 5, 2, 4, 3]
31.000000	-3.006667
#[6, 5, 3, 4, 3]
31.000000	-6.941935
#[6, 1, 2, 4, 3]
31.000000	-4.832500
#[6, 5, 7, 4, 4]
31.000000	-6.819048
#[6, 5, 4, 5, 3]
41.000000	-5.530290
#[0, 5, 4, 4, 3]
41.000000	-3.006667
#[6, 4, 4, 4, 3]
41.000000	-1.500000
#[6, 5, 4, 1, 3]
41.000000	-3.633704
#[6, 6, 4, 4, 3]
41.000000	-4.832500
#[6, 5, 6, 4, 3]
41.000000	-4.794194
#[6, 5, 4, 4, 4]
41.000000	-4.662857
#[6, 2, 4, 4, 3]
41.000000	-1.500000
#[6, 5, 4, 4, 0]
41.000000	-3.325833
#[4, 5, 4, 4, 3]
41.000000	-3.006667
#[2, 5, 4, 4, 3]
51.000000	-3.006667
#[6, 5, 4, 2, 3]
51.000000	0.006667
#[5, 5, 4, 4, 3]
51.000000	-3.006667
#[6, 1, 4, 0, 3]
51.000000	-5.228333
#[6, 5, 4, 4, 2]
51.000000	-4.832500
#[6, 5, 4, 4, 1]
51.000000	0.006667
#[6, 3, 4, 4, 3]
51.000000	-6.908333
#[6, 5, 5, 7, 3]
51.000000	-6.804444
#[6, 5, 4, 3, 3]
51.000000	-6.941935
#[6, 0, 4, 4, 0]
51.000000	-1.500000
#[6, 1, 4, 2, 3]
61.000000	-4.832500
#[6, 5, 3, 2, 3]
61.000000	-7.950000
#[6, 5, 4, 6, 3]
61.000000	-4.794194
#[4, 5, 4, 2, 3]
61.000000	-3.006667
#[6, 5, 7, 2, 3]
61.000000	-7.950000
#[6, 5, 4, 2, 0]
61.000000	-3.325833
#[3, 5, 4, 2, 3]
61.000000	-3.062222
#[6, 5, 4, 2, 1]
61.000000	-2.286970
#[6, 5, 4, 2, 2]
61.000000	-4.832500
#[3, 5, 4, 2, 1]
61.000000	-5.360909
#[6, 0, 4, 2, 3]
71.000000	-1.500000
#[2, 5, 1, 2, 3]
71.000000	-7.526667
#[6, 3, 4, 2, 3]
71.000000	-6.908333
#[6, 4, 0, 2, 3]
71.000000	-4.662857
#[6, 4, 4, 2, 3]
71.000000	-1.500000
#[4, 5, 4, 2, 2]
71.000000	-5.624167
#[6, 5, 0, 2, 3]
71.000000	-4.513333
#[6, 7, 4, 2, 3]
71.000000	-6.908333
#[0, 5, 4, 2, 3]
71.000000	-3.006667
#[5, 5, 4, 2, 3]
71.000000	-3.006667
#[7, 5, 4, 0, 3]
81.000000	-6.467143
#[6, 0, 7, 2, 3]
81.000000	-6.131111
#[7, 5, 4, 2, 2]
81.000000	-5.665833
#[7, 7, 4, 2, 3]
81.000000	-7.950000
#[6, 5, 5, 2, 3]
81.000000	-6.735000
#[6, 6, 4, 2, 3]
81.000000	-4.832500
#[7, 5, 4, 2, 3]
81.000000	-3.062222
#[6, 5, 1, 2, 3]
81.000000	-4.513333
#[2, 2, 4, 2, 3]
81.000000	-4.513333
#[2, 5, 4, 2, 3]
81.000000	-3.006667
#[6, 5, 4, 0, 3]
91.000000	-3.382381
#[6, 2, 4, 2, 3]
91.000000	-1.500000
#[6, 5, 4, 7, 3]
91.000000	-6.941935
#[6, 5, 2, 2, 3]
91.000000	-7.950000
#[6, 5, 4, 6, 0]
91.000000	-3.523750
#[4, 5, 4, 0, 3]
91.000000	-3.006667
#[6, 2, 6, 2, 3]
91.000000	-6.020000
#[1, 5, 4, 2, 3]
91.000000	-3.006667
#[6, 5, 2, 2, 2]
91.000000	-7.950000
#[6, 7, 4, 2, 0]
91.000000	-5.985000
#[6, 2, 4, 2, 1]
101.000000	-3.563333
#[6, 5, 6, 2, 3]
101.000000	-5.624167
#[1, 5, 3, 2, 3]
101.000000	-7.651667
#[6, 5, 4, 2, 4]
101.000000	-4.662857
#[5, 5, 3, 2, 3]
101.000000	-7.651667
#[2, 5, 4, 0, 3]
101.000000	-3.006667
#[6, 5, 0, 2, 1]
101.000000	-3.006667
#[6, 5, 3, 1, 3]
101.000000	-4.572857
#[0, 5, 7, 2, 3]
101.000000	-7.665556
#[0, 0, 4, 2, 3]
101.000000	-4.513333
#[0, 5, 4, 2, 0]
111.000000	-3.006667
#[3, 5, 4, 6, 3]
111.000000	-4.842581
#[6, 7, 4, 0, 3]
111.000000	-5.290833
#[6, 5, 7, 1, 3]
111.000000	-4.572857
#[1, 5, 4, 2, 1]
111.000000	-5.070000
#[6, 6, 4, 2, 1]
111.000000	-3.985556
#[3, 2, 4, 2, 3]
111.000000	-4.572857
#[6, 2, 4, 6, 3]
111.000000	-5.070000
#[0, 5, 4, 2, 1]
111.000000	-3.006667
#[2, 5, 2, 2, 3]
111.000000	-8.783333
#[2, 5, 5, 2, 3]
121.000000	-7.526667
#[6, 0, 4, 4, 3]
121.000000	-1.500000
#[2, 7, 4, 2, 3]
121.000000	-4.572857
#[3, 5, 1, 4, 3]
121.000000	-6.727284
#[6, 1, 4, 2, 4]
121.000000	-3.006667
#[5, 5, 4, 2, 2]
121.000000	-4.513333
#[6, 2, 4, 2, 2]
121.000000	-5.228333
#[6, 4, 7, 2, 3]
121.000000	-7.533333
#[6, 5, 6, 5, 3]
121.000000	-4.513333
#[1, 5, 6, 2, 3]
121.000000	-4.513333
#[6, 6, 7, 2, 3]
131.000000	-6.103333
#[6, 4, 4, 1, 3]
131.000000	-1.500000
#[4, 5, 2, 2, 3]
131.000000	-8.009524
#[7, 5, 4, 2, 4]
131.000000	-5.615238
#[5, 5, 4, 6, 3]
131.000000	-3.563333
#[0, 5, 4, 1, 3]
131.000000	-3.006667
#[6, 0, 4, 2, 4]
131.000000	-3.006667
#[6, 5, 3, 2, 2]
131.000000	-3.006667
#[6, 1, 4, 5, 3]
131.000000	-3.721667
#[6, 2, 1, 2, 3]
131.000000	-6.020000
#[6, 5, 7, 2, 2]
141.000000	-7.950000
#[6, 4, 4, 2, 2]
141.000000	-5.228333
#[6, 5, 5, 5, 3]
141.000000	-6.735000
#[6, 1, 4, 2, 1]
141.000000	-3.985556
#[3, 5, 4, 2, 4]
141.000000	-5.615238
#[1, 5, 5, 7, 3]
141.000000	-7.610000
#[3, 5, 6, 2, 3]
141.000000	-5.665833
#[7, 5, 5, 2, 3]
141.000000	-7.568333
#[4, 5, 5, 2, 3]
141.000000	-6.848095
#[6, 3, 4, 2, 0]
141.000000	-5.985000
#[6, 5, 4, 3, 1]
151.000000	-2.506667
#[6, 0, 4, 6, 3]
151.000000	-5.193913
#[6, 5, 7, 2, 1]
151.000000	-3.044545
#[6, 3, 4, 0, 3]
151.000000	-5.290833
#[6, 5, 5, 3, 3]
151.000000	-6.804444
#[1, 5, 4, 2, 4]
151.000000	-3.006667
#[6, 1, 4, 1, 3]
151.000000	-5.426250
#[0, 5, 4, 2, 4]
151.000000	-5.386667
#[6, 1, 3, 2, 3]
151.000000	-6.103333
#[6, 5, 4, 7, 2]
151.000000	-6.908333
#[7, 5, 4, 6, 3]
161.000000	-4.842581
#[6, 4, 4, 2, 1]
161.000000	-1.500000
#[6, 6, 4, 2, 2]
161.000000	-3.006667
#[1, 5, 4, 1, 3]
161.000000	-6.231212
#[6, 5, 2, 2, 4]
161.000000	-7.771429
#[0, 5, 4, 5, 3]
161.000000	-6.042292
#[6, 2, 5, 2, 3]
161.000000	-6.735000
#[6, 5, 4, 7, 0]
161.000000	-5.776667
#[0, 2, 4, 2, 3]
161.000000	-4.513333
#[6, 5, 7, 2, 4]
161.000000	-7.771429
#[2, 5, 4, 2, 1]
171.000000	-3.006667
#[6, 2, 4, 2, 0]
171.000000	-3.721667
#[6, 3, 1, 2, 3]
171.000000	-6.103333
#[4, 5, 4, 7, 3]
171.000000	-3.062222
#[6, 7, 4, 1, 3]
171.000000	-5.493958
#[0, 5, 4, 3, 3]
171.000000	-6.522879
#[6, 5, 1, 2, 2]
171.000000	-4.513333
#[5, 5, 4, 1, 3]
171.000000	-6.231212
#[6, 4, 4, 0, 3]
171.000000	-1.500000
#[1, 5, 4, 3, 3]
171.000000	-6.643333
#[6, 5, 4, 5, 1]
181.000000	-2.397692
#[6, 1, 4, 2, 0]
181.000000	-3.721667
#[6, 5, 6, 2, 4]
181.000000	-5.567619
#[0, 5, 3, 2, 3]
181.000000	-7.665556
#[5, 5, 4, 2, 1]
181.000000	-5.070000
#[3, 0, 4, 6, 3]
181.000000	-5.259130
#[3, 4, 4, 2, 3]
181.000000	-4.572857
#[6, 2, 4, 2, 4]
181.000000	-5.228333
#[6, 5, 0, 2, 4]
181.000000	-3.006667
#[5, 5, 4, 2, 4]
181.000000	-3.006667
#[6, 5, 4, 3, 4]
191.000000	-6.819048
#[6, 5, 1, 7, 1]
191.000000	-3.036429
#[4, 6, 4, 2, 3]
191.000000	-1.500000
#[4, 5, 3, 2, 3]
191.000000	-8.009524
#[6, 3, 4, 2, 2]
191.000000	-1.500000
#[6, 1, 4, 2, 2]
191.000000	-3.006667
#[2, 5, 4, 1, 3]
191.000000	-3.006667
#[5, 5, 4, 2, 0]
191.000000	-3.006667
#[6, 5, 1, 2, 0]
191.000000	-3.006667
#[6, 5, 0, 0, 3]
191.000000	-4.513333
#[6, 5, 2, 5, 3]
201.000000	-6.735000
#[1, 5, 4, 2, 0]
201.000000	-3.006667
#[6, 7, 4, 6, 3]
201.000000	-5.473125
#[6, 5, 0, 2, 0]
201.000000	-3.006667
#[5, 5, 0, 2, 3]
201.000000	-7.526667
#[6, 6, 2, 2, 3]
201.000000	-6.103333
#[6, 6, 4, 2, 4]
201.000000	-3.006667
#[6, 5, 6, 3, 1]
201.000000	-3.034444
#[7, 5, 4, 2, 1]
201.000000	-5.360909
#[3, 5, 0, 2, 3]
201.000000	-7.637778
#[6, 7, 4, 2, 1]
211.000000	-4.041111
#[3, 5, 7, 2, 3]
211.000000	-8.783333
#[6, 5, 2, 7, 3]
211.000000	-7.950000
#[6, 5, 2, 1, 3]
211.000000	-4.513333
#[5, 0, 4, 2, 3]
211.000000	-3.006667
#[6, 5, 4, 3, 2]
211.000000	0.006667
#[7, 3, 4, 2, 3]
211.000000	-7.950000
#[6, 6, 4, 2, 0]
211.000000	-3.721667
#[2, 5, 4, 2, 4]
211.000000	-5.567619
#[6, 2, 4, 0, 3]
211.000000	-1.500000
#[6, 3, 3, 2, 3]
221.000000	-8.366667
#[6, 6, 4, 1, 3]
221.000000	-5.426250
#[6, 2, 2, 2, 3]
221.000000	-8.366667
#[6, 5, 4, 6, 4]
221.000000	-4.662857
#[3, 5, 1, 2, 3]
221.000000	-7.637778
#[3, 5, 4, 7, 3]
221.000000	-7.909677
#[6, 5, 5, 1, 3]
221.000000	-4.513333
#[6, 3, 7, 2, 3]
221.000000	-8.366667
#[6, 5, 4, 1, 0]
221.000000	-2.328095
#[6, 7, 4, 2, 4]
221.000000	-5.270000
#[6, 3, 4, 6, 3]
231.000000	-5.473125
#[2, 5, 4, 7, 3]
231.000000	-7.475862
#[6, 7, 4, 3, 3]
231.000000	-7.637500
#[6, 6, 4, 3, 3]
231.000000	-5.467917
#[3, 0, 4, 2, 3]
231.000000	-4.589091
#[2, 5, 7, 2, 3]
231.000000	-8.783333
#[6, 3, 4, 2, 4]
231.000000	-5.270000
#[6, 5, 6, 2, 0]
231.000000	-4.117500
#[6, 5, 5, 2, 0]
231.000000	-5.228333
#[6, 5, 7, 6, 3]
231.000000	-5.676250
#[6, 0, 6, 2, 0]
241.000000	-4.513333
#[7, 5, 4, 7, 3]
241.000000	-7.909677
#[6, 5, 2, 2, 1]
241.000000	-3.006667
#[6, 5, 7, 2, 0]
241.000000	-6.401667
#[3, 5, 4, 1, 3]
241.000000	-6.727284
#[5, 5, 4, 3, 3]
241.000000	-6.643333
#[6, 5, 5, 0, 3]
241.000000	-4.513333
#[6, 5, 6, 3, 3]
241.000000	-5.676250
#[6, 3, 0, 2, 1]
241.000000	-4.580000
#[6, 0, 4, 2, 0]
241.000000	-1.500000
#[6, 4, 4, 2, 4]
251.000000	-5.228333
#[0, 6, 4, 2, 1]
251.000000	-3.721667
#[1, 5, 0, 2, 3]
251.000000	-7.526667
#[6, 5, 5, 2, 4]
251.000000	-3.006667
#[3, 5, 4, 5, 3]
251.000000	-6.544783
#[6, 3, 4, 3, 3]
251.000000	-7.637500
#[0, 5, 4, 6, 3]
251.000000	-3.433788
#[0, 4, 4, 2, 3]
251.000000	-4.513333
#[6, 7, 2, 2, 3]
251.000000	-8.366667
#[6, 6, 4, 5, 3]
251.000000	-3.721667
#[6, 0, 3, 2, 3]
261.000000	-6.131111
#[4, 5, 4, 2, 0]
261.000000	-4.117500
#[2, 6, 4, 2, 3]
261.000000	-1.500000
#[0, 5, 4, 7, 3]
261.000000	-6.522879
#[6, 5, 2, 6, 3]
261.000000	-5.624167
#[3, 5, 4, 4, 3]
261.000000	-3.062222
#[6, 5, 4, 3, 0]
261.000000	-5.776667
#[4, 3, 4, 2, 3]
261.000000	-4.572857
#[5, 6, 4, 2, 0]
261.000000	-3.325833
#[6, 5, 4, 1, 4]
261.000000	-4.314872
#[7, 1, 4, 2, 3]
271.000000	-7.950000
#[0, 5, 4, 2, 2]
271.000000	-4.513333
#[6, 1, 2, 2, 3]
271.000000	-6.103333
#[5, 5, 4, 7, 3]
271.000000	-6.643333
#[1, 2, 4, 2, 3]
271.000000	-4.513333
#[3, 5, 3, 2, 3]
271.000000	-8.783333
#[6, 5, 5, 2, 1]
271.000000	-3.006667
#[7, 5, 4, 3, 3]
271.000000	-7.909677
#[6, 3, 2, 2, 3]
271.000000	-8.366667
#[6, 5, 3, 7, 3]
271.000000	-7.950000
#[6, 0, 4, 2, 2]
281.000000	-3.006667
#[6, 5, 4, 6, 2]
281.000000	-4.634583
#[3, 7, 4, 2, 3]
281.000000	-7.950000
#[4, 5, 4, 3, 3]
281.000000	-3.062222
#[6, 1, 1, 2, 3]
281.000000	-6.020000
#[6, 7, 4, 2, 2]
281.000000	-5.270000
#[1, 5, 4, 5, 3]
281.000000	-6.231212
#[6, 1, 4, 3, 3]
281.000000	-5.467917
#[6, 2, 7, 2, 3]
281.000000	-8.366667
#[0, 5, 1, 2, 3]
281.000000	-7.526667
#[6, 2, 4, 7, 3]
291.000000	-7.200000
#[6, 1, 5, 2, 3]
291.000000	-4.513333
#[3, 5, 4, 2, 0]
291.000000	-4.159167
#[0, 4, 4, 0, 3]
291.000000	-4.513333
#[1, 5, 4, 2, 2]
291.000000	-4.513333
#[7, 5, 4, 2, 0]
291.000000	-4.159167
#[7, 5, 2, 2, 3]
291.000000	-8.783333
#[7, 5, 2, 0, 3]
291.000000	-7.637778
#[6, 5, 3, 2, 4]
291.000000	-7.771429
#[6, 7, 1, 2, 2]
291.000000	-6.103333
#[6, 0, 4, 7, 3]
301.000000	-5.251884
#[6, 5, 3, 2, 1]
301.000000	-3.044545
#[6, 0, 4, 3, 3]
301.000000	-5.251884
#[6, 5, 1, 3, 3]
301.000000	-4.572857
#[6, 5, 3, 6, 1]
301.000000	-3.034444
#[7, 5, 7, 2, 3]
301.000000	-8.783333
#[2, 5, 4, 2, 0]
301.000000	-4.117500
#[6, 5, 2, 0, 3]
301.000000	-4.513333
#[4, 5, 0, 2, 3]
301.000000	-3.006667
#[2, 3, 4, 2, 2]
301.000000	-4.513333
#[1, 5, 2, 2, 3]
311.000000	-7.651667
#[6, 2, 4, 3, 3]
311.000000	-7.200000
#[3, 5, 4, 2, 2]
311.000000	-3.006667
#[6, 0, 4, 5, 3]
311.000000	-3.395686
#[2, 5, 3, 2, 3]
311.000000	-8.783333
#[7, 0, 6, 2, 3]
311.000000	-6.075556
#[4, 2, 4, 2, 3]
311.000000	-4.513333
#[6, 5, 4, 5, 2]
311.000000	-3.721667
#[4, 5, 6, 2, 3]
311.000000	-4.889048
#[3, 1, 4, 2, 3]
311.000000	-7.950000
#[6, 5, 7, 5, 3]
321.000000	-6.804444
#[6, 5, 4, 0, 1]
321.000000	-2.373333
#[5, 4, 4, 2, 3]
321.000000	-3.006667
#[6, 5, 4, 0, 0]
321.000000	-5.334359
#[6, 5, 4, 0, 4]
321.000000	-2.373333
#[0, 5, 2, 2, 3]
321.000000	-7.665556
#[6, 5, 6, 2, 2]
321.000000	-5.624167
#[6, 5, 4, 1, 1]
321.000000	-2.441190
#[6, 3, 6, 2, 3]
321.000000	-6.061667
#[6, 7, 0, 2, 3]
321.000000	-6.103333
#[6, 3, 4, 2, 1]
331.000000	-4.041111
#[4, 0, 4, 2, 3]
331.000000	-4.513333
#[5, 5, 1, 2, 3]
331.000000	-7.526667
#[3, 5, 2, 2, 3]
331.000000	-8.783333
#[0, 5, 4, 0, 3]
331.000000	-3.006667
#[1, 0, 4, 2, 2]
331.000000	-6.020000
#[6, 5, 4, 1, 2]
331.000000	-1.500000
#[4, 5, 4, 1, 3]
331.000000	-3.006667
#[1, 5, 5, 2, 3]
331.000000	-7.526667
#[5, 5, 4, 5, 2]
331.000000	-4.513333
#[5, 7, 4, 2, 3]
341.000000	-3.062222
#[4, 5, 4, 2, 4]
341.000000	-5.567619
#[6, 4, 4, 5, 3]
341.000000	0.006667
#[1, 3, 4, 2, 3]
341.000000	-7.950000
#[5, 5, 7, 2, 3]
341.000000	-7.651667
#[1, 5, 4, 6, 3]
341.000000	-3.563333
#[4, 7, 4, 2, 3]
341.000000	-4.572857
#[6, 1, 1, 5, 3]
341.000000	-4.513333
#[6, 5, 1, 7, 3]
341.000000	-4.572857
#[4, 3, 4, 2, 1]
341.000000	-4.568889
#[6, 4, 7, 5, 3]
351.000000	-5.998889
#[6, 4, 4, 4, 0]
351.000000	-3.721667
#[6, 3, 4, 5, 3]
351.000000	-5.860000
#[6, 4, 4, 5, 0]
351.000000	-3.457778
#[2, 4, 4, 7, 3]
351.000000	-4.583846
#[6, 4, 3, 5, 3]
351.000000	-5.998889
#[6, 4, 4, 5, 1]
351.000000	-2.328095
#[6, 4, 4, 7, 3]
351.000000	-4.704524
#[5, 4, 4, 5, 3]
351.000000	-3.006667
#[6, 3, 4, 5, 1]
351.000000	-4.942619
#[4, 4, 4, 5, 3]
361.000000	-3.006667
#[6, 4, 4, 5, 4]
361.000000	-4.662857
#[3, 4, 4, 5, 3]
361.000000	-3.062222
#[7, 4, 4, 5, 3]
361.000000	-3.062222
#[6, 4, 1, 5, 3]
361.000000	-3.382381
#[6, 4, 4, 6, 3]
361.000000	-4.662857
#[1, 4, 4, 5, 3]
361.000000	-3.006667
#[0, 6, 4, 5, 3]
361.000000	-3.395686
#[6, 4, 4, 5, 2]
361.000000	-3.721667
#[6, 4, 5, 5, 3]
361.000000	-5.943333
#[2, 4, 4, 6, 3]
371.000000	-1.500000
#[0, 4, 4, 5, 3]
371.000000	-3.006667
#[6, 4, 2, 5, 3]
371.000000	-5.943333
#[6, 2, 4, 5, 4]
371.000000	-4.314872
#[1, 4, 7, 5, 3]
371.000000	-3.062222
#[6, 2, 4, 5, 3]
371.000000	-5.223636
#[6, 4, 6, 5, 3]
371.000000	-3.834762
#[6, 7, 4, 5, 3]
371.000000	-5.860000
#[6, 4, 1, 5, 4]
371.000000	-2.554286
#[2, 4, 4, 5, 3]
371.000000	-3.006667
#[1, 4, 4, 4, 3]
381.000000	-4.513333
#[6, 4, 4, 0, 4]
381.000000	-3.006667
#[6, 4, 4, 3, 3]
381.000000	-4.704524
#[0, 4, 7, 5, 3]
381.000000	-6.654444
#[5, 4, 4, 5, 2]
381.000000	-4.513333
#[5, 4, 4, 1, 3]
381.000000	-3.006667
#[6, 4, 0, 5, 3]
381.000000	-3.495476
#[6, 4, 4, 1, 0]
381.000000	-3.523750
#[6, 0, 3, 4, 3]
381.000000	-5.251884
#[1, 3, 4, 5, 3]
381.000000	-6.832222
#[6, 4, 0, 5, 4]
391.000000	-2.373333
#[6, 4, 4, 1, 4]
391.000000	-3.006667
#[1, 4, 1, 5, 3]
391.000000	-3.006667
#[7, 4, 1, 5, 3]
391.000000	-6.475079
#[5, 4, 4, 3, 3]
391.000000	-3.062222
#[6, 2, 4, 1, 3]
391.000000	-4.724545
#[6, 3, 4, 5, 0]
391.000000	-5.985000
#[5, 3, 4, 5, 3]
391.000000	-6.544783
#[6, 3, 6, 5, 4]
391.000000	-5.615238
#[6, 4, 4, 6, 4]
391.000000	-3.006667
#[5, 7, 4, 5, 3]
401.000000	-6.544783
#[1, 4, 4, 1, 3]
401.000000	-4.513333
#[1, 4, 3, 5, 3]
401.000000	-3.062222
#[3, 4, 0, 5, 3]
401.000000	-6.580238
#[2, 1, 4, 5, 3]
401.000000	-3.006667
#[2, 4, 7, 5, 3]
401.000000	-6.935397
#[1, 6, 4, 5, 3]
401.000000	-3.721667
#[6, 4, 4, 3, 2]
401.000000	-4.634583
#[1, 4, 4, 5, 4]
401.000000	-5.567619
#[6, 3, 1, 5, 3]
401.000000	-4.582778
#[6, 4, 1, 4, 3]
411.000000	-1.500000
#[6, 4, 3, 5, 2]
411.000000	0.006667
#[6, 4, 4, 0, 2]
411.000000	-3.006667
#[5, 4, 6, 5, 3]
411.000000	-3.834762
#[6, 4, 7, 6, 3]
411.000000	-5.383095
#[6, 6, 4, 5, 4]
411.000000	-4.662857
#[2, 0, 4, 5, 3]
411.000000	-3.006667
#[6, 6, 0, 5, 3]
411.000000	-4.513333
#[6, 4, 0, 5, 1]
411.000000	-1.236111
#[3, 4, 4, 5, 0]
411.000000	-4.291111
#[6, 4, 4, 7, 1]
421.000000	-4.655417
#[0, 4, 4, 1, 3]
421.000000	-4.513333
#[6, 4, 4, 2, 0]
421.000000	-3.721667
#[6, 6, 2, 5, 3]
421.000000	-4.513333
#[2, 4, 1, 5, 3]
421.000000	-3.006667
#[2, 4, 4, 5, 2]
421.000000	-4.513333
#[6, 7, 4, 5, 2]
421.000000	-3.763333
#[6, 4, 4, 7, 0]
421.000000	-3.742500
#[6, 7, 6, 5, 3]
421.000000	-4.555000
#[6, 0, 4, 5, 0]
421.000000	-3.457778
#[4, 2, 4, 1, 3]
431.000000	-4.513333
#[2, 4, 4, 5, 1]
431.000000	-4.117500
#[6, 4, 4, 0, 1]
431.000000	-2.554286
#[7, 6, 4, 5, 3]
431.000000	-5.860000
#[6, 0, 4, 1, 3]
431.000000	-5.020000
#[0, 3, 4, 5, 3]
431.000000	-6.477647
#[6, 2, 4, 5, 1]
431.000000	-3.325833
#[0, 4, 1, 5, 3]
431.000000	-3.006667
#[6, 5, 4, 5, 0]
431.000000	-4.436667
#[6, 7, 4, 5, 0]
431.000000	-5.985000
#[4, 0, 4, 5, 3]
441.000000	-3.006667
#[4, 4, 4, 5, 1]
441.000000	-5.341429
#[1, 7, 4, 5, 3]
441.000000	-6.832222
#[6, 1, 7, 5, 3]
441.000000	-4.568889
#[6, 7, 3, 5, 3]
441.000000	-6.832222
#[6, 4, 4, 1, 2]
441.000000	-3.006667
#[0, 4, 4, 5, 0]
441.000000	-4.161481
#[6, 4, 3, 5, 4]
441.000000	-6.819048
#[6, 4, 0, 5, 0]
441.000000	-5.310000
#[6, 6, 4, 5, 2]
441.000000	-1.500000
#[4, 4, 4, 5, 0]
451.000000	-4.249444
#[6, 7, 5, 5, 3]
451.000000	-6.776667
#[6, 3, 4, 1, 3]
451.000000	-5.493958
#[6, 3, 4, 7, 3]
451.000000	-7.637500
#[4, 4, 7, 5, 3]
451.000000	-3.062222
#[1, 4, 0, 5, 3]
451.000000	-3.006667
#[6, 0, 4, 5, 2]
451.000000	-1.500000
#[0, 4, 3, 5, 3]
451.000000	-6.654444
#[6, 3, 6, 5, 3]
451.000000	-4.555000
#[1, 3, 4, 5, 0]
451.000000	-6.818333
#[6, 2, 0, 5, 3]
461.000000	-4.513333
#[6, 1, 5, 5, 3]
461.000000	-4.513333
#[6, 1, 4, 7, 3]
461.000000	-5.467917
#[5, 1, 4, 4, 3]
461.000000	-3.006667
#[6, 4, 6, 5, 4]
461.000000	-4.662857
#[6, 0, 4, 5, 1]
461.000000	-3.513333
#[6, 4, 6, 3, 3]
461.000000	-5.383095
#[6, 0, 0, 5, 3]
461.000000	-4.513333
#[0, 4, 7, 6, 2]
461.000000	-3.062222
#[0, 7, 4, 5, 3]
461.000000	-6.477647
#[5, 4, 0, 5, 3]
471.000000	-6.339167
#[6, 4, 5, 5, 2]
471.000000	-5.943333
#[6, 0, 3, 5, 3]
471.000000	-4.587407
#[6, 4, 0, 4, 3]
471.000000	-1.500000
#[6, 7, 0, 5, 3]
471.000000	-4.575833
#[6, 7, 4, 5, 4]
471.000000	-6.819048
#[6, 4, 4, 1, 1]
471.000000	-2.610833
#[6, 7, 2, 5, 3]
471.000000	-6.776667
#[1, 4, 7, 5, 2]
471.000000	-4.568889
#[7, 0, 4, 5, 3]
471.000000	-6.477647
#[6, 4, 0, 1, 0]
481.000000	-1.500000
#[6, 0, 5, 5, 3]
481.000000	-4.513333
#[6, 4, 4, 6, 0]
481.000000	-1.500000
#[5, 4, 4, 6, 3]
481.000000	0.006667
#[6, 4, 3, 5, 0]
481.000000	-5.707222
#[6, 4, 2, 0, 3]
481.000000	-4.662857
#[3, 4, 1, 5, 3]
481.000000	-6.475079
#[6, 4, 5, 5, 0]
481.000000	-4.436667
#[1, 3, 4, 5, 4]
481.000000	-7.771429
#[3, 4, 4, 5, 4]
481.000000	-5.615238
#[5, 4, 4, 6, 2]
491.000000	-4.634583
#[5, 4, 0, 6, 3]
491.000000	-3.513333
#[4, 4, 4, 6, 3]
491.000000	-3.721667
#[3, 4, 4, 6, 3]
491.000000	-6.938095
#[5, 0, 4, 6, 3]
491.000000	-3.433788
#[3, 4, 4, 6, 0]
491.000000	-4.159167
#[5, 4, 5, 6, 3]
491.000000	-3.834762
#[5, 2, 4, 6, 3]
491.000000	-4.382069
#[5, 4, 4, 6, 4]
491.000000	-4.662857
#[5, 4, 4, 6, 1]
491.000000	-2.478889
#[5, 4, 7, 6, 3]
501.000000	-4.942619
#[5, 4, 4, 6, 0]
501.000000	-3.523750
#[5, 4, 6, 6, 3]
501.000000	-4.889048
#[5, 4, 1, 6, 3]
501.000000	-3.325833
#[1, 4, 4, 6, 3]
501.000000	-3.721667
#[5, 6, 4, 6, 3]
501.000000	-4.794194
#[5, 4, 4, 0, 3]
501.000000	-3.006667
#[5, 1, 4, 6, 3]
501.000000	-3.563333
#[5, 4, 4, 4, 3]
501.000000	-3.006667
#[0, 4, 4, 6, 3]
501.000000	-1.500000
#[3, 4, 3, 6, 3]
511.000000	-7.652381
#[4, 0, 4, 6, 3]
511.000000	-1.500000
#[5, 3, 4, 6, 3]
511.000000	-4.842581
#[5, 4, 4, 7, 3]
511.000000	-3.062222
#[7, 6, 4, 6, 1]
511.000000	-5.280417
#[5, 4, 2, 6, 3]
511.000000	-4.889048
#[7, 4, 4, 6, 3]
511.000000	-6.938095
#[5, 4, 3, 6, 3]
511.000000	-4.942619
#[5, 7, 4, 6, 3]
511.000000	-4.842581
#[5, 4, 4, 1, 1]
511.000000	-3.006667
#[4, 4, 4, 6, 4]
521.000000	-5.228333
#[4, 4, 4, 6, 2]
521.000000	-5.228333
#[5, 4, 5, 6, 1]
521.000000	-2.397692
#[5, 4, 6, 6, 0]
521.000000	-3.325833
#[0, 4, 4, 3, 3]
521.000000	-4.574737
#[3, 0, 4, 6, 0]
521.000000	-6.526667
#[4, 6, 4, 6, 3]
521.000000	-4.662857
#[2, 4, 4, 2, 3]
521.000000	-4.513333
#[1, 4, 4, 2, 3]
521.000000	-4.513333
#[5, 3, 6, 6, 3]
521.000000	-5.665833
#[3, 4, 4, 1, 3]
531.000000	-4.590714
#[5, 3, 4, 3, 3]
531.000000	-7.909677
#[5, 4, 0, 6, 1]
531.000000	-2.373333
#[5, 3, 4, 0, 3]
531.000000	-6.467143
#[5, 2, 6, 6, 3]
531.000000	-5.624167
#[5, 4, 0, 6, 2]
531.000000	-1.500000
#[5, 6, 4, 0, 3]
531.000000	-3.382381
#[5, 6, 0, 6, 3]
531.000000	-4.513333
#[0, 3, 4, 6, 3]
531.000000	-5.259130
#[0, 4, 4, 6, 0]
531.000000	-3.985556
#[4, 4, 4, 2, 3]
541.000000	-4.513333
#[5, 4, 1, 6, 0]
541.000000	-2.328095
#[5, 4, 7, 6, 0]
541.000000	-5.776667
#[6, 1, 4, 6, 3]
541.000000	-5.426250
#[5, 4, 4, 7, 1]
541.000000	-3.034444
#[5, 4, 4, 7, 0]
541.000000	-4.148750
#[5, 0, 4, 4, 3]
541.000000	-3.006667
#[5, 4, 6, 6, 1]
541.000000	0.006667
#[6, 6, 4, 6, 1]
541.000000	-5.228333
#[5, 2, 1, 6, 3]
541.000000	-4.513333
#[2, 4, 6, 6, 3]
551.000000	-5.341429
#[5, 0, 7, 6, 3]
551.000000	-4.582778
#[5, 4, 4, 7, 2]
551.000000	-5.676250
#[5, 4, 4, 4, 0]
551.000000	-4.117500
#[2, 4, 4, 6, 2]
551.000000	-3.006667
#[5, 4, 6, 4, 3]
551.000000	0.006667
#[5, 1, 4, 6, 1]
551.000000	-4.662857
#[5, 7, 4, 6, 1]
551.000000	-5.020000
#[5, 4, 6, 7, 3]
551.000000	-4.942619
#[5, 4, 4, 4, 2]
551.000000	-5.624167
#[0, 4, 6, 4, 3]
561.000000	-1.500000
#[5, 4, 6, 1, 3]
561.000000	-3.325833
#[5, 1, 6, 4, 3]
561.000000	-3.563333
#[5, 4, 6, 4, 1]
561.000000	-2.478889
#[5, 4, 1, 4, 3]
561.000000	-3.006667
#[5, 4, 7, 4, 3]
561.000000	-3.062222
#[7, 4, 6, 4, 3]
561.000000	-6.938095
#[5, 4, 0, 4, 1]
561.000000	-3.006667
#[5, 4, 2, 4, 3]
561.000000	-3.006667
#[5, 4, 3, 4, 3]
561.000000	-3.062222
#[5, 4, 6, 4, 2]
571.000000	-4.634583
#[5, 5, 6, 4, 3]
571.000000	-3.563333
#[5, 4, 6, 2, 3]
571.000000	-4.889048
#[5, 0, 6, 4, 4]
571.000000	-2.373333
#[6, 4, 6, 4, 3]
571.000000	-4.662857
#[3, 4, 7, 4, 3]
571.000000	-7.771429
#[5, 4, 6, 4, 0]
571.000000	-3.523750
#[5, 4, 0, 4, 3]
571.000000	-3.006667
#[5, 4, 6, 4, 4]
571.000000	-4.662857
#[7, 4, 6, 4, 0]
571.000000	-4.159167
#[2, 4, 6, 4, 3]
581.000000	-1.500000
#[5, 2, 6, 4, 3]
581.000000	-4.382069
#[5, 4, 6, 3, 3]
581.000000	-4.942619
#[4, 4, 6, 2, 3]
581.000000	-1.500000
#[4, 4, 6, 4, 3]
581.000000	-3.721667
#[5, 3, 6, 4, 3]
581.000000	-4.842581
#[5, 4, 6, 0, 3]
581.000000	-3.513333
#[5, 4, 5, 4, 3]
581.000000	-3.006667
#[5, 7, 6, 1, 3]
581.000000	-4.584762
#[1, 4, 6, 4, 3]
581.000000	-3.721667
#[5, 6, 6, 4, 3]
591.000000	-4.794194
#[5, 4, 1, 2, 3]
591.000000	-3.006667
#[3, 4, 6, 1, 3]
591.000000	-7.295238
#[3, 4, 6, 4, 3]
591.000000	-6.938095
#[5, 3, 6, 5, 3]
591.000000	-4.555000
#[5, 0, 6, 4, 3]
591.000000	-3.433788
#[5, 4, 6, 7, 0]
591.000000	-5.776667
#[5, 7, 6, 4, 3]
591.000000	-4.842581
#[5, 0, 6, 6, 3]
591.000000	-4.513333
#[5, 4, 6, 5, 1]
591.000000	-2.397692
#[5, 4, 1, 4, 1]
601.000000	-3.006667
#[5, 4, 6, 5, 4]
601.000000	0.006667
#[5, 7, 0, 4, 3]
601.000000	-6.467143
#[5, 0, 6, 4, 2]
601.000000	-1.500000
#[1, 4, 0, 4, 3]
601.000000	-4.513333
#[5, 2, 1, 4, 3]
601.000000	-3.006667
#[2, 4, 3, 4, 3]
601.000000	-4.583846
#[5, 7, 6, 4, 4]
601.000000	-6.819048
#[3, 6, 7, 4, 3]
601.000000	-7.637500
#[5, 7, 5, 4, 3]
601.000000	-6.544783
#[5, 5, 6, 3, 3]
611.000000	-4.575833
#[0, 4, 5, 4, 1]
611.000000	-4.180000
#[5, 4, 6, 6, 4]
611.000000	-4.662857
#[4, 4, 6, 4, 4]
611.000000	-5.228333
#[5, 4, 0, 4, 4]
611.000000	-5.386667
#[0, 4, 7, 4, 3]
611.000000	-4.574737
#[1, 4, 6, 4, 0]
611.000000	-4.117500
#[5, 4, 6, 3, 1]
611.000000	-2.506667
#[2, 4, 5, 4, 3]
611.000000	-3.006667
#[5, 6, 6, 2, 3]
611.000000	-5.624167
#[1, 4, 6, 3, 3]
621.000000	-3.763333
#[1, 4, 3, 4, 3]
621.000000	-4.555000
#[0, 4, 6, 4, 2]
621.000000	-3.006667
#[0, 4, 6, 2, 3]
621.000000	-5.070000
#[5, 7, 6, 0, 3]
621.000000	-4.573939
#[5, 7, 1, 4, 3]
621.000000	-6.727284
#[5, 1, 6, 1, 3]
621.000000	-4.513333
#[1, 4, 6, 4, 1]
621.000000	-5.228333
#[5, 1, 1, 4, 3]
621.000000	-6.231212
#[5, 4, 6, 0, 0]
621.000000	-5.334359
#[2, 4, 6, 4, 2]
631.000000	-3.006667
#[5, 0, 1, 4, 3]
631.000000	-3.006667
#[1, 2, 6, 4, 3]
631.000000	-4.662857
#[5, 4, 3, 4, 2]
631.000000	-3.006667
#[1, 6, 6, 4, 3]
631.000000	-5.426250
#[2, 0, 6, 4, 3]
631.000000	-4.662857
#[0, 4, 6, 5, 3]
631.000000	-3.563333
#[5, 4, 5, 1, 3]
631.000000	-6.129608
#[5, 0, 6, 4, 1]
631.000000	-4.436667
#[4, 3, 6, 4, 3]
631.000000	-6.938095
#[0, 4, 6, 1, 3]
641.000000	-1.500000
#[5, 1, 6, 4, 1]
641.000000	-4.662857
#[5, 4, 6, 1, 1]
641.000000	-2.441190
#[5, 4, 1, 4, 2]
641.000000	-4.513333
#[5, 4, 2, 4, 4]
641.000000	-5.567619
#[5, 4, 6, 3, 2]
641.000000	0.006667
#[4, 4, 6, 1, 3]
641.000000	-3.721667
#[5, 0, 7, 2, 3]
641.000000	-7.665556
#[5, 4, 1, 7, 3]
641.000000	-6.401667
#[5, 4, 7, 4, 0]
641.000000	-4.148750
#[7, 4, 0, 4, 3]
651.000000	-4.584762
#[5, 4, 5, 4, 2]
651.000000	-4.513333
#[1, 5, 3, 4, 3]
651.000000	-6.643333
#[2, 4, 7, 4, 3]
651.000000	-4.583846
#[5, 3, 6, 4, 1]
651.000000	-5.020000
#[5, 4, 3, 4, 4]
651.000000	-5.615238
#[7, 4, 6, 2, 3]
651.000000	-5.389048
#[5, 4, 1, 1, 3]
651.000000	-3.006667
#[5, 2, 6, 4, 2]
651.000000	-2.610833
#[4, 4, 6, 4, 1]
651.000000	-5.228333
#[5, 2, 6, 1, 3]
661.000000	-4.513333
#[5, 2, 3, 4, 3]
661.000000	-7.475862
#[5, 4, 2, 4, 0]
661.000000	-4.117500
#[1, 4, 6, 4, 4]
661.000000	-5.228333
#[5, 3, 6, 4, 4]
661.000000	-6.819048
#[5, 1, 6, 0, 3]
661.000000	-4.513333
#[5, 7, 6, 5, 3]
661.000000	-4.555000
#[5, 2, 6, 3, 3]
661.000000	-5.697083
#[5, 4, 6, 1, 0]
661.000000	-2.328095
#[6, 4, 6, 7, 3]
661.000000	-5.383095
#[5, 5, 6, 7, 3]
671.000000	-4.575833
#[5, 5, 6, 0, 3]
671.000000	-4.513333
#[5, 1, 6, 4, 0]
671.000000	-4.436667
#[0, 4, 6, 4, 1]
671.000000	-3.937576
#[0, 4, 5, 4, 3]
671.000000	-3.006667
#[4, 4, 6, 3, 1]
671.000000	-5.249167
#[2, 4, 5, 0, 3]
671.000000	-6.101667
#[5, 5, 3, 4, 3]
671.000000	-6.643333
#[5, 5, 7, 4, 3]
671.000000	-6.643333
#[4, 2, 6, 4, 3]
671.000000	-1.500000
#[5, 1, 7, 4, 3]
681.000000	-6.643333
#[2, 4, 6, 4, 1]
681.000000	-3.834762
#[5, 4, 2, 5, 3]
681.000000	-6.848095
#[2, 6, 6, 4, 3]
681.000000	-5.070000
#[4, 7, 6, 4, 3]
681.000000	-6.938095
#[5, 0, 6, 3, 3]
681.000000	-4.582778
#[5, 2, 6, 4, 4]
681.000000	-2.554286
#[5, 4, 6, 2, 0]
681.000000	-3.325833
#[5, 4, 2, 4, 2]
681.000000	-5.624167
#[0, 0, 6, 4, 3]
681.000000	-4.662857
#[5, 4, 6, 2, 2]
691.000000	-4.832500
#[5, 4, 1, 5, 3]
691.000000	-6.129608
#[3, 4, 6, 0, 3]
691.000000	-5.178730
#[5, 0, 6, 0, 3]
691.000000	-4.513333
#[7, 4, 7, 0, 3]
691.000000	-8.247619
#[5, 4, 3, 4, 0]
691.000000	-4.148750
#[5, 4, 2, 7, 3]
691.000000	-8.009524
#[4, 4, 0, 4, 3]
691.000000	-4.513333
#[4, 4, 4, 4, 3]
691.000000	-4.513333
#[3, 4, 6, 4, 2]
691.000000	-3.721667
#[4, 4, 7, 4, 3]
701.000000	-4.555000
#[0, 4, 6, 6, 3]
701.000000	-5.070000
#[7, 4, 6, 0, 3]
701.000000	-5.178730
#[5, 4, 3, 3, 3]
701.000000	-8.009524
#[2, 4, 6, 3, 3]
701.000000	-5.406905
#[6, 4, 6, 6, 3]
701.000000	-5.341429
#[5, 1, 6, 4, 4]
701.000000	0.006667
#[5, 2, 2, 6, 3]
701.000000	-5.624167
#[5, 4, 6, 3, 0]
701.000000	-5.776667
#[5, 7, 7, 4, 3]
701.000000	-7.909677
#[5, 6, 6, 7, 3]
711.000000	-5.676250
#[2, 4, 6, 0, 3]
711.000000	-4.902353
#[5, 4, 7, 1, 3]
711.000000	-6.401667
#[3, 4, 6, 4, 0]
711.000000	-4.159167
#[1, 4, 6, 6, 3]
711.000000	-1.500000
#[5, 4, 2, 4, 1]
711.000000	-3.006667
#[5, 3, 4, 4, 3]
711.000000	-3.062222
#[7, 4, 6, 5, 3]
711.000000	-3.882381
#[5, 3, 7, 4, 2]
711.000000	-3.062222
#[2, 7, 6, 4, 3]
711.000000	-5.120000
#[7, 2, 6, 4, 3]
721.000000	-5.120000
#[5, 7, 6, 4, 2]
721.000000	-6.700000
#[2, 4, 0, 4, 3]
721.000000	-4.513333
#[5, 4, 5, 4, 0]
721.000000	-3.006667
#[5, 1, 0, 4, 3]
721.000000	-3.006667
#[5, 7, 6, 7, 3]
721.000000	-7.741667
#[5, 7, 6, 4, 0]
721.000000	-5.985000
#[2, 4, 6, 4, 4]
721.000000	-3.006667
#[1, 7, 5, 4, 3]
721.000000	-6.832222
#[5, 6, 6, 4, 0]
721.000000	-3.523750
#[2, 2, 6, 4, 3]
731.000000	-4.662857
#[5, 3, 3, 4, 3]
731.000000	-7.909677
#[5, 7, 2, 4, 3]
731.000000	-3.062222
#[5, 3, 7, 4, 3]
731.000000	-7.909677
#[5, 0, 6, 0, 0]
731.000000	-3.006667
#[5, 4, 1, 4, 0]
731.000000	-3.006667
#[1, 4, 5, 4, 3]
731.000000	-3.006667
#[5, 4, 6, 1, 4]
731.000000	-4.314872
#[5, 4, 6, 7, 4]
731.000000	-6.819048
#[5, 5, 6, 4, 0]
731.000000	-4.436667
#[5, 6, 6, 4, 1]
741.000000	-2.478889
#[5, 6, 6, 4, 2]
741.000000	-4.634583
#[5, 4, 1, 4, 4]
741.000000	-5.289231
#[1, 0, 6, 4, 3]
741.000000	-4.662857
#[5, 2, 4, 4, 3]
741.000000	-3.006667
#[1, 4, 6, 1, 3]
741.000000	-3.721667
#[5, 4, 6, 0, 2]
741.000000	-1.500000
#[1, 4, 1, 4, 3]
741.000000	-4.513333
#[7, 4, 7, 4, 3]
741.000000	-7.771429
#[7, 5, 6, 4, 3]
741.000000	-4.842581
#[2, 4, 6, 1, 3]
751.000000	-4.595000
#[5, 5, 6, 6, 2]
751.000000	-4.513333
#[6, 4, 6, 4, 0]
751.000000	-1.500000
#[5, 2, 6, 2, 3]
751.000000	-5.624167
#[5, 3, 2, 4, 3]
751.000000	-3.062222
#[5, 5, 6, 6, 3]
751.000000	-4.513333
#[1, 4, 6, 4, 2]
751.000000	-5.228333
#[2, 4, 6, 2, 3]
751.000000	-5.341429
#[5, 4, 5, 5, 3]
751.000000	-6.848095
#[5, 7, 2, 4, 4]
751.000000	-5.615238
#[0, 1, 6, 4, 3]
761.000000	-4.662857
#[0, 4, 1, 4, 3]
761.000000	-4.513333
#[5, 4, 5, 4, 4]
761.000000	-3.006667
#[0, 4, 6, 4, 0]
761.000000	-3.985556
#[3, 4, 1, 4, 3]
761.000000	-4.590714
#[3, 4, 0, 4, 3]
761.000000	-4.584762
#[5, 1, 5, 4, 3]
761.000000	-6.231212
#[6, 4, 6, 4, 1]
761.000000	-2.610833
#[2, 4, 6, 4, 0]
761.000000	-3.721667
#[5, 3, 6, 1, 3]
761.000000	-4.584762
#[4, 4, 6, 0, 3]
771.000000	-1.500000
#[5, 1, 6, 4, 2]
771.000000	-1.500000
#[7, 1, 6, 4, 3]
771.000000	-7.741667
#[1, 3, 0, 4, 3]
771.000000	-8.366667
#[1, 4, 6, 2, 3]
771.000000	-1.500000
#[5, 4, 7, 7, 3]
771.000000	-8.009524
#[5, 7, 6, 2, 3]
771.000000	-5.665833
#[5, 4, 0, 4, 2]
771.000000	-4.513333
#[5, 4, 7, 4, 4]
771.000000	-5.615238
#[0, 4, 6, 3, 3]
771.000000	-5.128333
#[6, 4, 3, 4, 3]
781.000000	-4.704524
#[3, 4, 7, 0, 3]
781.000000	-8.247619
#[5, 5, 6, 1, 3]
781.000000	-4.513333
#[5, 4, 0, 1, 3]
781.000000	-3.006667
#[2, 4, 4, 4, 3]
781.000000	-4.513333
#[5, 0, 7, 4, 3]
781.000000	-6.522879
#[2, 4, 6, 5, 3]
781.000000	-3.834762
#[5, 4, 1, 3, 3]
781.000000	-6.401667
#[5, 6, 6, 3, 3]
781.000000	-5.676250
#[5, 4, 5, 2, 3]
781.000000	-6.848095
#[5, 2, 5, 4, 3]
791.000000	-3.006667
#[7, 4, 6, 4, 1]
791.000000	-5.280417
#[5, 5, 1, 4, 3]
791.000000	-6.231212
#[7, 4, 3, 4, 3]
791.000000	-7.771429
#[5, 4, 6, 0, 1]
791.000000	-2.373333
#[2, 5, 6, 4, 3]
791.000000	-4.382069
#[3, 6, 6, 4, 3]
791.000000	-5.473125
#[1, 4, 6, 0, 3]
791.000000	-1.500000
#[5, 6, 6, 6, 3]
791.000000	-5.624167
#[5, 7, 6, 4, 1]
791.000000	-5.020000
#[0, 5, 6, 4, 3]
801.000000	-3.433788
#[1, 4, 6, 5, 3]
801.000000	0.006667
#[5, 5, 6, 2, 3]
801.000000	-4.513333
#[5, 2, 6, 4, 1]
801.000000	-4.314872
#[7, 4, 6, 7, 3]
801.000000	-7.652381
#[3, 4, 6, 5, 3]
801.000000	-3.882381
#[5, 4, 7, 0, 3]
801.000000	-6.605614
#[5, 6, 4, 4, 3]
801.000000	0.006667
#[5, 0, 6, 4, 0]
801.000000	-4.436667
#[5, 4, 3, 2, 3]
801.000000	-8.009524
#[5, 2, 0, 4, 3]
811.000000	-3.006667
#[6, 0, 6, 4, 3]
811.000000	-5.193913
#[4, 4, 5, 4, 3]
811.000000	-3.006667
#[1, 4, 2, 4, 3]
811.000000	-4.513333
#[5, 1, 6, 7, 3]
811.000000	-4.575833
#[5, 4, 5, 3, 3]
811.000000	-6.919524
#[3, 5, 6, 4, 3]
811.000000	-4.842581
#[7, 4, 6, 1, 3]
811.000000	-7.295238
#[3, 4, 6, 4, 1]
811.000000	-5.280417
#[5, 1, 6, 3, 3]
811.000000	-4.575833
#[4, 4, 6, 4, 2]
821.000000	-5.228333
#[0, 2, 6, 4, 3]
821.000000	-4.662857
#[5, 4, 0, 7, 3]
821.000000	-6.605614
#[5, 4, 6, 7, 2]
821.000000	-6.908333
#[3, 4, 6, 3, 3]
821.000000	-7.652381
#[4, 4, 2, 4, 3]
821.000000	-4.513333
#[5, 7, 4, 4, 3]
821.000000	-3.062222
#[5, 0, 0, 4, 3]
821.000000	-3.006667
#[5, 4, 6, 6, 2]
821.000000	-4.832500
#[6, 4, 5, 4, 3]
821.000000	0.006667
#[6, 0, 5, 4, 3]
831.000000	-3.395686
#[6, 4, 5, 2, 3]
831.000000	-5.943333
#[6, 0, 5, 4, 4]
831.000000	-2.373333
#[6, 6, 5, 4, 3]
831.000000	-3.721667
#[6, 4, 5, 7, 3]
831.000000	-5.998889
#[6, 4, 5, 4, 0]
831.000000	-3.457778
#[6, 4, 5, 1, 3]
831.000000	-3.382381
#[6, 4, 5, 0, 3]
831.000000	-3.495476
#[6, 4, 7, 4, 3]
831.000000	-4.704524
#[6, 4, 5, 4, 2]
831.000000	-3.721667
#[6, 4, 5, 4, 1]
841.000000	-2.328095
#[3, 4, 5, 4, 3]
841.000000	-3.062222
#[6, 4, 2, 4, 3]
841.000000	-1.500000
#[6, 7, 5, 4, 3]
841.000000	-5.860000
#[7, 1, 5, 4, 3]
841.000000	-6.832222
#[6, 6, 2, 4, 3]
841.000000	-4.832500
#[6, 4, 5, 4, 4]
841.000000	-4.662857
#[6, 4, 5, 3, 3]
841.000000	-5.998889
#[0, 4, 5, 4, 0]
841.000000	-4.161481
#[6, 3, 5, 4, 3]
841.000000	-5.860000
#[0, 4, 0, 4, 3]
851.000000	-4.513333
#[7, 4, 5, 4, 3]
851.000000	-3.062222
#[6, 0, 5, 6, 3]
851.000000	-4.513333
#[6, 4, 5, 6, 3]
851.000000	-3.834762
#[6, 2, 5, 4, 3]
851.000000	-5.223636
#[6, 4, 5, 2, 1]
851.000000	-1.183333
#[0, 2, 5, 4, 3]
851.000000	-3.006667
#[3, 4, 5, 4, 2]
851.000000	-3.006667
#[6, 1, 3, 4, 3]
851.000000	-5.467917
#[6, 4, 6, 1, 3]
851.000000	-5.002143
#[4, 6, 5, 4, 3]
861.000000	0.006667
#[6, 0, 5, 0, 3]
861.000000	-4.513333
#[6, 4, 0, 6, 3]
861.000000	-5.115238
#[6, 4, 6, 4, 4]
861.000000	-3.006667
#[0, 4, 5, 1, 3]
861.000000	-3.006667
#[6, 4, 1, 7, 3]
861.000000	-5.043810
#[4, 4, 3, 4, 3]
861.000000	-4.555000
#[0, 4, 4, 4, 3]
861.000000	-4.513333
#[6, 4, 3, 0, 3]
861.000000	-5.170794
#[6, 4, 5, 6, 0]
861.000000	-3.457778
#[5, 6, 5, 4, 3]
871.000000	-5.530290
#[4, 6, 5, 2, 3]
871.000000	-5.943333
#[0, 6, 5, 4, 2]
871.000000	-1.500000
#[4, 6, 3, 0, 3]
871.000000	-5.170794
#[4, 6, 7, 4, 3]
871.000000	-4.704524
#[4, 6, 5, 4, 4]
871.000000	-4.662857
#[4, 6, 5, 4, 2]
871.000000	-3.721667
#[7, 6, 5, 4, 3]
871.000000	-5.860000
#[4, 2, 5, 4, 0]
871.000000	-3.006667
#[4, 6, 5, 5, 3]
871.000000	-5.943333
#[4, 6, 5, 6, 2]
881.000000	-3.721667
#[4, 6, 5, 4, 1]
881.000000	-2.328095
#[4, 7, 5, 7, 3]
881.000000	-6.951270
#[4, 6, 1, 4, 3]
881.000000	-1.500000
#[4, 7, 5, 4, 3]
881.000000	-3.062222
#[4, 6, 3, 4, 3]
881.000000	-4.704524
#[4, 6, 4, 4, 3]
881.000000	-1.500000
#[4, 6, 5, 0, 3]
881.000000	-3.495476
#[4, 6, 5, 6, 3]
881.000000	-3.834762
#[4, 1, 5, 4, 3]
881.000000	-3.006667
#[4, 6, 2, 4, 3]
891.000000	-1.500000
#[0, 7, 5, 4, 3]
891.000000	-6.477647
#[4, 6, 7, 4, 0]
891.000000	-3.742500
#[4, 6, 5, 2, 4]
891.000000	0.006667
#[4, 6, 5, 3, 3]
891.000000	-5.998889
#[4, 6, 5, 4, 0]
891.000000	-3.457778
#[4, 6, 6, 4, 3]
891.000000	-4.662857
#[4, 0, 5, 4, 3]
891.000000	-3.006667
#[4, 6, 0, 4, 3]
891.000000	-1.500000
#[0, 6, 5, 4, 3]
891.000000	-3.395686
#[2, 6, 5, 4, 3]
901.000000	-5.223636
#[1, 6, 5, 4, 2]
901.000000	-1.500000
#[4, 5, 5, 4, 3]
901.000000	-3.006667
#[4, 6, 5, 1, 3]
901.000000	-3.382381
#[1, 6, 5, 4, 3]
901.000000	-3.721667
#[3, 6, 5, 4, 3]
901.000000	-5.860000
#[7, 6, 7, 4, 3]
901.000000	-7.637500
#[4, 6, 5, 7, 3]
901.000000	-5.998889
#[4, 6, 4, 4, 1]
901.000000	-4.634583
#[1, 6, 5, 1, 3]
901.000000	-4.513333
#[2, 6, 7, 3, 3]
911.000000	-8.366667
#[4, 2, 5, 4, 3]
911.000000	-3.006667
#[4, 3, 5, 7, 3]
911.000000	-6.951270
#[4, 3, 5, 4, 3]
911.000000	-3.062222
#[4, 6, 1, 1, 3]
911.000000	-4.662857
#[7, 2, 5, 4, 3]
911.000000	-6.284242
#[4, 6, 5, 1, 4]
911.000000	-2.554286
#[4, 6, 4, 7, 3]
911.000000	-4.704524
#[5, 5, 5, 4, 0]
911.000000	-3.006667
#[4, 6, 5, 7, 2]
911.000000	-5.998889
#[0, 6, 5, 7, 3]
921.000000	-4.587407
#[4, 1, 5, 4, 2]
921.000000	-4.513333
#[4, 6, 2, 3, 3]
921.000000	-7.533333
#[4, 6, 6, 6, 3]
921.000000	-5.341429
#[0, 6, 6, 4, 3]
921.000000	-5.193913
#[4, 6, 0, 6, 3]
921.000000	-5.115238
#[4, 2, 5, 4, 4]
921.000000	-5.289231
#[4, 3, 5, 4, 2]
921.000000	-3.006667
#[0, 6, 5, 6, 3]
921.000000	-4.513333
#[5, 6, 5, 6, 3]
921.000000	-4.513333
#[2, 6, 5, 4, 0]
931.000000	-2.215000
#[7, 6, 5, 5, 3]
931.000000	-6.776667
#[6, 6, 5, 4, 4]
931.000000	-4.662857
#[0, 6, 2, 4, 3]
931.000000	-1.500000
#[4, 6, 5, 6, 0]
931.000000	-3.457778
#[4, 5, 6, 4, 3]
931.000000	0.006667
#[1, 0, 5, 4, 3]
931.000000	-3.006667
#[4, 6, 4, 4, 0]
931.000000	-3.721667
#[0, 6, 5, 4, 1]
931.000000	-3.513333
#[4, 2, 5, 4, 2]
931.000000	-4.513333
#[4, 5, 0, 1, 3]
941.000000	-3.006667
#[4, 5, 6, 4, 1]
941.000000	-2.478889
#[4, 5, 6, 1, 3]
941.000000	-3.325833
#[4, 1, 6, 4, 3]
941.000000	-3.721667
#[4, 5, 6, 6, 3]
941.000000	-4.889048
#[4, 5, 6, 4, 4]
941.000000	-4.662857
#[4, 0, 6, 4, 3]
941.000000	-1.500000
#[4, 5, 5, 4, 1]
941.000000	-3.006667
#[4, 5, 3, 4, 0]
941.000000	-4.148750
#[1, 5, 6, 4, 3]
941.000000	-3.563333
#[4, 5, 7, 4, 1]
951.000000	-3.034444
#[4, 5, 7, 4, 3]
951.000000	-3.062222
#[4, 3, 1, 4, 3]
951.000000	-4.590714
#[4, 5, 1, 4, 3]
951.000000	-3.006667
#[4, 5, 3, 4, 3]
951.000000	-3.062222
#[1, 7, 6, 4, 3]
951.000000	-7.741667
#[4, 5, 6, 0, 3]
951.000000	-3.513333
#[4, 5, 6, 3, 3]
951.000000	-4.942619
#[4, 5, 6, 4, 2]
951.000000	-4.634583
#[4, 5, 6, 5, 3]
951.000000	-3.834762
#[4, 5, 6, 4, 0]
961.000000	-3.523750
#[2, 5, 5, 3, 3]
961.000000	-7.623889
#[4, 5, 7, 4, 4]
961.000000	-5.615238
#[4, 1, 4, 4, 3]
961.000000	-4.513333
#[1, 5, 4, 4, 3]
961.000000	-3.006667
#[4, 5, 6, 3, 1]
961.000000	-2.506667
#[0, 5, 6, 0, 3]
961.000000	-4.513333
#[4, 5, 6, 7, 3]
961.000000	-4.942619
#[2, 5, 3, 4, 3]
961.000000	-7.475862
#[4, 5, 6, 7, 0]
961.000000	-5.776667
#[4, 4, 6, 6, 3]
971.000000	-1.500000
#[4, 7, 6, 2, 3]
971.000000	-5.389048
#[4, 5, 6, 7, 2]
971.000000	-6.908333
#[4, 5, 1, 5, 3]
971.000000	-6.129608
#[6, 5, 6, 4, 2]
971.000000	-4.634583
#[3, 0, 6, 4, 3]
971.000000	-5.259130
#[4, 5, 3, 4, 1]
971.000000	-3.034444
#[4, 0, 3, 4, 3]
971.000000	-4.574737
#[4, 4, 6, 4, 0]
971.000000	-4.117500
#[4, 7, 6, 4, 4]
971.000000	-5.270000
#[4, 5, 5, 6, 3]
981.000000	-3.834762
#[4, 2, 6, 0, 3]
981.000000	-4.902353
#[2, 5, 6, 1, 3]
981.000000	-4.513333
#[4, 5, 6, 1, 0]
981.000000	-2.328095
#[4, 5, 0, 4, 0]
981.000000	-4.026154
#[4, 5, 0, 6, 3]
981.000000	-3.513333
#[4, 1, 6, 7, 3]
981.000000	-3.763333
#[4, 5, 2, 4, 2]
981.000000	-5.624167
#[1, 5, 6, 0, 3]
981.000000	-4.513333
#[4, 5, 0, 4, 4]
981.000000	-5.386667
#[1, 5, 5, 4, 3]
991.000000	-6.231212
#[4, 2, 1, 4, 3]
991.000000	-4.513333
#[2, 5, 6, 4, 1]
991.000000	-4.314872
#[4, 7, 6, 1, 3]
991.000000	-7.295238
#[4, 5, 7, 4, 0]
991.000000	-4.148750
#[4, 5, 2, 4, 1]
991.000000	-3.006667
#[4, 2, 2, 4, 3]
991.000000	-4.513333
#[3, 5, 6, 4, 0]
991.000000	-5.985000
#[4, 0, 6, 4, 0]
991.000000	-3.985556
#[3, 5, 6, 5, 3]
991.000000	-4.555000
#[4, 0, 6, 3, 2]
1001.000000	-1.500000
#[4, 5, 1, 4, 2]
1001.000000	-4.513333
#[0, 5, 6, 4, 4]
1001.000000	-2.373333
#[4, 7, 6, 3, 3]
1001.000000	-7.652381
#[4, 2, 6, 1, 3]
1001.000000	-4.595000
#[2, 0, 6, 4, 0]
1001.000000	-1.500000
#[4, 5, 0, 0, 3]
1001.000000	-3.006667
#[4, 5, 2, 1, 3]
1001.000000	-3.006667
#[7, 3, 6, 4, 3]
1001.000000	-7.741667
#[4, 0, 6, 7, 3]
1001.000000	-5.128333
#[4, 5, 7, 5, 3]
1011.000000	-6.919524
#[4, 4, 1, 4, 3]
1011.000000	-4.513333
#[4, 5, 6, 7, 4]
1011.000000	-6.819048
#[4, 5, 6, 0, 2]
1011.000000	-1.500000
#[4, 5, 5, 4, 4]
1011.000000	-3.006667
#[4, 5, 6, 3, 4]
1011.000000	-6.819048
#[7, 5, 6, 0, 3]
1011.000000	-4.573939
#[3, 5, 7, 4, 3]
1011.000000	-7.909677
#[4, 5, 6, 1, 2]
1011.000000	-1.500000
#[2, 5, 6, 4, 2]
1011.000000	-2.610833
#[1, 5, 6, 4, 1]
1021.000000	-4.662857
#[4, 3, 0, 4, 3]
1021.000000	-4.584762
#[4, 1, 1, 4, 3]
1021.000000	-4.513333
#[4, 5, 1, 4, 1]
1021.000000	-3.006667
#[4, 5, 1, 0, 2]
1021.000000	-4.513333
#[3, 3, 6, 4, 3]
1021.000000	-7.741667
#[0, 5, 6, 4, 2]
1021.000000	-1.500000
#[4, 6, 6, 4, 4]
1021.000000	-3.006667
#[4, 0, 6, 6, 3]
1021.000000	-5.070000
#[4, 0, 7, 4, 2]
1021.000000	-6.075556
#[4, 4, 6, 5, 3]
1031.000000	0.006667
#[4, 5, 2, 4, 0]
1031.000000	-4.117500
#[6, 5, 6, 4, 0]
1031.000000	-3.523750
#[5, 5, 6, 4, 1]
1031.000000	-4.662857
#[4, 0, 5, 1, 3]
1031.000000	-3.006667
#[4, 1, 3, 4, 3]
1031.000000	-4.555000
#[4, 4, 6, 3, 3]
1031.000000	-3.763333
#[4, 5, 6, 6, 4]
1031.000000	-4.662857
#[4, 3, 6, 4, 4]
1031.000000	-5.270000
#[4, 5, 3, 1, 3]
1031.000000	-6.401667
#[6, 5, 6, 4, 1]
1041.000000	-2.478889
#[4, 3, 2, 4, 3]
1041.000000	-4.572857
#[0, 5, 2, 4, 3]
1041.000000	-3.006667
#[4, 0, 2, 4, 3]
1041.000000	-4.513333
#[4, 7, 3, 4, 3]
1041.000000	-7.771429
#[4, 0, 6, 4, 2]
1041.000000	-3.006667
#[4, 5, 0, 4, 1]
1041.000000	-3.006667
#[4, 2, 6, 4, 4]
1041.000000	-3.006667
#[0, 3, 6, 4, 3]
1041.000000	-5.259130
#[4, 5, 6, 6, 0]
1041.000000	-3.325833
#[4, 5, 3, 5, 3]
1051.000000	-6.919524
#[4, 5, 4, 6, 3]
1051.000000	0.006667
#[0, 7, 6, 4, 3]
1051.000000	-5.259130
#[3, 5, 2, 4, 3]
1051.000000	-3.062222
#[7, 5, 6, 2, 3]
1051.000000	-5.665833
#[4, 5, 6, 1, 1]
1051.000000	-2.441190
#[4, 2, 6, 3, 3]
1051.000000	-5.406905
#[1, 5, 6, 1, 3]
1051.000000	-4.513333
#[5, 5, 6, 4, 4]
1051.000000	0.006667
#[4, 3, 6, 1, 3]
1051.000000	-7.295238
#[4, 5, 4, 2, 3]
1061.000000	-3.006667
#[6, 5, 4, 6, 3]
1061.000000	-4.794194
#[4, 5, 5, 6, 3]
1061.000000	-3.834762
#[2, 5, 4, 6, 3]
1061.000000	-4.382069
#[4, 5, 4, 6, 4]
1061.000000	-4.662857
#[4, 5, 0, 5, 3]
1061.000000	-6.339167
#[4, 5, 0, 6, 3]
1061.000000	-3.513333
#[4, 2, 4, 6, 1]
1061.000000	-3.834762
#[4, 5, 7, 6, 3]
1061.000000	-4.942619
#[4, 5, 4, 6, 0]
1061.000000	-3.523750
#[5, 5, 4, 6, 3]
1071.000000	-3.563333
#[4, 5, 4, 6, 2]
1071.000000	-4.634583
#[3, 5, 4, 6, 1]
1071.000000	-5.020000
#[4, 2, 4, 6, 3]
1071.000000	-1.500000
#[4, 5, 4, 6, 1]
1071.000000	-2.478889
#[4, 1, 4, 6, 3]
1071.000000	-3.721667
#[2, 5, 7, 6, 3]
1071.000000	-5.697083
#[3, 5, 4, 6, 3]
1071.000000	-4.842581
#[7, 5, 4, 6, 3]
1071.000000	-4.842581
#[4, 5, 2, 6, 3]
1071.000000	-4.889048
#[4, 5, 4, 5, 3]
1081.000000	-3.006667
#[4, 5, 4, 3, 3]
1081.000000	-3.062222
#[4, 5, 1, 6, 3]
1081.000000	-3.325833
#[5, 7, 4, 6, 3]
1081.000000	-4.842581
#[4, 5, 4, 4, 3]
1081.000000	-3.006667
#[1, 5, 4, 6, 3]
1081.000000	-3.563333
#[0, 3, 4, 6, 3]
1081.000000	-5.259130
#[4, 5, 4, 7, 3]
1081.000000	-3.062222
#[4, 5, 6, 6, 3]
1081.000000	-4.889048
#[4, 5, 0, 5, 0]
1081.000000	-3.006667
#[0, 5, 4, 6, 3]
1091.000000	-3.433788
#[4, 1, 4, 4, 3]
1091.000000	-4.513333
#[4, 5, 7, 2, 3]
1091.000000	-8.009524
#[1, 5, 4, 3, 3]
1091.000000	-6.643333
#[4, 0, 4, 6, 3]
1091.000000	-1.500000
#[4, 3, 4, 6, 3]
1091.000000	-6.938095
#[4, 0, 4, 6, 2]
1091.000000	-3.006667
#[4, 7, 4, 6, 3]
1091.000000	-6.938095
#[4, 4, 4, 6, 3]
1091.000000	-3.721667
#[4, 5, 4, 1, 3]
1091.000000	-3.006667
#[4, 5, 4, 5, 1]
1101.000000	-3.006667
#[4, 5, 5, 6, 0]
1101.000000	-4.436667
#[4, 5, 4, 0, 3]
1101.000000	-3.006667
#[4, 6, 4, 6, 3]
1101.000000	-4.662857
#[4, 5, 3, 6, 3]
1101.000000	-4.942619
#[5, 5, 4, 0, 3]
1101.000000	-3.006667
#[6, 5, 4, 6, 4]
1101.000000	-4.662857
#[4, 3, 4, 6, 1]
1101.000000	-5.280417
#[0, 5, 4, 1, 3]
1101.000000	-3.006667
#[4, 5, 4, 0, 4]
1101.000000	-5.386667
#[4, 0, 4, 6, 1]
1111.000000	-3.937576
#[6, 2, 4, 6, 3]
1111.000000	-5.070000
#[4, 5, 4, 7, 1]
1111.000000	-3.034444
#[4, 0, 4, 0, 3]
1111.000000	-4.513333
#[4, 5, 7, 7, 3]
1111.000000	-8.009524
#[4, 5, 4, 2, 1]
1111.000000	-3.006667
#[4, 0, 5, 6, 3]
1111.000000	-3.563333
#[4, 5, 7, 0, 3]
1111.000000	-6.605614
#[4, 2, 4, 6, 0]
1111.000000	-3.721667
#[4, 5, 3, 6, 2]
1111.000000	0.006667
#[4, 0, 6, 6, 3]
1121.000000	-5.070000
#[4, 5, 5, 6, 4]
1121.000000	0.006667
#[4, 7, 4, 0, 3]
1121.000000	-4.584762
#[4, 3, 4, 5, 2]
1121.000000	-3.006667
#[5, 4, 4, 1, 3]
1121.000000	-3.006667
#[4, 5, 1, 0, 3]
1121.000000	-3.006667
#[0, 5, 4, 6, 4]
1121.000000	-2.373333
#[4, 6, 4, 6, 4]
1121.000000	-3.006667
#[4, 2, 7, 6, 3]
1121.000000	-5.406905
#[4, 2, 4, 4, 3]
1121.000000	-4.513333
#[4, 5, 4, 5, 2]
1131.000000	-4.513333
#[4, 6, 0, 6, 3]
1131.000000	-5.115238
#[4, 5, 5, 0, 3]
1131.000000	-6.339167
#[4, 0, 4, 5, 3]
1131.000000	-3.006667
#[2, 4, 4, 6, 3]
1131.000000	-1.500000
#[4, 5, 5, 3, 3]
1131.000000	-6.919524
#[3, 5, 4, 6, 0]
1131.000000	-5.985000
#[4, 5, 3, 6, 0]
1131.000000	-5.776667
#[2, 5, 4, 6, 2]
1131.000000	-2.610833
#[4, 7, 5, 6, 3]
1131.000000	-3.882381
#[7, 0, 4, 6, 3]
1141.000000	-5.259130
#[4, 5, 4, 0, 0]
1141.000000	-4.026154
#[4, 5, 4, 1, 0]
1141.000000	-3.006667
#[0, 5, 1, 6, 3]
1141.000000	-4.513333
#[4, 5, 0, 0, 3]
1141.000000	-3.006667
#[6, 5, 0, 6, 3]
1141.000000	-4.513333
#[2, 5, 4, 0, 0]
1141.000000	-3.006667
#[5, 5, 7, 6, 3]
1141.000000	-4.575833
#[4, 2, 4, 5, 3]
1141.000000	-3.006667
#[7, 5, 4, 6, 0]
1141.000000	-5.985000
#[4, 3, 4, 6, 0]
1151.000000	-4.159167
#[0, 5, 4, 6, 0]
1151.000000	-4.436667
#[4, 7, 2, 6, 3]
1151.000000	-5.389048
#[4, 5, 4, 5, 4]
1151.000000	-3.006667
#[4, 5, 4, 3, 0]
1151.000000	-4.148750
#[4, 5, 6, 2, 3]
1151.000000	-4.889048
#[7, 5, 4, 7, 3]
1151.000000	-7.909677
#[7, 5, 4, 6, 1]
1151.000000	-5.020000
#[4, 5, 1, 2, 3]
1151.000000	-3.006667
#[4, 5, 5, 1, 3]
1151.000000	-6.129608
#[4, 2, 4, 7, 3]
1161.000000	-4.583846
#[4, 5, 6, 6, 4]
1161.000000	-4.662857
#[7, 5, 2, 6, 3]
1161.000000	-5.665833
#[4, 5, 4, 4, 4]
1161.000000	-5.567619
#[6, 5, 4, 6, 1]
1161.000000	-2.478889
#[4, 6, 4, 4, 3]
1161.000000	-1.500000
#[4, 5, 6, 0, 4]
1161.000000	-2.373333
#[5, 5, 4, 7, 3]
1161.000000	-6.643333
#[4, 4, 7, 6, 2]
1161.000000	-5.270000
#[4, 1, 6, 6, 3]
1161.000000	-1.500000
#[1, 5, 4, 4, 3]
1171.000000	-3.006667
#[3, 5, 4, 4, 1]
1171.000000	-3.062222
#[2, 0, 4, 6, 3]
1171.000000	-4.662857
#[1, 5, 2, 6, 3]
1171.000000	-4.513333
#[4, 5, 6, 6, 0]
1171.000000	-3.325833
#[7, 5, 4, 6, 4]
1171.000000	-6.819048
#[0, 5, 4, 0, 3]
1171.000000	-3.006667
#[4, 5, 6, 6, 2]
1171.000000	-4.832500
#[4, 5, 0, 4, 3]
1171.000000	-3.006667
#[1, 5, 4, 6, 2]
1171.000000	-1.500000
#[4, 1, 2, 6, 3]
1181.000000	-1.500000
#[6, 0, 4, 6, 3]
1181.000000	-5.193913
#[4, 5, 7, 3, 3]
1181.000000	-8.009524
#[4, 3, 1, 6, 3]
1181.000000	-7.295238
#[5, 5, 4, 4, 2]
1181.000000	-4.513333
#[4, 1, 4, 2, 3]
1181.000000	-4.513333
#[2, 5, 4, 0, 3]
1181.000000	-3.006667
#[4, 5, 1, 3, 3]
1181.000000	-6.401667
#[6, 0, 3, 6, 3]
1181.000000	-6.075556
#[7, 0, 2, 6, 3]
1181.000000	-6.075556
#[3, 3, 4, 6, 0]
1191.000000	-6.818333
#[4, 5, 4, 1, 4]
1191.000000	-5.289231
#[0, 0, 4, 6, 3]
1191.000000	-4.662857
#[0, 5, 4, 6, 1]
1191.000000	-4.436667
#[4, 5, 7, 3, 2]
1191.000000	-3.062222
#[4, 1, 1, 6, 3]
1191.000000	-3.721667
#[4, 5, 1, 6, 1]
1191.000000	-2.441190
#[6, 5, 6, 6, 3]
1191.000000	-5.624167
#[4, 5, 4, 2, 4]
1191.000000	-5.567619
#[3, 1, 4, 6, 3]
1191.000000	-7.741667
#[4, 6, 4, 7, 3]
1201.000000	-4.704524
#[6, 5, 4, 0, 3]
1201.000000	-3.382381
#[4, 2, 4, 1, 3]
1201.000000	-4.513333
#[3, 6, 4, 6, 3]
1201.000000	-5.473125
#[6, 5, 5, 5, 3]
1201.000000	-6.735000
#[4, 5, 4, 3, 2]
1201.000000	-3.006667
#[4, 3, 6, 6, 3]
1201.000000	-5.389048
#[4, 5, 0, 3, 3]
1201.000000	-6.605614
#[4, 5, 7, 6, 0]
1201.000000	-5.776667
#[5, 2, 4, 6, 3]
1201.000000	-4.382069
#[1, 5, 4, 6, 0]
1211.000000	-4.436667
#[0, 5, 0, 6, 3]
1211.000000	-4.513333
#[4, 5, 1, 6, 0]
1211.000000	-2.328095
#[4, 5, 4, 2, 2]
1211.000000	-5.624167
#[4, 3, 4, 5, 0]
1211.000000	-4.291111
#[4, 5, 5, 6, 1]
1211.000000	-2.397692
#[5, 5, 4, 1, 1]
1211.000000	-5.228333
#[6, 1, 4, 6, 3]
1211.000000	-5.426250
#[7, 1, 4, 6, 3]
1211.000000	-7.741667
#[4, 1, 6, 7, 3]
1211.000000	-3.763333
#[3, 5, 4, 6, 2]
1221.000000	0.006667
#[0, 0, 4, 0, 3]
1221.000000	-4.513333
#[4, 7, 1, 6, 3]
1221.000000	-7.295238
#[2, 3, 4, 6, 3]
1221.000000	-5.120000
#[1, 5, 4, 0, 3]
1221.000000	-3.006667
#[4, 5, 4, 1, 1]
1221.000000	-3.006667
#[3, 5, 4, 0, 3]
1221.000000	-6.467143
#[4, 4, 6, 6, 3]
1221.000000	-1.500000
#[4, 7, 4, 6, 0]
1221.000000	-4.159167
#[6, 6, 4, 6, 1]
1221.000000	-5.228333
#[2, 7, 4, 6, 3]
1231.000000	-5.120000
#[0, 5, 4, 3, 3]
1231.000000	-6.522879
#[4, 5, 6, 0, 3]
1231.000000	-3.513333
#[1, 0, 4, 6, 3]
1231.000000	-4.662857
#[5, 5, 4, 6, 2]
1231.000000	-1.500000
#[4, 5, 4, 2, 0]
1231.000000	-4.117500
#[4, 6, 3, 6, 3]
1231.000000	-5.383095
#[4, 7, 4, 7, 3]
1231.000000	-7.771429
#[4, 5, 2, 6, 2]
1231.000000	-4.832500
#[6, 5, 2, 6, 3]
1231.000000	-5.624167
#[4, 5, 2, 0, 3]
1241.000000	-3.006667
#[4, 2, 3, 6, 3]
1241.000000	-5.406905
#[7, 5, 6, 6, 3]
1241.000000	-5.665833
#[0, 5, 4, 5, 3]
1241.000000	-6.042292
#[4, 5, 6, 5, 3]
1241.000000	-3.834762
#[4, 5, 2, 2, 3]
1241.000000	-8.009524
#[4, 3, 4, 7, 3]
1241.000000	-7.771429
#[7, 5, 7, 6, 3]
1241.000000	-7.741667
#[4, 4, 4, 7, 3]
1241.000000	-4.555000
#[6, 5, 4, 3, 3]
1241.000000	-6.941935
#[5, 4, 4, 6, 3]
1251.000000	0.006667
#[7, 5, 4, 4, 3]
1251.000000	-3.062222
#[4, 3, 4, 0, 3]
1251.000000	-4.584762
#[4, 5, 6, 1, 3]
1251.000000	-3.325833
#[5, 3, 4, 6, 3]
1251.000000	-4.842581
#[4, 1, 4, 6, 1]
1251.000000	-5.228333
#[5, 5, 4, 6, 0]
1251.000000	-4.436667
#[4, 7, 0, 6, 3]
1251.000000	-5.178730
#[2, 5, 4, 2, 3]
1251.000000	-3.006667
#[6, 4, 4, 6, 3]
1251.000000	-4.662857
#[4, 5, 5, 2, 3]
1261.000000	-6.848095
#[1, 4, 4, 6, 3]
1261.000000	-3.721667
#[4, 2, 2, 6, 3]
1261.000000	-5.341429
#[4, 5, 5, 2, 1]
1261.000000	-3.006667
#[4, 3, 4, 6, 4]
1261.000000	-5.270000
#[5, 0, 4, 6, 3]
1261.000000	-3.433788
#[4, 5, 2, 6, 0]
1261.000000	-3.325833
#[0, 6, 4, 6, 3]
1261.000000	-5.193913
#[4, 5, 0, 6, 1]
1261.000000	-2.373333
#[4, 1, 4, 6, 4]
1261.000000	-5.228333
#[4, 5, 4, 0, 2]
1271.000000	-4.513333
#[7, 7, 4, 6, 3]
1271.000000	-7.741667
#[2, 5, 4, 1, 3]
1271.000000	-3.006667
#[3, 5, 4, 6, 4]
1271.000000	-6.819048
#[0, 5, 7, 6, 3]
1271.000000	-4.582778
#[3, 7, 4, 6, 2]
1271.000000	-5.998889
#[4, 5, 3, 6, 1]
1271.000000	-2.506667
#[3, 5, 0, 6, 4]
1271.000000	-5.453333
#[4, 4, 4, 6, 0]
1271.000000	-4.117500
#[2, 5, 3, 6, 3]
1271.000000	-5.697083
#[6, 5, 4, 7, 3]
1281.000000	-6.941935
#[4, 5, 6, 3, 3]
1281.000000	-4.942619
#[4, 2, 4, 6, 2]
1281.000000	-3.006667
#[4, 1, 0, 6, 3]
1281.000000	-1.500000
#[3, 5, 3, 6, 3]
1281.000000	-7.741667
#[4, 1, 4, 6, 2]
1281.000000	-5.228333
#[3, 3, 4, 6, 3]
1281.000000	-7.741667
#[4, 5, 2, 6, 4]
1281.000000	-4.662857
#[5, 5, 2, 0, 3]
1281.000000	-7.526667
#[4, 7, 4, 6, 1]
1281.000000	-5.280417
#[4, 0, 4, 7, 3]
1291.000000	-4.574737
#[4, 2, 4, 6, 4]
1291.000000	-3.006667
#[6, 5, 4, 6, 2]
1291.000000	-4.634583
#[4, 4, 4, 6, 1]
1291.000000	-5.228333
#[2, 2, 4, 6, 3]
1291.000000	-4.662857
#[4, 7, 4, 3, 3]
1291.000000	-7.771429
#[3, 5, 4, 1, 3]
1291.000000	-6.727284
#[7, 5, 4, 2, 3]
1291.000000	-3.062222
#[4, 7, 1, 1, 3]
1291.000000	-7.771429
#[4, 1, 3, 6, 3]
1291.000000	-3.763333
#[4, 6, 4, 6, 2]
1301.000000	-3.006667
#[4, 5, 3, 4, 3]
1301.000000	-3.062222
#[4, 0, 6, 4, 3]
1301.000000	-1.500000
#[4, 3, 2, 1, 3]
1301.000000	-7.771429
#[3, 5, 4, 3, 3]
1301.000000	-7.909677
#[4, 5, 6, 7, 3]
1301.000000	-4.942619
#[4, 5, 4, 5, 0]
1301.000000	-3.006667
#[4, 5, 4, 1, 2]
1301.000000	-4.513333
#[4, 5, 3, 3, 3]
1301.000000	-8.009524
#[7, 2, 4, 6, 3]
1301.000000	-5.120000
#[4, 7, 3, 6, 3]
1311.000000	-7.652381
#[3, 0, 4, 6, 3]
1311.000000	-5.259130
#[4, 5, 0, 6, 4]
1311.000000	-2.373333
#[4, 5, 4, 7, 0]
1311.000000	-4.148750
#[5, 5, 4, 6, 1]
1311.000000	-4.662857
#[4, 5, 2, 1, 3]
1311.000000	-3.006667
#[6, 5, 1, 6, 3]
1311.000000	-4.513333
#[4, 2, 1, 6, 3]
1311.000000	-4.595000
#[4, 5, 3, 6, 4]
1311.000000	-6.819048
#[5, 5, 6, 6, 3]
1311.000000	-4.513333
#[4, 5, 3, 0, 3]
1321.000000	-6.605614
#[3, 5, 4, 3, 1]
1321.000000	-5.575556
#[4, 1, 4, 1, 3]
1321.000000	-4.513333
#[4, 2, 0, 6, 3]
1321.000000	-4.902353
#[1, 5, 4, 6, 4]
1321.000000	0.006667
#[4, 5, 4, 0, 1]
1321.000000	-3.006667
#[6, 3, 4, 6, 3]
1321.000000	-5.473125
#[4, 4, 4, 4, 3]
1321.000000	-4.513333
#[4, 5, 7, 4, 3]
1321.000000	-3.062222
#[4, 5, 1, 6, 2]
1321.000000	-1.500000
#[0, 5, 4, 6, 2]
1331.000000	-1.500000
#[6, 5, 4, 4, 3]
1331.000000	0.006667
#[4, 0, 4, 1, 3]
1331.000000	-4.513333
#[4, 1, 5, 6, 3]
1331.000000	0.006667
#[5, 1, 4, 6, 3]
1331.000000	-3.563333
#[4, 5, 5, 7, 3]
1331.000000	-6.919524
#[7, 5, 4, 3, 3]
1331.000000	-7.909677
#[3, 5, 4, 7, 0]
1331.000000	-6.610000
#[4, 5, 0, 6, 0]
1331.000000	-5.334359
#[7, 5, 5, 6, 3]
1331.000000	-4.555000
#[6, 5, 4, 2, 3]
1341.000000	0.006667
#[2, 7, 5, 6, 3]
1341.000000	-4.555000
#[2, 5, 4, 6, 0]
1341.000000	-5.151667
#[4, 0, 4, 2, 3]
1341.000000	-4.513333
#[1, 5, 4, 5, 3]
1341.000000	-6.231212
#[2, 5, 4, 6, 4]
1341.000000	-2.554286
#[4, 5, 7, 5, 3]
1341.000000	-6.919524
#[1, 5, 4, 6, 1]
1341.000000	-4.662857
#[4, 5, 2, 7, 3]
1341.000000	-8.009524
#[4, 6, 4, 0, 3]
1341.000000	-1.500000
#[0, 2, 4, 6, 3]
1351.000000	-4.662857
#[4, 3, 4, 3, 3]
1351.000000	-7.771429
#[2, 5, 4, 3, 3]
1351.000000	-7.475862
#[4, 4, 4, 6, 4]
1351.000000	-5.228333
#[6, 5, 3, 6, 3]
1351.000000	-5.676250
#[0, 6, 4, 6, 0]
1351.000000	-3.985556
#[4, 5, 1, 7, 3]
1351.000000	-6.401667
#[4, 5, 4, 4, 0]
1351.000000	-4.117500
#[4, 7, 4, 4, 3]
1351.000000	-4.572857
#[4, 2, 4, 2, 3]
1351.000000	-4.513333
#[4, 0, 4, 6, 4]
1361.000000	-3.006667
#[3, 2, 4, 6, 3]
1361.000000	-5.120000
#[3, 5, 3, 6, 0]
1361.000000	-6.610000
#[4, 7, 4, 1, 3]
1361.000000	-4.590714
#[7, 5, 4, 0, 3]
1361.000000	-6.467143
#[1, 4, 5, 6, 3]
1361.000000	0.006667
#[4, 7, 7, 6, 3]
1361.000000	-7.652381
#[4, 5, 4, 4, 1]
1361.000000	-3.006667
#[4, 5, 2, 6, 1]
1361.000000	-2.286970
#[4, 5, 4, 4, 2]
1361.000000	-5.624167
#[6, 5, 0, 6, 2]
1371.000000	-4.513333
#[2, 5, 4, 5, 3]
1371.000000	-3.006667
#[3, 5, 0, 6, 3]
1371.000000	-4.573939
#[4, 4, 0, 6, 3]
1371.000000	-1.500000
#[7, 5, 0, 6, 3]
1371.000000	-4.573939
#[3, 5, 7, 6, 3]
1371.000000	-7.741667
#[4, 4, 4, 3, 3]
1371.000000	-4.555000
#[6, 5, 4, 6, 0]
1371.000000	-3.523750
#[4, 0, 4, 3, 3]
1371.000000	-4.574737
#[5, 5, 1, 6, 3]
1371.000000	-4.513333
#[6, 5, 5, 6, 3]
1381.000000	-4.513333
#[1, 7, 4, 6, 3]
1381.000000	-7.741667
#[4, 5, 4, 7, 2]
1381.000000	-5.676250
#[4, 2, 0, 6, 4]
1381.000000	-3.006667
#[5, 1, 4, 6, 4]
1381.000000	0.006667
#[6, 5, 4, 5, 3]
1381.000000	-5.530290
#[4, 7, 4, 6, 2]
1381.000000	-5.270000
#[2, 5, 4, 4, 3]
1381.000000	-3.006667
#[4, 5, 5, 6, 2]
1381.000000	-3.721667
#[3, 5, 5, 6, 3]
1381.000000	-4.555000
#[1, 5, 4, 7, 3]
1391.000000	-6.643333
#[4, 0, 3, 6, 3]
1391.000000	-5.128333
#[1, 5, 7, 6, 3]
1391.000000	-4.575833
#[4, 5, 7, 6, 4]
1391.000000	-6.819048
#[4, 5, 6, 4, 3]
1391.000000	0.006667
#[7, 0, 7, 0, 3]
1391.000000	-9.200000
#[7, 4, 4, 6, 3]
1391.000000	-6.938095
#[4, 5, 7, 6, 1]
1391.000000	-2.506667
#[3, 5, 4, 4, 3]
1391.000000	-3.062222
#[6, 6, 4, 6, 3]
1391.000000	-5.426250
#[4, 5, 6, 4, 0]
1401.000000	-3.523750
#[4, 4, 0, 4, 3]
1401.000000	-4.513333
#[4, 5, 6, 4, 4]
1401.000000	-4.662857
#[4, 5, 6, 4, 2]
1401.000000	-4.634583
#[5, 5, 6, 4, 3]
1401.000000	-3.563333
#[4, 7, 6, 4, 3]
1401.000000	-6.938095
#[4, 5, 5, 4, 3]
1401.000000	-3.006667
#[7, 5, 6, 4, 3]
1401.000000	-4.842581
#[3, 5, 6, 4, 3]
1401.000000	-4.842581
#[4, 3, 6, 4, 3]
1401.000000	-6.938095
#[1, 5, 6, 4, 3]
1411.000000	-3.563333
#[4, 1, 6, 4, 3]
1411.000000	-3.721667
#[4, 2, 6, 4, 3]
1411.000000	-1.500000
#[4, 5, 6, 4, 1]
1411.000000	-2.478889
#[2, 5, 6, 4, 3]
1411.000000	-4.382069
#[4, 4, 6, 4, 3]
1411.000000	-3.721667
#[7, 5, 6, 7, 3]
1411.000000	-7.741667
#[4, 5, 5, 4, 2]
1411.000000	-4.513333
#[4, 6, 6, 4, 3]
1411.000000	-4.662857
#[4, 5, 2, 4, 3]
1411.000000	-3.006667
#[4, 6, 6, 4, 4]
1421.000000	-3.006667
#[4, 5, 1, 4, 3]
1421.000000	-3.006667
#[4, 6, 6, 4, 1]
1421.000000	-2.610833
#[5, 5, 5, 4, 3]
1421.000000	-6.231212
#[1, 1, 6, 4, 3]
1421.000000	-7.741667
#[6, 5, 6, 4, 3]
1421.000000	-4.794194
#[7, 5, 5, 4, 3]
1421.000000	-6.544783
#[4, 4, 6, 4, 1]
1421.000000	-5.228333
#[4, 5, 1, 4, 0]
1421.000000	-3.006667
#[0, 5, 6, 4, 3]
1421.000000	-3.433788
#[4, 0, 6, 4, 2]
1431.000000	-3.006667
#[4, 3, 6, 3, 3]
1431.000000	-7.652381
#[4, 5, 6, 2, 2]
1431.000000	-4.832500
#[4, 4, 6, 4, 4]
1431.000000	-5.228333
#[4, 5, 6, 3, 4]
1431.000000	-6.819048
#[0, 5, 6, 4, 1]
1431.000000	-4.436667
#[4, 0, 4, 4, 3]
1431.000000	-4.513333
#[7, 5, 6, 1, 3]
1431.000000	-4.584762
#[4, 2, 3, 4, 3]
1431.000000	-4.583846
#[3, 5, 6, 0, 3]
1431.000000	-4.573939
#[4, 1, 1, 4, 3]
1441.000000	-4.513333
#[4, 3, 5, 4, 3]
1441.000000	-3.062222
#[4, 0, 6, 0, 3]
1441.000000	-4.558462
#[4, 7, 6, 4, 2]
1441.000000	-5.270000
#[4, 7, 6, 4, 1]
1441.000000	-5.280417
#[4, 0, 6, 4, 0]
1441.000000	-3.985556
#[4, 5, 6, 2, 4]
1441.000000	-4.662857
#[3, 5, 6, 4, 1]
1441.000000	-5.020000
#[4, 5, 6, 3, 0]
1441.000000	-5.776667
#[0, 5, 6, 3, 3]
1441.000000	-4.582778
#[4, 5, 0, 4, 1]
1451.000000	-3.006667
#[4, 2, 5, 4, 3]
1451.000000	-3.006667
#[6, 5, 6, 7, 3]
1451.000000	-5.676250
#[3, 5, 3, 4, 3]
1451.000000	-7.909677
#[4, 5, 2, 4, 0]
1451.000000	-4.117500
#[1, 5, 6, 1, 3]
1451.000000	-4.513333
#[4, 4, 6, 3, 3]
1451.000000	-3.763333
#[4, 3, 6, 4, 2]
1451.000000	-3.721667
#[4, 5, 1, 5, 1]
1451.000000	-3.006667
#[4, 7, 3, 4, 3]
1451.000000	-7.771429
#[6, 5, 1, 4, 3]
1461.000000	-3.633704
#[4, 5, 6, 6, 1]
1461.000000	0.006667
#[3, 5, 2, 4, 3]
1461.000000	-3.062222
#[4, 6, 3, 4, 3]
1461.000000	-4.704524
#[6, 5, 6, 0, 3]
1461.000000	-4.513333
#[2, 5, 6, 6, 3]
1461.000000	-5.624167
#[4, 3, 6, 5, 3]
1461.000000	-3.882381
#[4, 5, 1, 4, 4]
1461.000000	-5.289231
#[5, 5, 0, 4, 3]
1461.000000	-3.006667
#[3, 2, 6, 4, 3]
1461.000000	-5.120000
#[6, 5, 6, 4, 0]
1471.000000	-3.523750
#[4, 5, 5, 4, 1]
1471.000000	-3.006667
#[6, 5, 6, 4, 4]
1471.000000	-4.662857
#[6, 6, 6, 4, 3]
1471.000000	-5.426250
#[4, 3, 6, 7, 3]
1471.000000	-7.652381
#[4, 5, 6, 5, 0]
1471.000000	-4.436667
#[1, 5, 6, 4, 2]
1471.000000	-1.500000
#[4, 6, 6, 6, 3]
1471.000000	-5.341429
#[4, 6, 1, 4, 3]
1471.000000	-1.500000
#[3, 5, 6, 4, 4]
1471.000000	-6.819048
#[0, 5, 6, 1, 3]
1481.000000	-4.513333
#[1, 5, 6, 4, 0]
1481.000000	-4.436667
#[3, 5, 0, 4, 3]
1481.000000	-6.467143
#[7, 7, 2, 4, 3]
1481.000000	-7.950000
#[4, 4, 5, 4, 3]
1481.000000	-3.006667
#[2, 5, 7, 4, 3]
1481.000000	-7.475862
#[0, 5, 6, 4, 0]
1481.000000	-4.436667
#[5, 4, 6, 4, 3]
1481.000000	0.006667
#[5, 0, 6, 4, 3]
1481.000000	-3.433788
#[4, 2, 6, 6, 3]
1481.000000	-5.341429
#[4, 1, 6, 4, 2]
1491.000000	-5.228333
#[4, 5, 6, 1, 1]
1491.000000	-2.441190
#[4, 7, 1, 1, 2]
1491.000000	-6.103333
#[5, 5, 7, 4, 3]
1491.000000	-6.643333
#[4, 0, 6, 4, 1]
1491.000000	-3.937576
#[2, 7, 6, 4, 3]
1491.000000	-5.120000
#[1, 5, 6, 2, 0]
1491.000000	-3.006667
#[7, 5, 6, 4, 1]
1491.000000	-5.020000
#[5, 2, 6, 4, 3]
1491.000000	-4.382069
#[0, 5, 6, 0, 3]
1491.000000	-4.513333
#[4, 3, 6, 2, 3]
1501.000000	-5.389048
#[4, 3, 1, 4, 3]
1501.000000	-4.590714
#[4, 6, 6, 4, 0]
1501.000000	-1.500000
#[3, 5, 6, 4, 2]
1501.000000	0.006667
#[4, 5, 6, 1, 4]
1501.000000	-4.314872
#[4, 1, 5, 4, 3]
1501.000000	-3.006667
#[5, 5, 6, 4, 0]
1501.000000	-4.436667
#[1, 5, 0, 2, 3]
1501.000000	-7.526667
#[0, 5, 6, 4, 4]
1501.000000	-2.373333
#[4, 5, 6, 5, 2]
1501.000000	-3.721667
#[2, 5, 6, 7, 3]
1511.000000	-5.697083
#[0, 7, 6, 4, 3]
1511.000000	-5.259130
#[5, 5, 5, 4, 1]
1511.000000	-5.228333
#[3, 7, 6, 4, 3]
1511.000000	-7.741667
#[6, 5, 6, 7, 1]
1511.000000	-3.034444
#[4, 5, 0, 4, 0]
1511.000000	-4.026154
#[3, 7, 6, 4, 0]
1511.000000	-6.818333
#[4, 5, 6, 0, 1]
1511.000000	-2.373333
#[6, 0, 6, 4, 3]
1511.000000	-5.193913
#[4, 1, 6, 4, 1]
1511.000000	-5.228333
#[4, 5, 4, 6, 3]
1521.000000	0.006667
#[7, 5, 6, 0, 3]
1521.000000	-4.573939
#[4, 7, 6, 4, 4]
1521.000000	-5.270000
#[7, 5, 6, 4, 0]
1521.000000	-5.985000
#[4, 1, 6, 7, 2]
1521.000000	-5.270000
#[5, 3, 6, 4, 3]
1521.000000	-4.842581
#[2, 2, 6, 4, 3]
1521.000000	-4.662857
#[4, 4, 6, 1, 3]
1521.000000	-3.721667
#[4, 5, 6, 7, 4]
1521.000000	-6.819048
#[4, 4, 3, 4, 3]
1521.000000	-4.555000
#[4, 4, 1, 6, 3]
1531.000000	-3.721667
#[1, 5, 4, 2, 2]
1531.000000	-4.513333
#[4, 5, 1, 5, 4]
1531.000000	-3.006667
#[4, 5, 4, 3, 4]
1531.000000	-5.615238
#[0, 5, 4, 4, 3]
1531.000000	-3.006667
#[4, 1, 4, 7, 3]
1531.000000	-4.555000
#[4, 5, 3, 7, 3]
1531.000000	-8.009524
#[7, 3, 3, 6, 3]
1531.000000	-8.366667
#[4, 3, 5, 0, 3]
1531.000000	-6.580238
#[1, 3, 4, 6, 3]
1531.000000	-7.741667
#[2, 5, 2, 5, 3]
1541.000000	-7.526667
#[4, 6, 4, 1, 3]
1541.000000	-1.500000
#[4, 3, 4, 4, 3]
1541.000000	-4.572857
#[4, 6, 7, 6, 3]
1541.000000	-5.383095
#[2, 6, 4, 6, 3]
1541.000000	-5.070000
#[7, 5, 4, 5, 3]
1541.000000	-6.544783
#[4, 7, 4, 2, 3]
1541.000000	-4.572857
#[4, 6, 4, 6, 0]
1541.000000	-1.500000
#[4, 5, 3, 1, 3]
1541.000000	-6.401667
#[4, 7, 5, 0, 3]
1541.000000	-6.580238
#[4, 5, 3, 5, 3]
1551.000000	-6.919524
#[4, 7, 4, 6, 4]
1551.000000	-5.270000
#[4, 4, 4, 5, 3]
1551.000000	-3.006667
#[4, 5, 2, 7, 4]
1551.000000	-7.771429
#[3, 5, 4, 2, 3]
1551.000000	-3.062222
#[4, 6, 4, 6, 1]
1551.000000	-2.610833
#[4, 3, 2, 6, 3]
1551.000000	-5.389048
#[4, 4, 5, 6, 3]
1551.000000	0.006667
#[4, 5, 3, 2, 3]
1551.000000	-8.009524
#[5, 5, 4, 6, 4]
1551.000000	0.006667
#[4, 3, 3, 6, 3]
1561.000000	-7.652381
#[4, 5, 4, 7, 4]
1561.000000	-5.615238
#[1, 2, 4, 6, 4]
1561.000000	-3.006667
#[0, 7, 4, 6, 3]
1561.000000	-5.259130
#[5, 5, 4, 3, 3]
1561.000000	-6.643333
#[4, 0, 7, 6, 3]
1561.000000	-5.128333
#[4, 5, 7, 1, 3]
1561.000000	-6.401667
#[4, 1, 4, 6, 0]
1561.000000	-4.117500
#[4, 5, 0, 7, 4]
1561.000000	-5.453333
#[4, 5, 1, 1, 3]
1561.000000	-3.006667
#[3, 2, 4, 6, 2]
1571.000000	-1.500000
#[7, 5, 4, 6, 2]
1571.000000	-6.700000
#[1, 5, 5, 6, 3]
1571.000000	-4.513333
#[4, 5, 0, 1, 3]
1571.000000	-3.006667
#[4, 6, 2, 6, 3]
1571.000000	-5.341429
#[3, 4, 4, 6, 3]
1571.000000	-6.938095
#[5, 7, 4, 4, 3]
1571.000000	-3.062222
#[0, 4, 4, 6, 3]
1571.000000	-1.500000
#[4, 0, 4, 6, 0]
1571.000000	-3.985556
#[5, 6, 4, 6, 3]
1571.000000	-4.794194
#[2, 5, 0, 6, 3]
1581.000000	-4.513333
#[3, 7, 4, 6, 3]
1581.000000	-7.741667
#[4, 1, 4, 5, 3]
1581.000000	-3.006667
#[4, 5, 2, 3, 3]
1581.000000	-8.009524
#[2, 0, 4, 4, 3]
1581.000000	-4.513333
#[4, 2, 5, 6, 3]
1581.000000	-3.834762
#[3, 5, 1, 6, 3]
1581.000000	-4.584762
#[4, 6, 4, 5, 0]
1581.000000	-3.457778
#[1, 5, 1, 6, 3]
1581.000000	-4.513333
#[4, 5, 0, 2, 3]
1581.000000	-3.006667
#[4, 5, 7, 6, 2]
1591.000000	-6.908333
#[5, 5, 4, 2, 3]
1591.000000	-3.006667
#[4, 2, 4, 3, 3]
1591.000000	-4.583846
#[4, 5, 0, 6, 2]
1591.000000	-1.500000
#[3, 5, 1, 6, 0]
1591.000000	-5.400952
#[6, 0, 4, 6, 4]
1591.000000	-3.006667
#[1, 0, 1, 6, 1]
1591.000000	-4.513333
#[6, 5, 2, 5, 3]
1591.000000	-6.735000
#[6, 7, 4, 6, 3]
1591.000000	-5.473125
#[1, 5, 3, 6, 3]
1591.000000	-4.575833
#[4, 4, 7, 6, 3]
1601.000000	-3.763333
#[4, 4, 0, 3, 3]
1601.000000	-4.568889
#[4, 3, 0, 6, 1]
1601.000000	-5.174762
#[4, 5, 0, 0, 2]
1601.000000	-4.513333
#[4, 6, 5, 6, 3]
1601.000000	-3.834762
#[5, 0, 4, 0, 3]
1601.000000	-3.006667
#[4, 4, 4, 2, 3]
1601.000000	-4.513333
#[4, 6, 4, 2, 3]
1601.000000	-1.500000
#[4, 1, 7, 6, 3]
1601.000000	-3.763333
#[5, 5, 4, 4, 3]
1601.000000	-3.006667
#[4, 3, 5, 6, 3]
1611.000000	-3.882381
#[4, 3, 7, 6, 3]
1611.000000	-7.652381
#[4, 7, 4, 5, 3]
1611.000000	-3.062222
#[0, 5, 2, 6, 1]
1611.000000	-3.006667
#[5, 5, 5, 6, 3]
1611.000000	-4.513333
#[3, 5, 6, 6, 4]
1611.000000	-5.615238
#[6, 5, 7, 6, 3]
1611.000000	-5.676250
#[5, 5, 2, 6, 3]
1611.000000	-4.513333
#[4, 5, 5, 5, 3]
1611.000000	-6.848095
#[0, 1, 4, 6, 3]
1611.000000	-4.662857
#[4, 5, 7, 4, 0]
1621.000000	-4.148750
#[0, 5, 6, 6, 3]
1621.000000	-4.513333
#[4, 7, 6, 6, 0]
1621.000000	-5.985000
#[7, 5, 3, 6, 3]
1621.000000	-7.741667
#[4, 4, 4, 1, 3]
1621.000000	-4.513333
#[4, 4, 4, 6, 2]
1621.000000	-5.228333
#[7, 6, 4, 6, 3]
1621.000000	-5.473125
#[1, 5, 5, 4, 3]
1621.000000	-6.231212
#[3, 5, 0, 3, 1]
1621.000000	-6.120000
#[4, 0, 0, 0, 3]
1621.000000	-4.513333
#[4, 5, 5, 5, 4]
1631.000000	-3.006667
#[4, 5, 4, 3, 1]
1631.000000	-3.034444
#[4, 3, 4, 5, 3]
1631.000000	-3.062222
#[0, 5, 7, 0, 3]
1631.000000	-7.645714
#[4, 1, 4, 0, 3]
1631.000000	-4.513333
#[3, 5, 4, 7, 3]
1631.000000	-7.909677
#[4, 1, 0, 6, 4]
1631.000000	-3.006667
#[7, 5, 4, 1, 3]
1631.000000	-6.727284
#[4, 0, 1, 6, 3]
1631.000000	-1.500000
#[4, 5, 1, 6, 4]
1631.000000	-4.314872
#[4, 5, 1, 5, 3]
1641.000000	-6.129608
#[7, 3, 4, 6, 3]
1641.000000	-7.741667
#[5, 5, 4, 5, 3]
1641.000000	-6.231212
#[5, 2, 7, 6, 3]
1641.000000	-5.697083
#[4, 6, 4, 3, 3]
1641.000000	-4.704524
#[4, 6, 6, 3, 3]
1641.000000	-5.383095
#[4, 3, 4, 2, 3]
1641.000000	-4.572857
#[5, 5, 6, 3, 3]
1641.000000	-4.575833
#[4, 3, 4, 1, 3]
1641.000000	-4.590714
#[4, 4, 3, 6, 3]
1641.000000	-3.763333
#[4, 7, 0, 6, 0]
1651.000000	-6.217143
#[2, 0, 2, 6, 3]
1651.000000	-6.020000
#[5, 5, 3, 6, 3]
1651.000000	-4.575833
#[4, 7, 6, 6, 3]
1651.000000	-5.389048
#[1, 5, 6, 6, 3]
1651.000000	-4.513333
#[0, 3, 4, 6, 4]
1651.000000	-3.062222
#[5, 7, 6, 6, 3]
1651.000000	-5.665833
#[2, 1, 4, 6, 1]
1651.000000	-1.500000
#[6, 5, 6, 6, 0]
1651.000000	-4.117500
#[6, 0, 1, 6, 3]
1651.000000	-6.020000
#[1, 5, 0, 6, 3]
1661.000000	-4.513333
#[1, 1, 4, 6, 3]
1661.000000	-7.741667
#[2, 3, 4, 2, 3]
1661.000000	-4.572857
#[4, 1, 4, 3, 3]
1661.000000	-4.555000
#[2, 5, 4, 6, 1]
1661.000000	-4.314872
#[0, 5, 4, 2, 3]
1661.000000	-3.006667
#[3, 5, 4, 5, 3]
1661.000000	-6.544783
#[7, 5, 1, 6, 3]
1661.000000	-4.584762
#[4, 5, 2, 5, 3]
1661.000000	-6.848095
#[5, 5, 0, 6, 3]
1661.000000	-4.513333
#[3, 6, 6, 6, 3]
1671.000000	-6.061667
#[4, 5, 0, 7, 2]
1671.000000	-4.589091
#[2, 1, 4, 6, 3]
1671.000000	-4.662857
#[1, 2, 4, 6, 3]
1671.000000	-4.662857
#[4, 4, 7, 6, 1]
1671.000000	-5.249167
#[2, 2, 4, 4, 3]
1671.000000	-4.513333
#[4, 5, 5, 1, 0]
1671.000000	-3.006667
#[2, 2, 4, 6, 4]
1671.000000	-3.006667
#[3, 5, 6, 6, 3]
1671.000000	-5.665833
#[4, 0, 2, 6, 3]
1671.000000	-5.070000
#[4, 1, 4, 0, 4]
1681.000000	-6.020000
#[1, 5, 4, 2, 3]
1681.000000	-3.006667
#[4, 4, 2, 6, 3]
1681.000000	-1.500000
#[7, 2, 4, 6, 2]
1681.000000	-3.048333
#[3, 5, 2, 6, 3]
1681.000000	-5.665833
#[6, 5, 4, 1, 3]
1681.000000	-3.633704
#[5, 5, 2, 6, 4]
1681.000000	-3.006667
#[2, 5, 4, 7, 3]
1681.000000	-7.475862
#[1, 5, 1, 6, 0]
1681.000000	-3.006667
#[4, 5, 2, 5, 0]
1681.000000	-5.228333
#[4, 3, 4, 6, 2]
1691.000000	-3.721667
#[4, 3, 4, 7, 0]
1691.000000	-4.575833
#[4, 5, 0, 2, 1]
1691.000000	-3.006667
#[0, 1, 4, 6, 4]
1691.000000	-3.006667
#[4, 6, 1, 6, 3]
1691.000000	-5.002143
#[1, 6, 4, 6, 3]
1691.000000	-5.426250
#[4, 2, 4, 7, 1]
1691.000000	-4.549048
#[4, 5, 0, 1, 0]
1691.000000	-3.006667
#[3, 5, 5, 7, 2]
1691.000000	-6.094074
#[7, 5, 3, 5, 3]
1691.000000	-7.637778
#[4, 2, 4, 0, 3]
1701.000000	-4.513333
#[4, 5, 7, 7, 4]
1701.000000	-7.771429
#[4, 5, 3, 1, 2]
1701.000000	-3.006667
#[1, 5, 4, 1, 3]
1701.000000	-6.231212
#[2, 5, 4, 4, 2]
1701.000000	-5.624167
#[0, 5, 3, 6, 3]
1701.000000	-4.582778
#[1, 7, 4, 6, 4]
1701.000000	-7.533333
#[4, 4, 3, 6, 4]
1701.000000	-5.270000
#[1, 5, 7, 3, 3]
1701.000000	-7.651667
#[7, 2, 5, 6, 3]
1701.000000	-4.555000
#[5, 5, 3, 6, 1]
1711.000000	-5.377143
#[4, 5, 2, 4, 4]
1711.000000	-5.567619
#[4, 3, 0, 6, 3]
1711.000000	-5.178730
#[5, 0, 4, 6, 0]
1711.000000	-4.436667
#[1, 5, 2, 3, 3]
1711.000000	-7.651667
#[5, 5, 4, 4, 1]
1711.000000	-3.006667
#[0, 5, 2, 6, 3]
1711.000000	-4.513333
#[0, 5, 5, 6, 3]
1711.000000	-4.513333
#[4, 4, 7, 6, 0]
1711.000000	-4.138333
#[4, 5, 0, 7, 3]
1711.000000	-6.605614
#[4, 2, 4, 4, 2]
1721.000000	-6.020000
#[2, 5, 5, 6, 3]
1721.000000	-4.513333
#[3, 5, 4, 2, 1]
1721.000000	-5.360909
#[0, 1, 4, 1, 3]
1721.000000	-4.513333
#[2, 5, 2, 6, 3]
1721.000000	-5.624167
#[4, 6, 4, 5, 3]
1721.000000	0.006667
#[4, 0, 0, 6, 3]
1721.000000	-4.558462
#[4, 0, 7, 6, 1]
1721.000000	-3.967879
#[6, 1, 2, 6, 3]
1721.000000	-6.020000
#[4, 5, 5, 2, 2]
1721.000000	-6.735000
#[4, 5, 0, 2, 4]
1731.000000	-3.006667
#[2, 5, 1, 6, 3]
1731.000000	-4.513333
#[4, 6, 4, 7, 0]
1731.000000	-3.742500
#[4, 2, 4, 7, 4]
1731.000000	-6.082500
#[0, 5, 4, 7, 3]
1731.000000	-6.522879
#[6, 5, 7, 5, 3]
1731.000000	-6.804444
#[4, 6, 3, 7, 3]
1731.000000	-7.533333
#[3, 6, 3, 6, 3]
1731.000000	-6.103333
#[2, 0, 4, 6, 1]
1731.000000	-1.500000
#[7, 2, 4, 3, 3]
1731.000000	-8.200000
#[4, 4, 4, 0, 3]
1741.000000	-4.513333
#[0, 5, 6, 6, 1]
1741.000000	-3.006667
#[2, 5, 6, 6, 2]
1741.000000	-5.624167
#[2, 0, 3, 6, 3]
1741.000000	-6.103333
#[4, 1, 4, 1, 2]
1741.000000	-6.020000
#[6, 1, 4, 4, 3]
1741.000000	-4.832500
#[4, 5, 6, 0, 0]
1741.000000	-5.334359
#[5, 5, 4, 1, 3]
1741.000000	-6.231212
#[7, 1, 4, 1, 3]
1741.000000	-8.575000
#[0, 2, 1, 6, 3]
1741.000000	-6.020000
#[4, 1, 4, 1, 4]
1751.000000	-6.020000
#[5, 5, 0, 2, 3]
1751.000000	-7.526667
#[2, 0, 4, 2, 3]
1751.000000	-4.513333
#[3, 3, 4, 5, 3]
1751.000000	-6.832222
#[4, 1, 4, 3, 4]
1751.000000	-6.061667
#[5, 4, 4, 7, 3]
1751.000000	-3.062222
#[2, 5, 6, 0, 2]
1751.000000	-4.513333
#[4, 0, 1, 6, 4]
1751.000000	-3.006667
#[6, 5, 4, 3, 2]
1751.000000	0.006667
#[7, 5, 4, 7, 1]
1751.000000	-5.575556
#[5, 4, 3, 6, 3]
1761.000000	-4.942619
#[1, 5, 2, 6, 2]
1761.000000	-4.513333
#[4, 6, 1, 3, 4]
1761.000000	-3.048333
#[4, 7, 5, 6, 2]
1761.000000	-3.763333
#[0, 5, 2, 0, 3]
1761.000000	-7.526667
#[3, 6, 0, 6, 3]
1761.000000	-6.075556
#[2, 5, 4, 4, 1]
1761.000000	-3.006667
#[4, 0, 4, 3, 2]
1761.000000	-4.513333
#[0, 4, 4, 6, 4]
1761.000000	-3.006667
#[4, 1, 7, 4, 0]
1761.000000	-4.534167
#[7, 6, 4, 2, 3]
1771.000000	-6.908333
#[2, 3, 4, 4, 3]
1771.000000	-4.572857
#[6, 0, 4, 0, 3]
1771.000000	-4.753333
#[2, 1, 0, 6, 3]
1771.000000	-6.020000
#[1, 3, 4, 6, 4]
1771.000000	-7.533333
#[4, 2, 2, 0, 3]
1771.000000	-4.513333
#[5, 5, 2, 6, 0]
1771.000000	-3.006667
#[1, 5, 6, 7, 3]
1771.000000	-4.575833
#[4, 4, 3, 3, 3]
1771.000000	-4.596667
#[4, 7, 4, 4, 0]
1771.000000	-4.555000
#[0, 3, 4, 6, 2]
1781.000000	-1.500000
#[6, 2, 4, 6, 0]
1781.000000	-3.721667
#[2, 5, 5, 2, 3]
1781.000000	-7.526667
#[4, 0, 7, 4, 3]
1781.000000	-4.574737
#[3, 5, 6, 3, 3]
1781.000000	-7.741667
#[3, 5, 1, 6, 2]
1781.000000	-3.006667
#[4, 2, 6, 6, 2]
1781.000000	-5.228333
#[2, 5, 0, 2, 3]
1781.000000	-7.526667
#[1, 5, 7, 5, 3]
1781.000000	-7.610000
#[4, 7, 4, 2, 4]
1781.000000	-6.061667
#[1, 7, 1, 6, 3]
1791.000000	-8.366667
#[4, 3, 1, 6, 0]
1791.000000	-6.193333
#[1, 5, 4, 4, 0]
1791.000000	-3.006667
#[3, 5, 3, 2, 3]
1791.000000	-8.783333
#[4, 2, 4, 0, 0]
1791.000000	-4.513333
#[2, 5, 4, 5, 1]
1791.000000	-5.012424
#[4, 0, 7, 1, 3]
1791.000000	-4.586250
#[2, 5, 7, 6, 2]
1791.000000	-5.697083
#[4, 6, 0, 6, 0]
1791.000000	-3.608571
#[6, 7, 4, 1, 3]
1791.000000	-5.493958
#[7, 5, 2, 6, 2]
1801.000000	-5.665833
#[4, 6, 4, 1, 2]
1801.000000	-3.006667
#[4, 5, 7, 5, 1]
1801.000000	-3.038718
#[4, 4, 4, 7, 2]
1801.000000	-6.061667
#[6, 6, 4, 7, 3]
1801.000000	-5.467917
#[2, 7, 4, 6, 0]
1801.000000	-5.985000
#[5, 3, 4, 6, 0]
1801.000000	-5.985000
#[7, 5, 6, 6, 0]
1801.000000	-4.159167
#[3, 5, 4, 2, 0]
1801.000000	-4.159167
#[5, 5, 5, 6, 4]
1801.000000	-3.006667
#[2, 5, 6, 6, 1]
1811.000000	-3.006667
#[4, 3, 5, 6, 1]
1811.000000	-4.942619
#[1, 5, 3, 7, 3]
1811.000000	-7.651667
#[3, 0, 3, 6, 3]
1811.000000	-6.131111
#[0, 6, 4, 5, 3]
1811.000000	-3.395686
#[4, 7, 1, 4, 3]
1811.000000	-4.590714
#[4, 7, 0, 6, 4]
1811.000000	-3.062222
#[4, 5, 6, 2, 0]
1811.000000	-3.325833
#[1, 7, 4, 7, 3]
1811.000000	-8.575000
#[4, 1, 6, 6, 2]
1811.000000	-3.006667
#[3, 4, 4, 6, 1]
1821.000000	-5.280417
#[0, 5, 1, 6, 0]
1821.000000	-3.006667
#[6, 0, 4, 6, 2]
1821.000000	-3.006667
#[4, 5, 6, 1, 0]
1821.000000	-2.328095
#[4, 7, 4, 5, 1]
1821.000000	-5.395000
#[4, 5, 2, 1, 2]
1821.000000	-4.513333
#[6, 6, 2, 6, 3]
1821.000000	-6.020000
#[4, 2, 4, 1, 0]
1821.000000	-4.513333
#[7, 5, 6, 6, 2]
1821.000000	-5.665833
#[5, 1, 4, 6, 2]
1821.000000	-1.500000
