#[4, 4, 6, 2, 3]
1.000000	-1.500000
#[4, 4, 5, 2, 3]
11.000000	-3.006667
#[4, 4, 6, 3, 3]
11.000000	-3.763333
#[7, 6, 6, 2, 3]
11.000000	-6.061667
#[4, 6, 5, 2, 3]
11.000000	-5.943333
#[4, 4, 0, 2, 3]
11.000000	-4.513333
#[7, 4, 6, 2, 3]
11.000000	-5.389048
#[4, 7, 6, 2, 3]
11.000000	-5.389048
#[4, 4, 6, 2, 1]
11.000000	-3.985556
#[4, 4, 7, 2, 3]
11.000000	-4.596667
#[5, 4, 6, 2, 3]
11.000000	-4.889048
#[6, 4, 6, 2, 3]
21.000000	-5.341429
#[4, 4, 3, 2, 0]
21.000000	-4.555000
#[4, 2, 6, 2, 3]
21.000000	-5.341429
#[4, 0, 6, 2, 3]
21.000000	-5.070000
#[4, 6, 6, 2, 3]
21.000000	-5.341429
#[4, 4, 6, 0, 3]
21.000000	-1.500000
#[4, 4, 6, 2, 0]
21.000000	-3.721667
#[4, 4, 6, 1, 3]
21.000000	-3.721667
#[4, 4, 2, 2, 3]
21.000000	-4.596667
#[4, 2, 6, 2, 1]
21.000000	-3.563333
#[2, 4, 6, 0, 3]
31.000000	-4.902353
#[4, 0, 6, 0, 1]
31.000000	-3.809630
#[4, 1, 6, 0, 3]
31.000000	-1.500000
#[4, 0, 6, 0, 3]
31.000000	-4.558462
#[4, 3, 1, 0, 3]
31.000000	-7.771429
#[4, 4, 6, 0, 0]
31.000000	-4.060952
#[4, 3, 6, 0, 3]
31.000000	-5.178730
#[4, 4, 6, 0, 2]
31.000000	-3.006667
#[4, 4, 7, 0, 3]
31.000000	-4.568889
#[3, 4, 6, 0, 3]
31.000000	-5.178730
#[7, 1, 6, 0, 3]
41.000000	-6.131111
#[4, 1, 6, 1, 3]
41.000000	-3.721667
#[5, 1, 6, 0, 3]
41.000000	-4.513333
#[4, 1, 6, 0, 2]
41.000000	-3.006667
#[4, 5, 6, 0, 3]
41.000000	-3.513333
#[4, 1, 7, 0, 3]
41.000000	-4.568889
#[4, 1, 6, 0, 4]
41.000000	-3.006667
#[4, 1, 4, 0, 3]
41.000000	-4.513333
#[4, 1, 3, 0, 3]
41.000000	-4.568889
#[4, 4, 5, 0, 3]
41.000000	-3.006667
#[4, 1, 6, 7, 3]
51.000000	-3.763333
#[4, 1, 6, 5, 3]
51.000000	0.006667
#[0, 1, 6, 0, 3]
51.000000	-6.020000
#[4, 1, 2, 0, 3]
51.000000	-4.513333
#[4, 6, 6, 5, 3]
51.000000	-3.834762
#[3, 1, 6, 0, 3]
51.000000	-6.131111
#[4, 1, 1, 0, 3]
51.000000	-4.513333
#[2, 1, 6, 0, 3]
51.000000	-6.020000
#[4, 1, 6, 4, 3]
51.000000	-3.721667
#[6, 1, 6, 0, 3]
51.000000	-6.020000
#[4, 4, 6, 5, 3]
61.000000	0.006667
#[4, 1, 6, 5, 1]
61.000000	-4.889048
#[2, 1, 5, 5, 3]
61.000000	-7.526667
#[4, 1, 6, 5, 2]
61.000000	-1.500000
#[4, 5, 6, 5, 3]
61.000000	-3.834762
#[1, 1, 6, 5, 3]
61.000000	-4.596667
#[4, 1, 1, 5, 3]
61.000000	-3.006667
#[2, 1, 6, 5, 3]
61.000000	-4.513333
#[4, 1, 4, 5, 3]
61.000000	-3.006667
#[4, 1, 6, 5, 0]
61.000000	-3.721667
#[4, 4, 6, 5, 4]
71.000000	-4.662857
#[4, 3, 6, 5, 3]
71.000000	-3.882381
#[4, 4, 6, 5, 1]
71.000000	-4.889048
#[4, 0, 6, 5, 3]
71.000000	-3.563333
#[2, 4, 6, 5, 3]
71.000000	-3.834762
#[4, 4, 6, 5, 2]
71.000000	-1.500000
#[4, 4, 6, 5, 0]
71.000000	-3.721667
#[4, 4, 5, 5, 3]
71.000000	-3.006667
#[7, 4, 6, 5, 3]
71.000000	-3.882381
#[6, 4, 6, 5, 3]
71.000000	-3.834762
#[4, 4, 1, 6, 3]
81.000000	-3.721667
#[4, 7, 6, 5, 3]
81.000000	-3.882381
#[4, 4, 2, 5, 3]
81.000000	-3.006667
#[4, 4, 6, 7, 1]
81.000000	-5.249167
#[4, 4, 4, 5, 3]
81.000000	-3.006667
#[4, 4, 3, 5, 3]
81.000000	-3.062222
#[4, 4, 1, 5, 3]
81.000000	-3.006667
#[3, 4, 6, 5, 3]
81.000000	-3.882381
#[1, 4, 6, 5, 3]
81.000000	0.006667
#[4, 4, 7, 5, 3]
81.000000	-3.062222
#[1, 4, 4, 5, 3]
91.000000	-3.006667
#[1, 4, 6, 5, 4]
91.000000	-4.662857
#[1, 1, 4, 5, 3]
91.000000	-6.832222
#[1, 4, 6, 6, 3]
91.000000	-1.500000
#[1, 6, 6, 5, 3]
91.000000	-4.513333
#[1, 4, 7, 5, 3]
91.000000	-3.062222
#[1, 0, 6, 5, 3]
91.000000	-4.513333
#[0, 4, 6, 5, 3]
91.000000	-3.563333
#[1, 4, 0, 5, 3]
91.000000	-3.006667
#[1, 4, 6, 5, 2]
91.000000	-1.500000
#[1, 2, 6, 2, 3]
101.000000	-6.020000
#[1, 4, 1, 5, 3]
101.000000	-3.006667
#[2, 3, 6, 5, 3]
101.000000	-4.555000
#[1, 2, 6, 5, 4]
101.000000	-3.006667
#[1, 3, 6, 5, 3]
101.000000	-4.596667
#[1, 4, 7, 0, 3]
101.000000	-4.568889
#[1, 5, 6, 5, 3]
101.000000	-4.513333
#[1, 4, 6, 5, 0]
101.000000	-3.721667
#[1, 7, 6, 5, 3]
101.000000	-4.596667
#[1, 4, 6, 0, 0]
101.000000	-4.060952
#[5, 4, 6, 5, 3]
111.000000	-3.834762
#[1, 4, 5, 5, 3]
111.000000	-3.006667
#[1, 4, 6, 2, 3]
111.000000	-1.500000
#[1, 1, 6, 0, 3]
111.000000	-6.131111
#[1, 4, 6, 4, 3]
111.000000	-3.721667
#[4, 4, 6, 4, 0]
111.000000	-4.117500
#[6, 7, 6, 0, 3]
111.000000	-6.075556
#[1, 4, 6, 0, 3]
111.000000	-1.500000
#[1, 4, 6, 5, 1]
111.000000	-4.889048
#[2, 4, 6, 3, 3]
111.000000	-5.406905
#[1, 4, 2, 5, 3]
121.000000	-3.006667
#[1, 4, 6, 7, 3]
121.000000	-3.763333
#[1, 6, 6, 4, 3]
121.000000	-5.426250
#[1, 4, 3, 5, 3]
121.000000	-3.062222
#[0, 6, 6, 5, 3]
121.000000	-4.513333
#[1, 4, 6, 1, 3]
121.000000	-3.721667
#[1, 4, 2, 3, 3]
121.000000	-4.596667
#[1, 4, 5, 5, 1]
121.000000	-3.006667
#[1, 4, 6, 2, 1]
121.000000	-3.985556
#[1, 4, 6, 3, 3]
121.000000	-3.763333
#[2, 4, 6, 5, 4]
131.000000	-4.314872
#[1, 0, 6, 2, 0]
131.000000	-4.513333
#[1, 3, 7, 5, 3]
131.000000	-7.665556
#[0, 4, 6, 3, 3]
131.000000	-5.128333
#[4, 4, 6, 4, 3]
131.000000	-3.721667
#[5, 4, 2, 5, 3]
131.000000	-6.848095
#[7, 3, 6, 3, 3]
131.000000	-8.366667
#[1, 1, 6, 5, 0]
131.000000	-6.818333
#[2, 4, 4, 5, 3]
131.000000	-3.006667
#[1, 2, 6, 5, 3]
131.000000	-4.513333
#[1, 6, 5, 5, 3]
141.000000	-4.513333
#[1, 7, 6, 4, 3]
141.000000	-7.741667
#[3, 4, 2, 5, 3]
141.000000	-6.895714
#[7, 7, 6, 5, 3]
141.000000	-4.596667
#[1, 4, 2, 5, 1]
141.000000	-4.196667
#[6, 4, 6, 5, 0]
141.000000	-3.457778
#[1, 7, 6, 7, 3]
141.000000	-8.366667
#[1, 4, 6, 7, 2]
141.000000	-5.270000
#[3, 2, 6, 5, 3]
141.000000	-4.555000
#[5, 4, 6, 5, 0]
141.000000	-4.436667
#[1, 7, 6, 3, 3]
151.000000	-8.366667
#[1, 4, 2, 5, 2]
151.000000	-4.513333
#[1, 4, 5, 5, 4]
151.000000	-3.006667
#[1, 4, 7, 3, 3]
151.000000	-4.596667
#[1, 4, 0, 0, 3]
151.000000	-4.513333
#[7, 4, 6, 5, 2]
151.000000	-3.763333
#[7, 1, 6, 5, 3]
151.000000	-4.596667
#[0, 4, 6, 5, 1]
151.000000	-3.513333
#[1, 4, 3, 5, 1]
151.000000	-5.365238
#[1, 5, 6, 5, 2]
151.000000	-4.513333
#[1, 4, 6, 2, 2]
161.000000	-3.006667
#[0, 4, 0, 5, 3]
161.000000	-3.006667
#[0, 4, 6, 5, 2]
161.000000	-1.500000
#[6, 4, 6, 5, 4]
161.000000	-4.662857
#[7, 4, 1, 5, 3]
161.000000	-6.475079
#[1, 4, 6, 6, 2]
161.000000	-3.006667
#[6, 7, 6, 5, 3]
161.000000	-4.555000
#[7, 4, 6, 7, 3]
161.000000	-7.652381
#[1, 4, 1, 3, 3]
161.000000	-4.555000
#[7, 4, 5, 5, 3]
161.000000	-6.895714
#[6, 1, 6, 5, 3]
171.000000	-4.513333
#[6, 5, 6, 5, 3]
171.000000	-4.513333
#[6, 4, 4, 5, 3]
171.000000	0.006667
#[1, 6, 6, 5, 1]
171.000000	-5.341429
#[1, 2, 6, 7, 3]
171.000000	-6.103333
#[1, 3, 5, 5, 3]
171.000000	-7.610000
#[1, 3, 6, 3, 3]
171.000000	-8.366667
#[1, 4, 5, 7, 2]
171.000000	-4.568889
#[2, 4, 6, 5, 2]
171.000000	-3.721667
#[1, 2, 7, 5, 3]
171.000000	-7.637778
#[6, 4, 4, 1, 3]
181.000000	-1.500000
#[6, 4, 4, 2, 3]
181.000000	-1.500000
#[6, 4, 2, 5, 3]
181.000000	-5.943333
#[6, 4, 4, 4, 3]
181.000000	-1.500000
#[7, 4, 4, 5, 3]
181.000000	-3.062222
#[6, 4, 7, 5, 3]
181.000000	-5.998889
#[3, 4, 4, 5, 3]
181.000000	-3.062222
#[6, 4, 4, 6, 3]
181.000000	-4.662857
#[6, 4, 4, 5, 2]
181.000000	-3.721667
#[6, 5, 4, 5, 3]
181.000000	-5.530290
#[6, 2, 4, 5, 3]
191.000000	-5.223636
#[6, 1, 4, 5, 3]
191.000000	-3.721667
#[6, 4, 4, 3, 3]
191.000000	-4.704524
#[6, 4, 5, 5, 3]
191.000000	-5.943333
#[6, 7, 4, 5, 3]
191.000000	-5.860000
#[6, 4, 2, 5, 0]
191.000000	-4.436667
#[6, 4, 3, 5, 3]
191.000000	-5.998889
#[6, 0, 4, 5, 3]
191.000000	-3.395686
#[6, 6, 4, 5, 3]
191.000000	-3.721667
#[0, 4, 4, 5, 3]
191.000000	-3.006667
#[6, 4, 4, 5, 1]
201.000000	-2.328095
#[6, 4, 4, 5, 4]
201.000000	-4.662857
#[6, 4, 4, 7, 3]
201.000000	-4.704524
#[6, 4, 1, 5, 3]
201.000000	-3.382381
#[6, 4, 4, 0, 3]
201.000000	-1.500000
#[3, 3, 4, 5, 3]
201.000000	-6.832222
#[6, 4, 4, 3, 2]
201.000000	-4.634583
#[6, 3, 4, 5, 3]
201.000000	-5.860000
#[5, 4, 4, 5, 3]
201.000000	-3.006667
#[6, 4, 4, 5, 0]
201.000000	-3.457778
#[6, 4, 0, 5, 3]
211.000000	-3.495476
#[6, 4, 5, 5, 2]
211.000000	-5.943333
#[3, 5, 4, 5, 3]
211.000000	-6.544783
#[5, 4, 4, 5, 1]
211.000000	-3.006667
#[1, 4, 4, 0, 3]
211.000000	-4.513333
#[3, 5, 4, 6, 3]
211.000000	-4.842581
#[4, 4, 4, 4, 3]
211.000000	-4.513333
#[5, 4, 4, 7, 3]
211.000000	-3.062222
#[0, 4, 4, 5, 1]
211.000000	-4.180000
#[7, 4, 0, 5, 3]
211.000000	-6.580238
#[6, 4, 4, 2, 0]
221.000000	-3.721667
#[3, 4, 4, 6, 3]
221.000000	-6.938095
#[6, 5, 7, 3, 3]
221.000000	-7.950000
#[6, 0, 4, 0, 3]
221.000000	-4.753333
#[6, 4, 4, 1, 2]
221.000000	-3.006667
#[3, 4, 7, 5, 3]
221.000000	-6.951270
#[6, 1, 1, 5, 3]
221.000000	-4.513333
#[6, 2, 4, 5, 4]
221.000000	-4.314872
#[0, 4, 2, 5, 3]
221.000000	-6.576667
#[6, 4, 4, 0, 4]
221.000000	-3.006667
#[3, 4, 3, 5, 3]
231.000000	-6.951270
#[6, 0, 4, 5, 0]
231.000000	-3.457778
#[6, 6, 4, 0, 3]
231.000000	-5.228333
#[5, 5, 4, 5, 3]
231.000000	-6.231212
#[7, 4, 4, 6, 3]
231.000000	-6.938095
#[0, 4, 3, 5, 3]
231.000000	-6.654444
#[6, 2, 4, 6, 3]
231.000000	-5.070000
#[6, 4, 4, 2, 2]
231.000000	-5.228333
#[6, 4, 3, 6, 3]
231.000000	-5.383095
#[2, 4, 4, 2, 3]
231.000000	-4.513333
#[5, 4, 4, 4, 3]
241.000000	-3.006667
#[6, 2, 2, 5, 3]
241.000000	-6.735000
#[6, 4, 0, 3, 3]
241.000000	-5.170794
#[0, 0, 4, 5, 3]
241.000000	-3.006667
#[6, 3, 4, 5, 4]
241.000000	-6.819048
#[7, 4, 4, 5, 4]
241.000000	-5.615238
#[6, 4, 1, 4, 3]
241.000000	-1.500000
#[6, 1, 3, 5, 3]
241.000000	-4.568889
#[4, 4, 4, 5, 0]
241.000000	-4.249444
#[6, 3, 4, 5, 1]
241.000000	-4.942619
#[6, 0, 4, 0, 1]
251.000000	-3.809630
#[6, 1, 4, 0, 3]
251.000000	-5.228333
#[6, 4, 7, 1, 3]
251.000000	-5.043810
#[6, 7, 1, 5, 3]
251.000000	-4.582778
#[6, 3, 4, 2, 3]
251.000000	-6.908333
#[6, 1, 0, 1, 3]
251.000000	-6.020000
#[6, 4, 0, 7, 3]
251.000000	-5.170794
#[6, 4, 4, 4, 4]
251.000000	-5.228333
#[6, 0, 5, 5, 3]
251.000000	-4.513333
#[6, 4, 1, 1, 3]
251.000000	-4.662857
#[6, 5, 4, 0, 3]
261.000000	-3.382381
#[2, 4, 4, 0, 3]
261.000000	-4.513333
#[6, 4, 4, 7, 0]
261.000000	-3.742500
#[6, 4, 6, 6, 3]
261.000000	-5.341429
#[6, 3, 0, 5, 1]
261.000000	-4.311944
#[6, 1, 4, 5, 4]
261.000000	-4.662857
#[4, 4, 4, 5, 2]
261.000000	-4.513333
#[7, 4, 4, 4, 3]
261.000000	-4.572857
#[6, 1, 0, 5, 3]
261.000000	-4.513333
#[5, 4, 4, 5, 0]
261.000000	-3.006667
#[2, 3, 4, 5, 3]
271.000000	-6.284242
#[0, 7, 4, 5, 3]
271.000000	-6.477647
#[6, 1, 4, 3, 3]
271.000000	-5.467917
#[6, 4, 1, 0, 3]
271.000000	-4.662857
#[7, 4, 4, 5, 2]
271.000000	-4.555000
#[0, 4, 4, 5, 2]
271.000000	-4.513333
#[6, 2, 4, 4, 3]
271.000000	-1.500000
#[6, 4, 4, 1, 1]
271.000000	-2.610833
#[6, 4, 0, 5, 1]
271.000000	-1.236111
#[6, 4, 2, 0, 3]
271.000000	-4.662857
#[7, 4, 4, 3, 1]
281.000000	-5.697083
#[6, 3, 7, 5, 3]
281.000000	-6.832222
#[4, 7, 4, 5, 3]
281.000000	-3.062222
#[2, 4, 3, 5, 3]
281.000000	-6.935397
#[6, 2, 4, 0, 3]
281.000000	-1.500000
#[0, 4, 5, 5, 4]
281.000000	-3.006667
#[3, 4, 4, 4, 3]
281.000000	-4.572857
#[6, 4, 1, 5, 4]
281.000000	-2.554286
#[2, 7, 4, 5, 3]
281.000000	-6.284242
#[6, 4, 5, 0, 3]
281.000000	-3.495476
#[6, 4, 4, 4, 2]
291.000000	-5.228333
#[1, 4, 4, 4, 3]
291.000000	-4.513333
#[6, 4, 7, 7, 3]
291.000000	-7.533333
#[1, 4, 4, 7, 3]
291.000000	-4.555000
#[4, 4, 4, 2, 3]
291.000000	-4.513333
#[3, 6, 4, 5, 3]
291.000000	-5.860000
#[6, 1, 4, 7, 3]
291.000000	-5.467917
#[6, 4, 3, 3, 3]
291.000000	-7.533333
#[6, 6, 4, 5, 4]
291.000000	-4.662857
#[6, 3, 7, 0, 3]
291.000000	-6.131111
#[6, 2, 6, 5, 3]
301.000000	-4.513333
#[4, 2, 4, 5, 3]
301.000000	-3.006667
#[5, 4, 1, 5, 3]
301.000000	-6.129608
#[6, 4, 4, 4, 1]
301.000000	-4.634583
#[6, 4, 4, 3, 4]
301.000000	-5.270000
#[6, 6, 4, 2, 3]
301.000000	-4.832500
#[3, 7, 4, 5, 3]
301.000000	-6.832222
#[0, 1, 4, 5, 3]
301.000000	-3.006667
#[1, 7, 4, 5, 3]
301.000000	-6.832222
#[6, 4, 6, 5, 1]
301.000000	-2.328095
#[4, 4, 4, 7, 3]
311.000000	-4.555000
#[7, 4, 4, 3, 4]
311.000000	-6.103333
#[6, 6, 4, 5, 0]
311.000000	-3.721667
#[6, 4, 0, 5, 2]
311.000000	-1.500000
#[6, 0, 3, 5, 3]
311.000000	-4.587407
#[6, 3, 0, 5, 3]
311.000000	-4.575833
#[7, 6, 0, 5, 3]
311.000000	-4.575833
#[6, 5, 4, 5, 1]
311.000000	-2.397692
#[6, 4, 4, 0, 1]
311.000000	-2.554286
#[1, 4, 4, 5, 0]
311.000000	-4.249444
#[6, 0, 4, 5, 2]
321.000000	-1.500000
#[6, 5, 4, 1, 3]
321.000000	-3.633704
#[6, 4, 0, 4, 3]
321.000000	-1.500000
#[6, 4, 0, 1, 3]
321.000000	-4.662857
#[5, 4, 4, 3, 3]
321.000000	-3.062222
#[1, 4, 4, 6, 3]
321.000000	-3.721667
#[6, 4, 1, 5, 2]
321.000000	-1.500000
#[6, 2, 4, 5, 0]
321.000000	-2.215000
#[6, 4, 1, 3, 3]
321.000000	-5.043810
#[7, 4, 7, 5, 3]
321.000000	-6.951270
#[6, 0, 0, 5, 3]
331.000000	-4.513333
#[0, 5, 4, 5, 3]
331.000000	-6.042292
#[5, 4, 4, 2, 3]
331.000000	-3.006667
#[6, 1, 4, 3, 1]
331.000000	-5.249167
#[6, 4, 4, 3, 1]
331.000000	-4.655417
#[3, 4, 4, 0, 3]
331.000000	-4.584762
#[6, 7, 4, 5, 0]
331.000000	-5.985000
#[1, 4, 4, 5, 4]
331.000000	-5.567619
#[6, 5, 4, 4, 3]
331.000000	0.006667
#[6, 4, 5, 2, 3]
331.000000	-5.943333
#[6, 3, 4, 3, 3]
341.000000	-7.637500
#[6, 5, 4, 5, 2]
341.000000	-3.721667
#[2, 4, 7, 5, 3]
341.000000	-6.935397
#[1, 5, 4, 4, 3]
341.000000	-3.006667
#[6, 3, 3, 5, 3]
341.000000	-6.832222
#[0, 4, 4, 5, 4]
341.000000	-5.386667
#[3, 4, 4, 5, 2]
341.000000	-3.006667
#[6, 4, 4, 0, 2]
341.000000	-3.006667
#[1, 4, 4, 5, 2]
341.000000	-4.513333
#[3, 4, 1, 5, 3]
341.000000	-6.475079
#[6, 7, 4, 7, 3]
351.000000	-7.637500
#[7, 4, 4, 3, 3]
351.000000	-7.771429
#[1, 6, 4, 5, 3]
351.000000	-3.721667
#[6, 4, 4, 2, 1]
351.000000	-1.500000
#[7, 4, 4, 2, 3]
351.000000	-4.572857
#[6, 5, 4, 2, 3]
351.000000	0.006667
#[5, 4, 3, 5, 3]
351.000000	-6.919524
#[6, 4, 6, 5, 2]
351.000000	-3.721667
#[6, 3, 4, 5, 2]
351.000000	0.006667
#[3, 4, 4, 5, 1]
351.000000	-5.395000
#[1, 5, 4, 5, 3]
361.000000	-6.231212
#[7, 4, 4, 1, 3]
361.000000	-4.590714
#[6, 7, 4, 5, 4]
361.000000	-6.819048
#[5, 7, 4, 5, 3]
361.000000	-6.544783
#[5, 2, 4, 5, 3]
361.000000	-3.006667
#[3, 2, 4, 5, 3]
361.000000	-6.284242
#[6, 4, 4, 3, 0]
361.000000	-3.742500
#[6, 1, 4, 4, 3]
361.000000	-4.832500
#[6, 7, 4, 5, 2]
361.000000	-3.763333
#[2, 4, 4, 1, 3]
361.000000	-4.513333
#[6, 2, 7, 5, 3]
371.000000	-6.818333
#[6, 2, 4, 2, 3]
371.000000	-1.500000
#[2, 4, 4, 5, 1]
371.000000	-4.117500
#[6, 5, 4, 3, 3]
371.000000	-6.941935
#[6, 4, 1, 5, 0]
371.000000	-1.236111
#[0, 4, 5, 5, 3]
371.000000	-6.576667
#[6, 4, 3, 4, 3]
371.000000	-4.704524
#[0, 4, 4, 6, 3]
371.000000	-1.500000
#[6, 0, 4, 5, 1]
371.000000	-3.513333
#[0, 4, 2, 1, 3]
371.000000	-4.513333
#[0, 4, 4, 0, 3]
381.000000	-4.513333
#[6, 4, 0, 6, 3]
381.000000	-5.115238
#[6, 4, 4, 1, 0]
381.000000	-3.523750
#[3, 4, 4, 2, 3]
381.000000	-4.572857
#[6, 4, 2, 5, 4]
381.000000	0.006667
#[6, 4, 3, 5, 1]
381.000000	-2.351905
#[6, 6, 7, 5, 1]
381.000000	-5.365238
#[5, 1, 4, 5, 3]
381.000000	-6.231212
#[4, 4, 4, 0, 3]
381.000000	-4.513333
#[0, 4, 4, 4, 3]
381.000000	-4.513333
#[6, 4, 5, 5, 4]
391.000000	0.006667
#[6, 4, 2, 5, 2]
391.000000	-5.943333
#[6, 5, 1, 5, 3]
391.000000	-4.513333
#[6, 4, 4, 6, 1]
391.000000	-2.610833
#[6, 4, 5, 7, 3]
391.000000	-5.998889
#[2, 4, 0, 5, 3]
391.000000	-6.101667
#[6, 3, 4, 2, 1]
391.000000	-4.041111
#[6, 0, 4, 7, 3]
391.000000	-5.251884
#[2, 4, 5, 7, 3]
391.000000	-6.935397
#[6, 6, 6, 6, 3]
391.000000	-6.020000
#[3, 0, 4, 5, 3]
401.000000	-6.477647
#[2, 1, 4, 5, 3]
401.000000	-3.006667
#[1, 4, 4, 1, 3]
401.000000	-4.513333
#[6, 6, 7, 1, 3]
401.000000	-6.061667
#[2, 4, 4, 5, 0]
401.000000	-3.006667
#[6, 4, 7, 5, 4]
401.000000	-6.819048
#[1, 4, 4, 5, 1]
401.000000	-5.341429
#[6, 4, 5, 4, 3]
401.000000	0.006667
#[6, 4, 4, 7, 1]
401.000000	-4.655417
#[2, 5, 4, 5, 3]
401.000000	-3.006667
#[6, 6, 5, 4, 3]
411.000000	-3.721667
#[6, 4, 5, 4, 1]
411.000000	-2.328095
#[6, 2, 5, 4, 3]
411.000000	-5.223636
#[4, 4, 5, 4, 3]
411.000000	-3.006667
#[6, 4, 5, 0, 1]
411.000000	-1.236111
#[6, 1, 5, 4, 3]
411.000000	-3.721667
#[6, 0, 5, 4, 3]
411.000000	-3.395686
#[6, 4, 5, 4, 4]
411.000000	-4.662857
#[7, 4, 5, 4, 3]
411.000000	-3.062222
#[6, 7, 5, 4, 3]
411.000000	-5.860000
#[6, 4, 3, 0, 3]
421.000000	-5.170794
#[6, 4, 5, 4, 2]
421.000000	-3.721667
#[1, 4, 5, 4, 3]
421.000000	-3.006667
#[6, 5, 5, 4, 3]
421.000000	-5.530290
#[0, 4, 5, 4, 3]
421.000000	-3.006667
#[6, 3, 5, 4, 3]
421.000000	-5.860000
#[6, 4, 7, 4, 3]
421.000000	-4.704524
#[6, 4, 2, 4, 2]
421.000000	-5.228333
#[5, 4, 5, 4, 3]
421.000000	-3.006667
#[3, 4, 1, 4, 2]
421.000000	-4.513333
#[6, 6, 5, 4, 4]
431.000000	-4.662857
#[6, 4, 5, 1, 3]
431.000000	-3.382381
#[6, 4, 5, 4, 0]
431.000000	-3.457778
#[6, 4, 5, 3, 3]
431.000000	-5.998889
#[6, 4, 2, 4, 3]
431.000000	-1.500000
#[3, 4, 5, 4, 3]
431.000000	-3.062222
#[6, 2, 5, 4, 1]
431.000000	-3.325833
#[5, 4, 0, 4, 3]
431.000000	-3.006667
#[6, 4, 5, 2, 1]
431.000000	-1.183333
#[6, 4, 5, 7, 2]
431.000000	-5.998889
#[6, 1, 5, 0, 3]
441.000000	-4.513333
#[6, 4, 5, 6, 3]
441.000000	-3.834762
#[6, 0, 5, 4, 1]
441.000000	-3.513333
#[6, 4, 6, 4, 1]
441.000000	-2.610833
#[6, 4, 6, 4, 3]
441.000000	-4.662857
#[6, 4, 6, 1, 3]
441.000000	-5.002143
#[6, 4, 5, 3, 4]
441.000000	-6.819048
#[6, 4, 2, 1, 3]
441.000000	-4.662857
#[2, 4, 5, 4, 3]
441.000000	-3.006667
#[5, 0, 5, 4, 3]
441.000000	-6.042292
#[6, 0, 5, 4, 0]
451.000000	-3.457778
#[3, 5, 5, 4, 3]
451.000000	-6.544783
#[6, 4, 2, 4, 4]
451.000000	-5.228333
#[6, 4, 3, 4, 1]
451.000000	-4.655417
#[4, 4, 2, 4, 3]
451.000000	-4.513333
#[7, 0, 5, 4, 3]
451.000000	-6.477647
#[6, 3, 5, 1, 3]
451.000000	-4.582778
#[6, 4, 3, 7, 3]
451.000000	-7.533333
#[6, 4, 5, 6, 2]
451.000000	-3.721667
#[2, 2, 5, 4, 3]
451.000000	-3.006667
#[6, 4, 5, 1, 0]
461.000000	-1.236111
#[6, 4, 0, 4, 0]
461.000000	-3.608571
#[7, 4, 5, 2, 3]
461.000000	-6.895714
#[1, 2, 5, 4, 3]
461.000000	-3.006667
#[6, 0, 1, 4, 3]
461.000000	-5.020000
#[0, 4, 7, 4, 3]
461.000000	-4.574737
#[6, 7, 5, 6, 3]
461.000000	-4.555000
#[6, 6, 5, 6, 3]
461.000000	-4.513333
#[6, 7, 1, 4, 3]
461.000000	-5.493958
#[6, 0, 5, 4, 2]
461.000000	-1.500000
#[6, 5, 5, 2, 3]
471.000000	-6.735000
#[6, 4, 1, 7, 0]
471.000000	-5.568333
#[2, 4, 5, 4, 0]
471.000000	-3.006667
#[0, 4, 1, 4, 0]
471.000000	-4.513333
#[6, 4, 3, 4, 2]
471.000000	-4.634583
#[6, 1, 5, 1, 3]
471.000000	-4.513333
#[6, 6, 5, 4, 1]
471.000000	-4.889048
#[6, 4, 5, 5, 0]
471.000000	-4.436667
#[6, 3, 5, 6, 3]
471.000000	-4.555000
#[7, 1, 5, 4, 3]
471.000000	-6.832222
#[6, 3, 5, 0, 3]
481.000000	-4.575833
#[6, 2, 5, 4, 2]
481.000000	-3.721667
#[7, 3, 5, 4, 3]
481.000000	-6.832222
#[4, 4, 5, 4, 4]
481.000000	-5.567619
#[6, 4, 5, 6, 1]
481.000000	-2.328095
#[6, 0, 5, 0, 3]
481.000000	-4.513333
#[6, 2, 5, 3, 4]
481.000000	-7.405128
#[2, 4, 4, 4, 3]
481.000000	-4.513333
#[4, 4, 5, 4, 1]
481.000000	-5.341429
#[6, 2, 2, 4, 2]
481.000000	-5.228333
#[6, 1, 1, 4, 3]
491.000000	-5.426250
#[4, 6, 5, 4, 3]
491.000000	0.006667
#[5, 4, 5, 7, 3]
491.000000	-6.919524
#[6, 4, 0, 4, 4]
491.000000	-3.006667
#[6, 5, 5, 6, 3]
491.000000	-4.513333
#[3, 4, 5, 0, 3]
491.000000	-6.580238
#[1, 5, 5, 4, 3]
491.000000	-6.231212
#[6, 3, 5, 4, 0]
491.000000	-5.985000
#[6, 5, 5, 4, 4]
491.000000	0.006667
#[6, 3, 0, 4, 4]
491.000000	-3.062222
#[0, 6, 5, 4, 3]
501.000000	-3.395686
#[4, 1, 2, 2, 3]
501.000000	-4.596667
#[4, 6, 5, 3, 3]
501.000000	-5.998889
#[4, 6, 1, 7, 3]
501.000000	-5.043810
#[4, 5, 5, 4, 3]
501.000000	-3.006667
#[3, 6, 5, 4, 3]
501.000000	-5.860000
#[4, 1, 5, 4, 3]
501.000000	-3.006667
#[4, 6, 5, 4, 4]
501.000000	-4.662857
#[4, 6, 5, 4, 1]
501.000000	-2.328095
#[4, 6, 5, 0, 3]
501.000000	-3.495476
#[1, 6, 5, 4, 3]
511.000000	-3.721667
#[4, 3, 5, 4, 3]
511.000000	-3.062222
#[5, 6, 5, 4, 3]
511.000000	-5.530290
#[4, 2, 5, 4, 3]
511.000000	-3.006667
#[4, 6, 1, 4, 3]
511.000000	-1.500000
#[4, 6, 5, 6, 3]
511.000000	-3.834762
#[4, 6, 6, 4, 3]
511.000000	-4.662857
#[4, 6, 4, 4, 3]
511.000000	-1.500000
#[4, 6, 3, 4, 3]
511.000000	-4.704524
#[1, 6, 5, 4, 0]
511.000000	-3.721667
#[2, 6, 5, 4, 3]
521.000000	-5.223636
#[4, 6, 5, 4, 2]
521.000000	-3.721667
#[4, 0, 5, 4, 3]
521.000000	-3.006667
#[4, 6, 7, 4, 2]
521.000000	-5.270000
#[6, 6, 5, 1, 3]
521.000000	-4.513333
#[4, 6, 5, 4, 0]
521.000000	-3.457778
#[6, 6, 5, 7, 3]
521.000000	-4.568889
#[4, 6, 0, 4, 2]
521.000000	-3.006667
#[0, 6, 4, 4, 3]
521.000000	-1.500000
#[4, 7, 5, 4, 3]
521.000000	-3.062222
#[4, 2, 6, 4, 3]
531.000000	-1.500000
#[4, 0, 3, 4, 3]
531.000000	-4.574737
#[4, 7, 5, 1, 3]
531.000000	-6.475079
#[4, 6, 7, 4, 3]
531.000000	-4.704524
#[4, 6, 5, 1, 3]
531.000000	-3.382381
#[7, 6, 5, 4, 3]
531.000000	-5.860000
#[1, 6, 5, 4, 2]
531.000000	-1.500000
#[4, 6, 5, 5, 3]
531.000000	-5.943333
#[4, 6, 5, 6, 0]
531.000000	-3.457778
#[7, 6, 3, 4, 3]
531.000000	-7.637500
#[4, 6, 0, 4, 3]
541.000000	-1.500000
#[4, 6, 5, 7, 3]
541.000000	-5.998889
#[4, 6, 2, 4, 3]
541.000000	-1.500000
#[4, 6, 5, 2, 4]
541.000000	0.006667
#[5, 2, 5, 4, 3]
541.000000	-3.006667
#[4, 2, 5, 4, 1]
541.000000	-4.117500
#[4, 2, 5, 6, 3]
541.000000	-3.834762
#[4, 6, 5, 0, 2]
541.000000	-1.500000
#[4, 6, 5, 5, 4]
541.000000	0.006667
#[3, 6, 6, 4, 3]
541.000000	-5.473125
#[4, 6, 4, 3, 3]
551.000000	-4.704524
#[3, 1, 5, 4, 0]
551.000000	-6.818333
#[4, 5, 3, 4, 3]
551.000000	-3.062222
#[3, 0, 5, 4, 3]
551.000000	-6.477647
#[4, 6, 4, 1, 3]
551.000000	-1.500000
#[4, 6, 2, 4, 1]
551.000000	-1.500000
#[4, 6, 5, 6, 4]
551.000000	-4.662857
#[4, 6, 7, 2, 3]
551.000000	-7.533333
#[1, 0, 5, 4, 3]
551.000000	-3.006667
#[4, 4, 5, 4, 0]
551.000000	-4.249444
#[3, 3, 5, 4, 3]
561.000000	-6.832222
#[7, 6, 5, 4, 1]
561.000000	-4.942619
#[4, 2, 3, 4, 3]
561.000000	-4.583846
#[4, 6, 5, 7, 0]
561.000000	-5.707222
#[0, 6, 5, 4, 2]
561.000000	-1.500000
#[4, 7, 5, 4, 0]
561.000000	-4.291111
#[4, 3, 6, 4, 3]
561.000000	-6.938095
#[4, 6, 5, 5, 1]
561.000000	0.006667
#[4, 6, 3, 4, 4]
561.000000	-5.270000
#[4, 6, 6, 6, 3]
561.000000	-5.341429
#[6, 6, 4, 4, 3]
571.000000	-4.832500
#[4, 3, 5, 6, 3]
571.000000	-3.882381
#[4, 3, 5, 2, 3]
571.000000	-6.895714
#[4, 7, 3, 4, 3]
571.000000	-7.771429
#[4, 2, 4, 4, 3]
571.000000	-4.513333
#[4, 6, 1, 4, 0]
571.000000	-3.523750
#[4, 6, 3, 4, 2]
571.000000	-4.634583
#[4, 6, 4, 7, 3]
571.000000	-4.704524
#[3, 6, 5, 4, 0]
571.000000	-5.985000
#[4, 2, 5, 4, 0]
571.000000	-3.006667
#[4, 6, 4, 4, 2]
581.000000	-5.228333
#[7, 6, 5, 4, 0]
581.000000	-5.985000
#[4, 0, 5, 0, 3]
581.000000	-3.006667
#[6, 6, 2, 4, 3]
581.000000	-4.832500
#[4, 3, 5, 4, 1]
581.000000	-5.395000
#[4, 6, 0, 4, 4]
581.000000	-3.006667
#[6, 6, 5, 0, 3]
581.000000	-4.513333
#[4, 3, 5, 4, 4]
581.000000	-5.615238
#[4, 5, 5, 5, 3]
581.000000	-6.848095
#[4, 1, 5, 1, 3]
581.000000	-3.006667
#[4, 6, 5, 7, 2]
591.000000	-5.998889
#[2, 6, 5, 6, 3]
591.000000	-4.513333
#[4, 6, 1, 4, 2]
591.000000	-3.006667
#[4, 1, 5, 4, 2]
591.000000	-4.513333
#[4, 6, 5, 0, 4]
591.000000	-2.373333
#[4, 4, 7, 4, 3]
591.000000	-4.555000
#[4, 0, 5, 6, 3]
591.000000	-3.563333
#[4, 7, 1, 4, 3]
591.000000	-4.590714
#[4, 6, 0, 5, 3]
591.000000	-3.495476
#[4, 2, 7, 4, 3]
591.000000	-4.583846
#[4, 6, 5, 5, 2]
601.000000	-5.943333
#[4, 6, 5, 2, 2]
601.000000	-5.943333
#[7, 6, 6, 4, 3]
601.000000	-5.473125
#[0, 1, 5, 4, 3]
601.000000	-3.006667
#[5, 1, 5, 4, 3]
601.000000	-6.231212
#[4, 6, 5, 1, 1]
601.000000	-2.328095
#[4, 1, 5, 0, 3]
601.000000	-3.006667
#[5, 6, 2, 4, 3]
601.000000	0.006667
#[5, 6, 6, 4, 3]
601.000000	-4.794194
#[5, 6, 5, 3, 3]
601.000000	-6.804444
#[4, 6, 7, 0, 3]
611.000000	-5.170794
#[4, 6, 4, 2, 3]
611.000000	-1.500000
#[4, 1, 7, 2, 3]
611.000000	-4.596667
#[4, 6, 2, 4, 2]
611.000000	-5.228333
#[4, 2, 5, 4, 4]
611.000000	-5.289231
#[7, 6, 0, 4, 3]
611.000000	-5.290833
#[1, 6, 4, 4, 3]
611.000000	-4.832500
#[4, 6, 0, 2, 3]
611.000000	-4.662857
#[4, 6, 3, 4, 1]
611.000000	-4.655417
#[4, 4, 3, 4, 3]
611.000000	-4.555000
#[5, 6, 4, 4, 3]
621.000000	0.006667
#[4, 6, 2, 3, 1]
621.000000	-1.527778
#[5, 3, 5, 4, 3]
621.000000	-6.544783
#[4, 6, 3, 7, 1]
621.000000	-6.700000
#[1, 6, 1, 4, 3]
621.000000	-5.426250
#[4, 5, 5, 0, 3]
621.000000	-6.339167
#[4, 5, 5, 4, 2]
621.000000	-4.513333
#[3, 6, 5, 4, 4]
621.000000	-6.819048
#[5, 6, 0, 4, 3]
621.000000	-3.382381
#[4, 6, 2, 4, 4]
621.000000	-5.228333
#[4, 2, 5, 3, 3]
631.000000	-6.935397
#[4, 4, 0, 6, 3]
631.000000	-1.500000
#[3, 6, 5, 4, 1]
631.000000	-4.942619
#[4, 7, 7, 4, 3]
631.000000	-7.771429
#[0, 6, 5, 6, 3]
631.000000	-4.513333
#[1, 3, 5, 4, 3]
631.000000	-6.832222
#[6, 6, 6, 4, 3]
631.000000	-5.426250
#[4, 6, 7, 5, 3]
631.000000	-5.998889
#[1, 6, 7, 4, 3]
631.000000	-5.467917
#[5, 6, 3, 4, 3]
631.000000	-6.941935
#[1, 6, 5, 4, 1]
641.000000	-4.889048
#[4, 6, 5, 7, 1]
641.000000	-2.351905
#[0, 6, 1, 4, 3]
641.000000	-5.020000
#[1, 6, 0, 4, 3]
641.000000	-5.228333
#[4, 7, 5, 4, 4]
641.000000	-5.615238
#[2, 6, 7, 4, 3]
641.000000	-7.200000
#[4, 6, 1, 4, 1]
641.000000	-2.610833
#[4, 3, 3, 4, 3]
641.000000	-7.771429
#[4, 5, 5, 4, 0]
641.000000	-3.006667
#[4, 6, 6, 4, 0]
641.000000	-1.500000
#[2, 6, 6, 4, 3]
651.000000	-5.070000
#[1, 2, 0, 4, 3]
651.000000	-4.513333
#[4, 6, 6, 4, 4]
651.000000	-3.006667
#[1, 6, 0, 4, 4]
651.000000	-3.006667
#[4, 6, 5, 1, 2]
651.000000	-1.500000
#[4, 3, 5, 4, 0]
651.000000	-4.291111
#[2, 6, 5, 4, 2]
651.000000	-3.721667
#[7, 6, 5, 2, 3]
651.000000	-6.776667
#[0, 6, 3, 4, 2]
651.000000	-1.500000
#[5, 6, 5, 4, 0]
651.000000	-4.436667
#[4, 0, 5, 1, 3]
661.000000	-3.006667
#[1, 6, 5, 6, 3]
661.000000	-4.513333
#[0, 6, 5, 2, 3]
661.000000	-4.513333
#[4, 6, 5, 0, 1]
661.000000	-1.236111
#[6, 6, 1, 4, 3]
661.000000	-5.426250
#[4, 1, 3, 4, 3]
661.000000	-4.555000
#[4, 3, 2, 4, 3]
661.000000	-4.572857
#[3, 6, 5, 5, 3]
661.000000	-6.776667
#[7, 6, 1, 4, 3]
661.000000	-5.493958
#[3, 6, 1, 4, 3]
661.000000	-5.493958
#[1, 6, 5, 4, 4]
671.000000	-4.662857
#[4, 5, 5, 2, 0]
671.000000	-5.228333
#[1, 4, 0, 4, 3]
671.000000	-4.513333
#[3, 2, 5, 4, 3]
671.000000	-6.284242
#[7, 6, 5, 6, 3]
671.000000	-4.555000
#[4, 6, 7, 3, 3]
671.000000	-7.533333
#[5, 6, 5, 6, 3]
671.000000	-4.513333
#[2, 5, 5, 4, 3]
671.000000	-3.006667
#[7, 6, 5, 1, 3]
671.000000	-4.582778
#[4, 6, 2, 2, 3]
671.000000	-7.533333
#[4, 6, 0, 0, 3]
681.000000	-4.662857
#[4, 7, 3, 4, 4]
681.000000	-6.103333
#[4, 0, 1, 4, 3]
681.000000	-4.513333
#[4, 3, 4, 4, 3]
681.000000	-4.572857
#[4, 6, 5, 2, 0]
681.000000	-4.436667
#[4, 6, 3, 5, 3]
681.000000	-5.998889
#[0, 6, 5, 4, 0]
681.000000	-3.457778
#[2, 6, 5, 1, 3]
681.000000	-4.513333
#[1, 7, 5, 4, 3]
681.000000	-6.832222
#[4, 6, 5, 6, 2]
681.000000	-3.721667
#[7, 6, 5, 0, 3]
691.000000	-4.575833
#[5, 6, 5, 4, 4]
691.000000	0.006667
#[4, 6, 2, 6, 3]
691.000000	-5.341429
#[4, 7, 5, 3, 3]
691.000000	-6.951270
#[3, 6, 2, 4, 3]
691.000000	-6.908333
#[0, 6, 6, 4, 3]
691.000000	-5.193913
#[6, 2, 0, 4, 3]
691.000000	-1.500000
#[4, 6, 1, 0, 3]
691.000000	-4.662857
#[6, 3, 5, 5, 3]
691.000000	-6.776667
#[4, 1, 5, 4, 4]
691.000000	-5.567619
#[4, 6, 3, 0, 3]
701.000000	-5.170794
#[4, 6, 5, 3, 4]
701.000000	-6.819048
#[5, 6, 1, 3, 3]
701.000000	-4.572857
#[4, 6, 4, 5, 3]
701.000000	0.006667
#[4, 0, 5, 4, 2]
701.000000	-4.513333
#[3, 6, 5, 3, 3]
701.000000	-6.832222
#[6, 6, 7, 4, 3]
701.000000	-5.467917
#[4, 6, 6, 4, 1]
701.000000	-2.610833
#[2, 6, 5, 4, 0]
701.000000	-2.215000
#[0, 3, 5, 4, 2]
701.000000	-3.006667
#[7, 6, 4, 5, 3]
711.000000	-5.860000
#[4, 6, 2, 5, 3]
711.000000	-5.943333
#[0, 6, 4, 5, 3]
711.000000	-3.395686
#[4, 3, 4, 5, 3]
711.000000	-3.062222
#[2, 6, 4, 5, 3]
711.000000	-5.223636
#[4, 6, 4, 5, 2]
711.000000	-3.721667
#[4, 6, 4, 0, 3]
711.000000	-1.500000
#[4, 6, 1, 5, 3]
711.000000	-3.382381
#[3, 6, 4, 4, 3]
711.000000	-6.908333
#[5, 6, 4, 5, 3]
711.000000	-5.530290
#[4, 6, 2, 1, 3]
721.000000	-4.662857
#[4, 5, 4, 5, 3]
721.000000	-3.006667
#[7, 1, 4, 5, 3]
721.000000	-6.832222
#[4, 6, 4, 5, 0]
721.000000	-3.457778
#[4, 6, 4, 5, 4]
721.000000	-4.662857
#[4, 6, 4, 5, 1]
721.000000	-2.328095
#[6, 6, 4, 5, 2]
721.000000	-1.500000
#[0, 6, 2, 5, 3]
721.000000	-4.513333
#[5, 0, 4, 5, 3]
721.000000	-6.042292
#[4, 6, 4, 6, 3]
721.000000	-4.662857
#[7, 6, 1, 5, 3]
731.000000	-4.582778
#[4, 2, 6, 5, 3]
731.000000	-3.834762
#[4, 0, 4, 5, 3]
731.000000	-3.006667
#[6, 6, 4, 5, 1]
731.000000	-4.889048
#[4, 5, 4, 2, 3]
731.000000	-3.006667
#[1, 0, 4, 5, 3]
731.000000	-3.006667
#[4, 4, 4, 5, 1]
731.000000	-5.341429
#[4, 6, 0, 3, 3]
731.000000	-5.170794
#[0, 3, 4, 5, 3]
731.000000	-6.477647
#[4, 0, 1, 5, 3]
731.000000	-3.006667
#[1, 2, 4, 5, 3]
741.000000	-3.006667
#[2, 6, 4, 5, 1]
741.000000	-3.325833
#[4, 3, 4, 0, 3]
741.000000	-4.584762
#[4, 3, 3, 5, 3]
741.000000	-6.951270
#[4, 7, 7, 5, 3]
741.000000	-6.951270
#[7, 6, 6, 5, 3]
741.000000	-4.555000
#[7, 6, 4, 2, 3]
741.000000	-6.908333
#[4, 3, 4, 5, 4]
741.000000	-5.615238
#[4, 0, 4, 3, 3]
741.000000	-4.574737
#[3, 6, 4, 1, 3]
741.000000	-5.493958
#[4, 3, 4, 5, 0]
751.000000	-4.291111
#[4, 5, 4, 7, 3]
751.000000	-3.062222
#[4, 3, 4, 3, 3]
751.000000	-7.771429
#[2, 6, 4, 2, 3]
751.000000	-1.500000
#[4, 5, 4, 3, 3]
751.000000	-3.062222
#[4, 6, 4, 7, 4]
751.000000	-5.270000
#[4, 6, 4, 2, 2]
751.000000	-5.228333
#[3, 6, 0, 5, 3]
751.000000	-4.575833
#[7, 6, 4, 5, 4]
751.000000	-6.819048
#[4, 3, 4, 2, 3]
751.000000	-4.572857
#[7, 6, 4, 1, 3]
761.000000	-5.493958
#[4, 6, 0, 5, 1]
761.000000	-1.236111
#[4, 6, 4, 2, 1]
761.000000	-1.500000
#[4, 3, 1, 5, 3]
761.000000	-6.475079
#[4, 3, 4, 5, 1]
761.000000	-5.395000
#[4, 6, 4, 4, 1]
761.000000	-4.634583
#[4, 6, 2, 5, 1]
761.000000	-1.183333
#[4, 6, 4, 7, 1]
761.000000	-4.655417
#[2, 6, 4, 5, 2]
761.000000	-3.721667
#[4, 7, 2, 5, 3]
761.000000	-6.895714
#[4, 3, 4, 1, 3]
771.000000	-4.590714
#[4, 1, 4, 5, 4]
771.000000	-5.567619
#[4, 7, 4, 2, 3]
771.000000	-4.572857
#[4, 3, 4, 5, 2]
771.000000	-3.006667
#[4, 7, 4, 5, 0]
771.000000	-4.291111
#[3, 6, 4, 5, 4]
771.000000	-6.819048
#[4, 5, 4, 4, 3]
771.000000	-3.006667
#[4, 6, 6, 0, 3]
771.000000	-5.115238
#[0, 6, 4, 0, 3]
771.000000	-4.753333
#[7, 6, 7, 5, 3]
771.000000	-6.832222
#[4, 2, 4, 5, 2]
781.000000	-4.513333
#[4, 6, 6, 5, 4]
781.000000	-4.662857
#[4, 6, 6, 3, 3]
781.000000	-5.383095
#[4, 0, 4, 5, 4]
781.000000	-5.386667
#[7, 6, 4, 4, 3]
781.000000	-6.908333
#[4, 5, 4, 5, 4]
781.000000	-3.006667
#[6, 6, 4, 6, 3]
781.000000	-5.426250
#[4, 0, 7, 5, 3]
781.000000	-6.654444
#[6, 6, 0, 5, 3]
781.000000	-4.513333
#[3, 6, 4, 5, 1]
781.000000	-4.942619
#[6, 6, 7, 5, 3]
791.000000	-4.568889
#[4, 6, 4, 2, 0]
791.000000	-3.721667
#[0, 2, 4, 5, 3]
791.000000	-3.006667
#[1, 6, 4, 5, 4]
791.000000	-4.662857
#[4, 6, 1, 0, 1]
791.000000	-2.554286
#[4, 6, 1, 5, 4]
791.000000	-2.554286
#[4, 2, 1, 5, 3]
791.000000	-3.006667
#[4, 6, 7, 7, 3]
791.000000	-7.533333
#[5, 6, 6, 5, 3]
791.000000	-4.513333
#[0, 6, 7, 5, 3]
791.000000	-4.587407
#[5, 6, 0, 5, 3]
801.000000	-4.513333
#[4, 6, 2, 0, 3]
801.000000	-4.662857
#[4, 6, 1, 5, 1]
801.000000	-2.328095
#[2, 6, 4, 6, 1]
801.000000	-3.834762
#[7, 6, 4, 6, 3]
801.000000	-5.473125
#[0, 6, 6, 6, 3]
801.000000	-6.020000
#[4, 1, 4, 5, 0]
801.000000	-4.249444
#[4, 6, 3, 7, 3]
801.000000	-7.533333
#[0, 6, 1, 1, 3]
801.000000	-6.020000
#[4, 6, 4, 2, 4]
801.000000	-5.228333
#[4, 2, 4, 5, 1]
811.000000	-4.117500
#[6, 6, 4, 1, 3]
811.000000	-5.426250
#[4, 6, 4, 3, 4]
811.000000	-5.270000
#[4, 6, 4, 0, 1]
811.000000	-2.554286
#[4, 6, 6, 1, 3]
811.000000	-5.002143
#[2, 6, 2, 5, 3]
811.000000	-6.735000
#[4, 6, 3, 5, 2]
811.000000	0.006667
#[1, 6, 4, 5, 2]
811.000000	-1.500000
#[5, 6, 2, 5, 3]
811.000000	-6.735000
#[4, 7, 4, 1, 3]
811.000000	-4.590714
#[2, 6, 4, 3, 3]
821.000000	-7.200000
#[4, 1, 7, 5, 3]
821.000000	-3.062222
#[4, 6, 6, 5, 2]
821.000000	-3.721667
#[2, 6, 4, 4, 2]
821.000000	-5.228333
#[4, 0, 4, 5, 1]
821.000000	-4.180000
#[4, 6, 3, 3, 3]
821.000000	-7.533333
#[4, 5, 4, 5, 2]
821.000000	-4.513333
#[4, 5, 0, 5, 3]
821.000000	-6.339167
#[6, 6, 2, 5, 3]
821.000000	-4.513333
#[4, 6, 2, 3, 3]
821.000000	-7.533333
#[4, 6, 4, 1, 1]
831.000000	-2.610833
#[4, 6, 4, 3, 2]
831.000000	-4.634583
#[1, 6, 4, 7, 3]
831.000000	-5.467917
#[4, 6, 3, 5, 4]
831.000000	-6.819048
#[4, 5, 4, 6, 3]
831.000000	0.006667
#[4, 6, 4, 6, 0]
831.000000	-1.500000
#[2, 6, 4, 5, 0]
831.000000	-2.215000
#[6, 6, 3, 5, 3]
831.000000	-4.568889
#[4, 6, 7, 6, 3]
831.000000	-5.383095
#[1, 6, 4, 6, 3]
831.000000	-5.426250
#[4, 5, 4, 6, 0]
841.000000	-3.523750
#[7, 5, 4, 0, 3]
841.000000	-6.467143
#[4, 5, 2, 6, 3]
841.000000	-4.889048
#[4, 5, 4, 6, 4]
841.000000	-4.662857
#[4, 4, 4, 6, 3]
841.000000	-3.721667
#[4, 5, 4, 6, 2]
841.000000	-4.634583
#[6, 5, 4, 6, 3]
841.000000	-4.794194
#[4, 0, 4, 6, 3]
841.000000	-1.500000
#[4, 5, 1, 6, 3]
841.000000	-3.325833
#[4, 7, 4, 6, 1]
841.000000	-5.280417
#[7, 5, 4, 6, 1]
851.000000	-5.020000
#[4, 5, 4, 6, 1]
851.000000	-2.478889
#[0, 5, 4, 6, 3]
851.000000	-3.433788
#[4, 5, 6, 6, 3]
851.000000	-4.889048
#[1, 5, 4, 6, 3]
851.000000	-3.563333
#[4, 5, 4, 2, 0]
851.000000	-4.117500
#[4, 5, 0, 6, 3]
851.000000	-3.513333
#[4, 2, 4, 6, 3]
851.000000	-1.500000
#[2, 5, 4, 6, 3]
851.000000	-4.382069
#[7, 5, 4, 1, 3]
851.000000	-6.727284
#[4, 7, 4, 6, 3]
861.000000	-6.938095
#[5, 5, 4, 6, 3]
861.000000	-3.563333
#[4, 5, 7, 6, 3]
861.000000	-4.942619
#[4, 5, 5, 6, 3]
861.000000	-3.834762
#[4, 5, 4, 0, 3]
861.000000	-3.006667
#[4, 1, 4, 6, 3]
861.000000	-3.721667
#[4, 5, 4, 1, 3]
861.000000	-3.006667
#[4, 3, 4, 6, 3]
861.000000	-6.938095
#[4, 5, 2, 2, 3]
861.000000	-8.009524
#[4, 5, 3, 6, 3]
861.000000	-4.942619
#[7, 5, 4, 6, 3]
871.000000	-4.842581
#[4, 5, 1, 3, 3]
871.000000	-6.401667
#[4, 3, 7, 3, 3]
871.000000	-8.485714
#[0, 5, 0, 6, 3]
871.000000	-4.513333
#[4, 5, 2, 4, 3]
871.000000	-3.006667
#[2, 5, 4, 7, 3]
871.000000	-7.475862
#[4, 0, 4, 2, 3]
871.000000	-4.513333
#[0, 7, 6, 6, 3]
871.000000	-6.075556
#[4, 5, 4, 4, 0]
871.000000	-4.117500
#[1, 5, 7, 6, 3]
871.000000	-4.575833
#[4, 5, 3, 7, 3]
881.000000	-8.009524
#[4, 6, 4, 6, 2]
881.000000	-3.006667
#[4, 6, 1, 6, 3]
881.000000	-5.002143
#[5, 5, 6, 6, 3]
881.000000	-4.513333
#[4, 5, 6, 7, 3]
881.000000	-4.942619
#[2, 5, 4, 6, 0]
881.000000	-5.151667
#[2, 3, 4, 6, 3]
881.000000	-5.120000
#[4, 5, 2, 0, 3]
881.000000	-3.006667
#[4, 1, 4, 6, 0]
881.000000	-4.117500
#[1, 5, 2, 6, 3]
881.000000	-4.513333
#[0, 5, 1, 6, 3]
891.000000	-4.513333
#[0, 5, 4, 6, 4]
891.000000	-2.373333
#[4, 0, 4, 4, 3]
891.000000	-4.513333
#[3, 5, 4, 1, 3]
891.000000	-6.727284
#[4, 0, 6, 6, 3]
891.000000	-5.070000
#[0, 5, 7, 6, 3]
891.000000	-4.582778
#[4, 4, 4, 6, 4]
891.000000	-5.228333
#[5, 5, 4, 6, 1]
891.000000	-4.662857
#[4, 7, 4, 6, 2]
891.000000	-5.270000
#[4, 5, 3, 6, 4]
891.000000	-6.819048
#[4, 2, 4, 6, 2]
901.000000	-3.006667
#[1, 1, 4, 6, 3]
901.000000	-7.741667
#[1, 5, 4, 3, 3]
901.000000	-6.643333
#[4, 5, 3, 5, 3]
901.000000	-6.919524
#[3, 5, 1, 6, 3]
901.000000	-4.584762
#[3, 5, 4, 6, 4]
901.000000	-6.819048
#[7, 5, 4, 6, 2]
901.000000	-6.700000
#[4, 5, 4, 2, 4]
901.000000	-5.567619
#[2, 5, 0, 6, 3]
901.000000	-4.513333
#[4, 4, 4, 6, 0]
901.000000	-4.117500
#[4, 4, 7, 6, 3]
911.000000	-3.763333
#[4, 5, 1, 4, 3]
911.000000	-3.006667
#[4, 5, 2, 6, 1]
911.000000	-2.286970
#[2, 5, 2, 6, 3]
911.000000	-5.624167
#[4, 1, 4, 6, 4]
911.000000	-5.228333
#[6, 5, 4, 0, 0]
911.000000	-5.334359
#[2, 4, 4, 6, 3]
911.000000	-1.500000
#[4, 7, 4, 6, 4]
911.000000	-5.270000
#[1, 5, 4, 6, 2]
911.000000	-1.500000
#[4, 5, 7, 6, 1]
911.000000	-2.506667
#[4, 2, 4, 6, 1]
921.000000	-3.834762
#[3, 7, 4, 6, 3]
921.000000	-7.741667
#[4, 2, 4, 6, 4]
921.000000	-3.006667
#[6, 5, 4, 6, 2]
921.000000	-4.634583
#[4, 5, 4, 3, 2]
921.000000	-3.006667
#[4, 5, 0, 6, 0]
921.000000	-5.334359
#[1, 5, 1, 6, 3]
921.000000	-4.513333
#[4, 7, 4, 6, 0]
921.000000	-4.159167
#[4, 5, 0, 6, 4]
921.000000	-2.373333
#[4, 5, 4, 7, 4]
921.000000	-5.615238
#[4, 5, 7, 6, 2]
931.000000	-6.908333
#[5, 5, 5, 6, 3]
931.000000	-4.513333
#[1, 5, 4, 6, 1]
931.000000	-4.662857
#[4, 5, 4, 7, 0]
931.000000	-4.148750
#[4, 5, 7, 4, 3]
931.000000	-3.062222
#[6, 5, 4, 6, 1]
931.000000	-2.478889
#[5, 6, 4, 6, 4]
931.000000	-4.662857
#[0, 5, 4, 7, 3]
931.000000	-6.522879
#[4, 0, 4, 6, 1]
931.000000	-3.937576
#[4, 1, 4, 6, 1]
931.000000	-5.228333
#[2, 5, 4, 0, 3]
941.000000	-3.006667
#[3, 5, 2, 6, 3]
941.000000	-5.665833
#[4, 5, 4, 3, 4]
941.000000	-5.615238
#[4, 5, 6, 6, 2]
941.000000	-4.832500
#[5, 5, 4, 7, 3]
941.000000	-6.643333
#[4, 5, 5, 6, 2]
941.000000	-3.721667
#[4, 7, 5, 2, 3]
941.000000	-6.895714
#[4, 6, 3, 6, 3]
941.000000	-5.383095
#[4, 5, 7, 2, 3]
941.000000	-8.009524
#[7, 5, 4, 4, 1]
941.000000	-3.062222
#[1, 5, 4, 1, 3]
951.000000	-6.231212
#[0, 5, 2, 6, 3]
951.000000	-4.513333
#[4, 5, 6, 6, 1]
951.000000	0.006667
#[2, 5, 4, 2, 3]
951.000000	-3.006667
#[5, 1, 4, 6, 3]
951.000000	-3.563333
#[6, 5, 4, 6, 4]
951.000000	-4.662857
#[4, 5, 1, 2, 3]
951.000000	-3.006667
#[5, 5, 4, 4, 3]
951.000000	-3.006667
#[5, 5, 4, 6, 0]
951.000000	-4.436667
#[1, 3, 4, 6, 3]
951.000000	-7.741667
#[6, 5, 1, 6, 3]
961.000000	-4.513333
#[3, 0, 4, 6, 3]
961.000000	-5.259130
#[0, 5, 4, 6, 2]
961.000000	-1.500000
#[2, 5, 4, 1, 3]
961.000000	-3.006667
#[4, 7, 2, 6, 4]
961.000000	-5.270000
#[5, 5, 4, 2, 3]
961.000000	-3.006667
#[3, 5, 4, 4, 3]
961.000000	-3.062222
#[0, 5, 4, 4, 3]
961.000000	-3.006667
#[4, 5, 3, 6, 1]
961.000000	-2.506667
#[4, 1, 4, 3, 3]
961.000000	-4.555000
#[1, 5, 4, 6, 4]
971.000000	0.006667
#[4, 7, 4, 0, 3]
971.000000	-4.584762
#[4, 4, 3, 6, 3]
971.000000	-3.763333
#[4, 5, 6, 6, 4]
971.000000	-4.662857
#[6, 7, 4, 6, 3]
971.000000	-5.473125
#[4, 6, 0, 6, 3]
971.000000	-5.115238
#[4, 5, 3, 2, 1]
971.000000	-3.044545
#[4, 1, 7, 6, 3]
971.000000	-3.763333
#[4, 5, 2, 5, 3]
971.000000	-6.848095
#[4, 5, 0, 6, 1]
971.000000	-2.373333
#[4, 3, 4, 6, 0]
981.000000	-4.159167
#[6, 5, 0, 6, 3]
981.000000	-4.513333
#[4, 3, 6, 6, 3]
981.000000	-5.389048
#[4, 6, 4, 6, 4]
981.000000	-3.006667
#[2, 0, 6, 6, 0]
981.000000	-4.513333
#[1, 0, 4, 6, 3]
981.000000	-4.662857
#[4, 5, 6, 2, 3]
981.000000	-4.889048
#[4, 0, 4, 6, 2]
981.000000	-3.006667
#[4, 5, 2, 3, 3]
981.000000	-8.009524
#[4, 5, 1, 3, 0]
981.000000	-3.042381
#[3, 5, 5, 6, 3]
991.000000	-4.555000
#[7, 5, 3, 6, 3]
991.000000	-7.741667
#[1, 5, 4, 0, 3]
991.000000	-3.006667
#[7, 5, 4, 2, 3]
991.000000	-3.062222
#[7, 2, 4, 6, 3]
991.000000	-5.120000
#[5, 5, 1, 6, 3]
991.000000	-4.513333
#[4, 5, 4, 0, 2]
991.000000	-4.513333
#[4, 5, 0, 2, 3]
991.000000	-3.006667
#[4, 7, 3, 6, 3]
991.000000	-7.652381
#[4, 5, 3, 6, 2]
991.000000	0.006667
#[4, 5, 4, 7, 1]
1001.000000	-3.034444
#[4, 2, 7, 6, 3]
1001.000000	-5.406905
#[0, 7, 4, 6, 3]
1001.000000	-5.259130
#[2, 7, 4, 6, 3]
1001.000000	-5.120000
#[4, 5, 4, 4, 1]
1001.000000	-3.006667
#[5, 7, 4, 6, 3]
1001.000000	-4.842581
#[2, 5, 7, 6, 3]
1001.000000	-5.697083
#[3, 5, 7, 6, 3]
1001.000000	-7.741667
#[4, 1, 5, 6, 3]
1001.000000	0.006667
#[4, 5, 1, 1, 3]
1001.000000	-3.006667
#[4, 0, 3, 6, 3]
1011.000000	-5.128333
#[7, 5, 6, 6, 1]
1011.000000	-3.062222
#[0, 5, 4, 2, 3]
1011.000000	-3.006667
#[4, 3, 7, 6, 3]
1011.000000	-7.652381
#[4, 5, 6, 6, 0]
1011.000000	-3.325833
#[4, 3, 4, 6, 4]
1011.000000	-5.270000
#[0, 5, 4, 0, 3]
1011.000000	-3.006667
#[0, 5, 6, 6, 3]
1011.000000	-4.513333
#[7, 5, 4, 7, 3]
1011.000000	-7.909677
#[4, 7, 7, 7, 3]
1011.000000	-8.485714
#[4, 5, 7, 6, 4]
1021.000000	-6.819048
#[4, 5, 4, 4, 4]
1021.000000	-5.567619
#[2, 5, 4, 6, 1]
1021.000000	-4.314872
#[4, 1, 4, 6, 2]
1021.000000	-5.228333
#[4, 1, 2, 6, 3]
1021.000000	-1.500000
#[4, 4, 6, 6, 3]
1021.000000	-1.500000
#[0, 5, 5, 6, 3]
1021.000000	-4.513333
#[6, 6, 2, 6, 3]
1021.000000	-6.020000
#[4, 5, 0, 0, 3]
1021.000000	-3.006667
#[0, 2, 4, 6, 3]
1021.000000	-4.662857
#[7, 0, 4, 6, 3]
1031.000000	-5.259130
#[1, 2, 4, 6, 3]
1031.000000	-4.662857
#[4, 2, 4, 3, 3]
1031.000000	-4.583846
#[7, 1, 4, 6, 3]
1031.000000	-7.741667
#[4, 3, 2, 0, 3]
1031.000000	-7.771429
#[4, 2, 2, 6, 3]
1031.000000	-5.341429
#[4, 4, 4, 3, 3]
1031.000000	-4.555000
#[7, 5, 4, 6, 4]
1031.000000	-6.819048
#[2, 5, 0, 0, 3]
1031.000000	-7.526667
#[4, 5, 3, 0, 3]
1031.000000	-6.605614
#[5, 5, 4, 3, 3]
1041.000000	-6.643333
#[3, 5, 4, 6, 1]
1041.000000	-5.020000
#[4, 5, 3, 3, 3]
1041.000000	-8.009524
#[0, 5, 4, 4, 4]
1041.000000	-5.386667
#[4, 5, 0, 6, 2]
1041.000000	-1.500000
#[6, 5, 4, 7, 3]
1041.000000	-6.941935
#[6, 5, 4, 6, 0]
1041.000000	-3.523750
#[4, 5, 4, 2, 2]
1041.000000	-5.624167
#[4, 5, 7, 6, 0]
1041.000000	-5.776667
#[2, 5, 4, 6, 4]
1041.000000	-2.554286
#[4, 5, 1, 6, 1]
1051.000000	-2.441190
#[4, 1, 4, 7, 3]
1051.000000	-4.555000
#[0, 5, 4, 6, 1]
1051.000000	-4.436667
#[6, 3, 4, 6, 3]
1051.000000	-5.473125
#[4, 5, 2, 6, 2]
1051.000000	-4.832500
#[7, 7, 4, 6, 3]
1051.000000	-7.741667
#[4, 1, 4, 1, 3]
1051.000000	-4.513333
#[4, 4, 5, 1, 3]
1051.000000	-3.006667
#[4, 5, 4, 3, 1]
1051.000000	-3.034444
#[4, 5, 5, 6, 0]
1051.000000	-4.436667
#[4, 3, 2, 6, 3]
1061.000000	-5.389048
#[4, 0, 1, 6, 3]
1061.000000	-1.500000
#[1, 3, 4, 6, 4]
1061.000000	-7.533333
#[4, 7, 4, 3, 3]
1061.000000	-7.771429
#[4, 4, 4, 6, 2]
1061.000000	-5.228333
#[1, 7, 4, 6, 3]
1061.000000	-7.741667
#[4, 5, 5, 6, 4]
1061.000000	0.006667
#[4, 5, 1, 0, 3]
1061.000000	-3.006667
#[0, 0, 4, 6, 3]
1061.000000	-4.662857
#[3, 5, 0, 6, 3]
1061.000000	-4.573939
#[4, 5, 4, 1, 4]
1071.000000	-5.289231
#[3, 2, 4, 6, 1]
1071.000000	-6.229048
#[5, 5, 3, 6, 3]
1071.000000	-4.575833
#[1, 5, 3, 6, 3]
1071.000000	-4.575833
#[4, 2, 4, 6, 0]
1071.000000	-3.721667
#[4, 3, 3, 6, 3]
1071.000000	-7.652381
#[3, 5, 3, 6, 3]
1071.000000	-7.741667
#[1, 5, 4, 6, 0]
1071.000000	-4.436667
#[4, 0, 4, 6, 0]
1071.000000	-3.985556
#[0, 5, 4, 3, 3]
1071.000000	-6.522879
#[4, 5, 4, 1, 1]
1081.000000	-3.006667
#[4, 5, 3, 1, 3]
1081.000000	-6.401667
#[2, 2, 4, 6, 3]
1081.000000	-4.662857
#[4, 5, 4, 7, 2]
1081.000000	-5.676250
#[7, 5, 4, 4, 3]
1081.000000	-3.062222
#[4, 5, 5, 3, 3]
1081.000000	-6.919524
#[4, 5, 0, 0, 4]
1081.000000	-3.006667
#[4, 7, 5, 6, 3]
1081.000000	-3.882381
#[4, 5, 1, 6, 4]
1081.000000	-4.314872
#[4, 2, 4, 1, 3]
1081.000000	-4.513333
#[4, 5, 4, 0, 1]
1091.000000	-3.006667
#[5, 5, 0, 6, 3]
1091.000000	-4.513333
#[4, 1, 4, 4, 3]
1091.000000	-4.513333
#[4, 1, 0, 6, 3]
1091.000000	-1.500000
#[4, 7, 2, 6, 3]
1091.000000	-5.389048
#[3, 1, 6, 6, 3]
1091.000000	-6.103333
#[4, 6, 4, 6, 1]
1091.000000	-2.610833
#[4, 5, 5, 1, 3]
1091.000000	-6.129608
#[4, 5, 5, 7, 3]
1091.000000	-6.919524
#[4, 2, 1, 6, 3]
1091.000000	-4.595000
#[1, 3, 4, 6, 2]
1101.000000	-5.943333
#[4, 5, 5, 6, 1]
1101.000000	-2.397692
#[4, 1, 1, 6, 3]
1101.000000	-3.721667
#[4, 5, 7, 7, 3]
1101.000000	-8.009524
#[5, 0, 4, 6, 3]
1101.000000	-3.433788
#[4, 5, 4, 5, 1]
1101.000000	-3.006667
#[3, 0, 7, 6, 3]
1101.000000	-6.131111
#[4, 0, 2, 6, 4]
1101.000000	-3.006667
#[4, 5, 1, 6, 2]
1101.000000	-1.500000
#[4, 4, 2, 6, 3]
1101.000000	-1.500000
#[2, 0, 4, 6, 3]
1111.000000	-4.662857
#[3, 7, 2, 6, 3]
1111.000000	-6.103333
#[5, 5, 4, 0, 3]
1111.000000	-3.006667
#[3, 1, 4, 6, 3]
1111.000000	-7.741667
#[3, 5, 4, 6, 0]
1111.000000	-5.985000
#[4, 5, 4, 4, 2]
1111.000000	-5.624167
#[4, 5, 4, 1, 0]
1111.000000	-3.006667
#[4, 5, 7, 3, 3]
1111.000000	-8.009524
#[4, 5, 7, 5, 3]
1111.000000	-6.919524
#[3, 5, 4, 7, 3]
1111.000000	-7.909677
#[4, 5, 0, 7, 3]
1121.000000	-6.605614
#[4, 5, 0, 1, 3]
1121.000000	-3.006667
#[5, 5, 4, 6, 2]
1121.000000	-1.500000
#[5, 5, 2, 6, 1]
1121.000000	-5.070000
#[4, 3, 3, 0, 3]
1121.000000	-8.247619
#[2, 5, 1, 6, 3]
1121.000000	-4.513333
#[4, 3, 0, 6, 3]
1121.000000	-5.178730
#[4, 5, 4, 0, 0]
1121.000000	-4.026154
#[4, 5, 6, 4, 3]
1121.000000	0.006667
#[4, 2, 4, 7, 3]
1121.000000	-4.583846
#[4, 2, 6, 4, 3]
1131.000000	-1.500000
#[4, 5, 6, 1, 3]
1131.000000	-3.325833
#[7, 5, 6, 4, 3]
1131.000000	-4.842581
#[4, 5, 3, 4, 3]
1131.000000	-3.062222
#[1, 5, 6, 4, 3]
1131.000000	-3.563333
#[4, 5, 6, 4, 4]
1131.000000	-4.662857
#[4, 5, 6, 4, 0]
1131.000000	-3.523750
#[4, 5, 6, 7, 3]
1131.000000	-4.942619
#[4, 5, 6, 0, 3]
1131.000000	-3.513333
#[4, 5, 6, 5, 3]
1131.000000	-3.834762
#[4, 4, 6, 4, 3]
1141.000000	-3.721667
#[4, 5, 6, 0, 1]
1141.000000	-2.373333
#[4, 7, 6, 4, 3]
1141.000000	-6.938095
#[5, 5, 6, 4, 3]
1141.000000	-3.563333
#[4, 5, 6, 4, 2]
1141.000000	-4.634583
#[4, 6, 6, 4, 3]
1141.000000	-4.662857
#[4, 5, 7, 4, 3]
1141.000000	-3.062222
#[0, 5, 6, 4, 3]
1141.000000	-3.433788
#[4, 5, 5, 4, 3]
1141.000000	-3.006667
#[4, 5, 6, 6, 2]
1141.000000	-4.832500
#[4, 5, 6, 4, 1]
1151.000000	-2.478889
#[4, 5, 4, 4, 3]
1151.000000	-3.006667
#[4, 5, 2, 4, 3]
1151.000000	-3.006667
#[6, 5, 6, 4, 3]
1151.000000	-4.794194
#[4, 5, 1, 4, 3]
1151.000000	-3.006667
#[4, 0, 6, 4, 3]
1151.000000	-1.500000
#[4, 5, 5, 1, 3]
1151.000000	-6.129608
#[5, 5, 6, 4, 4]
1151.000000	0.006667
#[4, 5, 6, 6, 3]
1151.000000	-4.889048
#[4, 1, 6, 4, 1]
1151.000000	-5.228333
#[4, 5, 6, 2, 3]
1161.000000	-4.889048
#[0, 4, 6, 4, 3]
1161.000000	-1.500000
#[4, 1, 6, 4, 3]
1161.000000	-3.721667
#[2, 5, 6, 4, 1]
1161.000000	-4.314872
#[0, 5, 1, 4, 3]
1161.000000	-3.006667
#[4, 5, 7, 3, 3]
1161.000000	-8.009524
#[4, 1, 6, 7, 3]
1161.000000	-3.763333
#[1, 5, 6, 4, 0]
1161.000000	-4.436667
#[4, 3, 6, 4, 3]
1161.000000	-6.938095
#[3, 5, 6, 4, 3]
1161.000000	-4.842581
#[3, 5, 3, 4, 3]
1171.000000	-7.909677
#[4, 5, 0, 4, 3]
1171.000000	-3.006667
#[2, 5, 6, 4, 3]
1171.000000	-4.382069
#[0, 5, 3, 4, 3]
1171.000000	-6.522879
#[1, 5, 6, 5, 3]
1171.000000	-4.513333
#[4, 5, 6, 3, 3]
1171.000000	-4.942619
#[4, 5, 7, 4, 0]
1171.000000	-4.148750
#[4, 5, 0, 4, 2]
1171.000000	-4.513333
#[0, 5, 6, 0, 3]
1171.000000	-4.513333
#[4, 7, 6, 4, 4]
1171.000000	-5.270000
#[4, 5, 1, 7, 3]
1181.000000	-6.401667
#[4, 5, 0, 4, 0]
1181.000000	-4.026154
#[3, 3, 6, 4, 3]
1181.000000	-7.741667
#[7, 5, 3, 4, 3]
1181.000000	-7.909677
#[4, 3, 5, 4, 3]
1181.000000	-3.062222
#[5, 5, 3, 4, 3]
1181.000000	-6.643333
#[4, 5, 0, 5, 3]
1181.000000	-6.339167
#[4, 3, 6, 4, 1]
1181.000000	-5.280417
#[4, 6, 6, 3, 3]
1181.000000	-5.383095
#[4, 1, 0, 4, 3]
1181.000000	-4.513333
#[4, 5, 7, 4, 1]
1191.000000	-3.034444
#[4, 5, 6, 1, 1]
1191.000000	-2.441190
#[4, 5, 6, 2, 2]
1191.000000	-4.832500
#[7, 2, 6, 4, 3]
1191.000000	-5.120000
#[0, 1, 6, 4, 3]
1191.000000	-4.662857
#[4, 5, 6, 6, 4]
1191.000000	-4.662857
#[2, 6, 6, 4, 3]
1191.000000	-5.070000
#[4, 5, 4, 5, 3]
1191.000000	-3.006667
#[4, 7, 6, 4, 0]
1191.000000	-4.159167
#[4, 5, 3, 5, 3]
1191.000000	-6.919524
#[4, 5, 4, 4, 2]
1201.000000	-5.624167
#[3, 5, 6, 6, 3]
1201.000000	-5.665833
#[6, 3, 6, 4, 3]
1201.000000	-5.473125
#[7, 5, 6, 3, 3]
1201.000000	-7.741667
#[4, 3, 6, 5, 3]
1201.000000	-3.882381
#[4, 5, 2, 4, 1]
1201.000000	-3.006667
#[4, 5, 3, 4, 1]
1201.000000	-3.034444
#[4, 6, 6, 2, 3]
1201.000000	-5.341429
#[4, 7, 6, 4, 1]
1201.000000	-5.280417
#[4, 5, 1, 5, 3]
1201.000000	-6.129608
#[4, 5, 6, 3, 0]
1211.000000	-5.776667
#[4, 5, 5, 4, 1]
1211.000000	-3.006667
#[0, 5, 6, 4, 0]
1211.000000	-4.436667
#[1, 7, 6, 0, 3]
1211.000000	-6.131111
#[5, 5, 2, 4, 3]
1211.000000	-3.006667
#[2, 1, 6, 4, 0]
1211.000000	-1.500000
#[4, 0, 0, 4, 3]
1211.000000	-4.513333
#[4, 5, 2, 4, 0]
1211.000000	-4.117500
#[2, 5, 6, 4, 0]
1211.000000	-5.151667
#[4, 4, 5, 4, 2]
1211.000000	-4.513333
#[4, 2, 6, 1, 3]
1221.000000	-4.595000
#[4, 5, 1, 4, 2]
1221.000000	-4.513333
#[4, 0, 5, 4, 3]
1221.000000	-3.006667
#[6, 5, 6, 4, 2]
1221.000000	-4.634583
#[4, 2, 7, 4, 3]
1221.000000	-4.583846
#[1, 5, 6, 4, 4]
1221.000000	0.006667
#[7, 5, 6, 6, 3]
1221.000000	-5.665833
#[4, 0, 6, 3, 3]
1221.000000	-5.128333
#[1, 2, 6, 4, 3]
1221.000000	-4.662857
#[4, 5, 5, 6, 3]
1221.000000	-3.834762
#[0, 5, 6, 4, 2]
1231.000000	-1.500000
#[4, 1, 6, 4, 0]
1231.000000	-4.117500
#[1, 5, 6, 4, 1]
1231.000000	-4.662857
#[6, 5, 6, 3, 3]
1231.000000	-5.676250
#[4, 4, 6, 4, 0]
1231.000000	-4.117500
#[4, 0, 6, 4, 4]
1231.000000	-3.006667
#[4, 0, 4, 4, 3]
1231.000000	-4.513333
#[7, 5, 6, 1, 3]
1231.000000	-4.584762
#[4, 5, 1, 1, 3]
1231.000000	-3.006667
#[7, 7, 6, 6, 3]
1231.000000	-6.103333
#[4, 5, 6, 1, 4]
1241.000000	-4.314872
#[0, 6, 6, 4, 3]
1241.000000	-5.193913
#[5, 5, 7, 4, 3]
1241.000000	-6.643333
#[4, 5, 7, 2, 3]
1241.000000	-8.009524
#[4, 6, 7, 4, 3]
1241.000000	-4.704524
#[4, 5, 0, 4, 1]
1241.000000	-3.006667
#[5, 5, 5, 4, 3]
1241.000000	-6.231212
#[5, 5, 6, 7, 3]
1241.000000	-4.575833
#[4, 5, 6, 7, 2]
1241.000000	-6.908333
#[4, 5, 0, 4, 4]
1241.000000	-5.386667
#[4, 5, 4, 6, 3]
1251.000000	0.006667
#[4, 5, 6, 7, 0]
1251.000000	-5.776667
#[3, 5, 6, 4, 4]
1251.000000	-6.819048
#[4, 5, 2, 1, 3]
1251.000000	-3.006667
#[4, 5, 2, 3, 3]
1251.000000	-8.009524
#[2, 5, 6, 6, 3]
1251.000000	-5.624167
#[4, 5, 6, 3, 1]
1251.000000	-2.506667
#[4, 7, 6, 3, 3]
1251.000000	-7.652381
#[4, 3, 1, 4, 3]
1251.000000	-4.590714
#[4, 1, 3, 4, 3]
1251.000000	-4.555000
#[4, 2, 4, 6, 3]
1261.000000	-1.500000
#[4, 5, 3, 6, 3]
1261.000000	-4.942619
#[3, 5, 4, 6, 3]
1261.000000	-4.842581
#[4, 5, 4, 2, 3]
1261.000000	-3.006667
#[1, 5, 4, 6, 3]
1261.000000	-3.563333
#[4, 7, 4, 6, 3]
1261.000000	-6.938095
#[5, 5, 4, 6, 3]
1261.000000	-3.563333
#[6, 5, 4, 6, 3]
1261.000000	-4.794194
#[4, 5, 4, 0, 3]
1261.000000	-3.006667
#[1, 5, 4, 6, 2]
1261.000000	-1.500000
#[4, 5, 4, 6, 4]
1271.000000	-4.662857
#[6, 5, 7, 6, 3]
1271.000000	-5.676250
#[4, 5, 4, 7, 3]
1271.000000	-3.062222
#[0, 5, 4, 6, 3]
1271.000000	-3.433788
#[4, 5, 4, 6, 2]
1271.000000	-4.634583
#[4, 5, 7, 6, 3]
1271.000000	-4.942619
#[7, 5, 4, 6, 4]
1271.000000	-6.819048
#[7, 5, 4, 6, 3]
1271.000000	-4.842581
#[4, 5, 2, 6, 3]
1271.000000	-4.889048
#[4, 0, 4, 6, 3]
1271.000000	-1.500000
#[4, 3, 4, 6, 3]
1281.000000	-6.938095
#[4, 5, 4, 6, 1]
1281.000000	-2.478889
#[4, 5, 4, 6, 0]
1281.000000	-3.523750
#[4, 4, 4, 6, 3]
1281.000000	-3.721667
#[2, 5, 4, 6, 3]
1281.000000	-4.382069
#[4, 5, 0, 6, 3]
1281.000000	-3.513333
#[6, 5, 1, 6, 3]
1281.000000	-4.513333
#[4, 0, 5, 6, 3]
1281.000000	-3.563333
#[4, 6, 4, 6, 3]
1281.000000	-4.662857
#[4, 5, 1, 6, 3]
1281.000000	-3.325833
#[4, 5, 4, 7, 2]
1291.000000	-5.676250
#[4, 5, 4, 3, 3]
1291.000000	-3.062222
#[4, 7, 5, 6, 3]
1291.000000	-3.882381
#[4, 6, 4, 6, 4]
1291.000000	-3.006667
#[4, 5, 4, 1, 3]
1291.000000	-3.006667
#[6, 5, 0, 6, 3]
1291.000000	-4.513333
#[4, 1, 4, 6, 3]
1291.000000	-3.721667
#[4, 2, 5, 6, 3]
1291.000000	-3.834762
#[0, 5, 4, 5, 3]
1291.000000	-6.042292
#[1, 2, 4, 6, 3]
1291.000000	-4.662857
#[4, 7, 4, 6, 0]
1301.000000	-4.159167
#[4, 5, 4, 4, 1]
1301.000000	-3.006667
#[2, 5, 4, 6, 2]
1301.000000	-2.610833
#[4, 2, 4, 2, 3]
1301.000000	-4.513333
#[6, 2, 4, 6, 3]
1301.000000	-5.070000
#[4, 3, 4, 6, 4]
1301.000000	-5.270000
#[4, 5, 1, 6, 2]
1301.000000	-1.500000
#[4, 2, 6, 6, 3]
1301.000000	-5.341429
#[4, 5, 4, 2, 2]
1301.000000	-5.624167
#[1, 5, 0, 6, 3]
1301.000000	-4.513333
#[5, 5, 4, 6, 2]
1311.000000	-1.500000
#[7, 5, 4, 5, 3]
1311.000000	-6.544783
#[4, 5, 4, 7, 4]
1311.000000	-5.615238
#[5, 5, 0, 6, 3]
1311.000000	-4.513333
#[4, 5, 5, 3, 3]
1311.000000	-6.919524
#[1, 6, 4, 6, 3]
1311.000000	-5.426250
#[0, 5, 4, 6, 2]
1311.000000	-1.500000
#[6, 0, 4, 6, 3]
1311.000000	-5.193913
#[4, 5, 3, 6, 4]
1311.000000	-6.819048
#[0, 6, 4, 6, 3]
1311.000000	-5.193913
#[4, 1, 4, 1, 2]
1321.000000	-6.020000
#[4, 5, 5, 6, 4]
1321.000000	0.006667
#[4, 2, 4, 5, 3]
1321.000000	-3.006667
#[2, 0, 4, 6, 3]
1321.000000	-4.662857
#[4, 1, 4, 6, 4]
1321.000000	-5.228333
#[1, 5, 4, 6, 0]
1321.000000	-4.436667
#[5, 5, 4, 7, 3]
1321.000000	-6.643333
#[4, 0, 4, 6, 4]
1321.000000	-3.006667
#[3, 5, 4, 6, 1]
1321.000000	-5.020000
#[5, 5, 7, 6, 3]
1321.000000	-4.575833
#[5, 5, 4, 6, 1]
1331.000000	-4.662857
#[6, 7, 4, 6, 3]
1331.000000	-5.473125
#[4, 5, 0, 7, 3]
1331.000000	-6.605614
#[4, 5, 0, 2, 3]
1331.000000	-3.006667
#[4, 5, 4, 7, 0]
1331.000000	-4.148750
#[6, 6, 4, 6, 3]
1331.000000	-5.426250
#[4, 1, 1, 6, 3]
1331.000000	-3.721667
#[7, 4, 4, 6, 3]
1331.000000	-6.938095
#[4, 1, 4, 6, 2]
1331.000000	-5.228333
#[4, 2, 0, 6, 3]
1331.000000	-4.902353
#[3, 5, 3, 6, 3]
1341.000000	-7.741667
#[3, 5, 4, 6, 2]
1341.000000	0.006667
#[4, 1, 7, 6, 3]
1341.000000	-3.763333
#[4, 4, 6, 6, 3]
1341.000000	-1.500000
#[2, 5, 5, 6, 3]
1341.000000	-4.513333
#[2, 3, 4, 6, 3]
1341.000000	-5.120000
#[4, 0, 5, 6, 2]
1341.000000	-1.500000
#[7, 5, 4, 6, 0]
1341.000000	-5.985000
#[5, 5, 4, 0, 3]
1341.000000	-3.006667
#[0, 5, 4, 6, 1]
1341.000000	-4.436667
#[4, 5, 1, 3, 3]
1351.000000	-6.401667
#[4, 5, 2, 6, 4]
1351.000000	-4.662857
#[4, 5, 4, 2, 1]
1351.000000	-3.006667
#[4, 3, 3, 6, 3]
1351.000000	-7.652381
#[2, 5, 4, 0, 0]
1351.000000	-3.006667
#[5, 5, 5, 6, 3]
1351.000000	-4.513333
#[4, 3, 4, 3, 3]
1351.000000	-7.771429
#[4, 7, 4, 6, 1]
1351.000000	-5.280417
#[4, 5, 5, 5, 3]
1351.000000	-6.848095
#[6, 5, 2, 6, 3]
1351.000000	-5.624167
#[5, 3, 4, 6, 3]
1361.000000	-4.842581
#[4, 4, 1, 6, 3]
1361.000000	-3.721667
#[1, 5, 6, 6, 3]
1361.000000	-4.513333
#[4, 6, 4, 6, 1]
1361.000000	-2.610833
#[4, 5, 5, 7, 3]
1361.000000	-6.919524
#[6, 5, 4, 4, 3]
1361.000000	0.006667
#[7, 4, 4, 6, 2]
1361.000000	-5.270000
#[4, 5, 4, 3, 0]
1361.000000	-4.148750
#[6, 5, 4, 6, 1]
1361.000000	-2.478889
#[5, 5, 4, 6, 4]
1361.000000	0.006667
#[4, 2, 4, 6, 0]
1371.000000	-3.721667
#[2, 4, 4, 6, 3]
1371.000000	-1.500000
#[3, 5, 4, 7, 3]
1371.000000	-7.909677
#[6, 5, 4, 3, 3]
1371.000000	-6.941935
#[4, 4, 4, 7, 3]
1371.000000	-4.555000
#[4, 5, 4, 3, 2]
1371.000000	-3.006667
#[4, 5, 6, 6, 0]
1371.000000	-3.325833
#[1, 5, 6, 6, 0]
1371.000000	-3.006667
#[1, 0, 4, 6, 3]
1371.000000	-4.662857
#[4, 3, 4, 6, 1]
1371.000000	-5.280417
#[4, 3, 4, 0, 3]
1381.000000	-4.584762
#[4, 5, 4, 1, 2]
1381.000000	-4.513333
#[6, 5, 4, 6, 0]
1381.000000	-3.523750
#[4, 1, 0, 6, 3]
1381.000000	-1.500000
#[4, 1, 4, 7, 3]
1381.000000	-4.555000
#[4, 5, 7, 1, 3]
1381.000000	-6.401667
#[4, 3, 7, 6, 3]
1381.000000	-7.652381
#[1, 4, 4, 6, 3]
1381.000000	-3.721667
#[2, 5, 0, 7, 3]
1381.000000	-7.656296
#[4, 2, 4, 6, 4]
1381.000000	-3.006667
#[4, 5, 4, 2, 4]
1391.000000	-5.567619
#[4, 7, 4, 6, 2]
1391.000000	-5.270000
#[4, 4, 2, 6, 3]
1391.000000	-1.500000
#[1, 5, 4, 7, 3]
1391.000000	-6.643333
#[4, 5, 0, 6, 0]
1391.000000	-5.334359
#[4, 6, 6, 6, 3]
1391.000000	-5.341429
#[4, 6, 4, 7, 3]
1391.000000	-4.704524
#[0, 2, 4, 6, 3]
1391.000000	-4.662857
#[0, 4, 4, 7, 3]
1391.000000	-4.574737
#[4, 5, 2, 6, 1]
1391.000000	-2.286970
#[4, 5, 6, 6, 1]
1401.000000	0.006667
#[0, 3, 4, 6, 3]
1401.000000	-5.259130
#[4, 2, 2, 6, 3]
1401.000000	-5.341429
#[4, 4, 4, 6, 1]
1401.000000	-5.228333
#[5, 5, 4, 6, 0]
1401.000000	-4.436667
#[7, 5, 4, 4, 3]
1401.000000	-3.062222
#[3, 5, 4, 6, 4]
1401.000000	-6.819048
#[2, 5, 4, 3, 3]
1401.000000	-7.475862
#[1, 5, 4, 0, 4]
1401.000000	-3.006667
#[7, 5, 4, 0, 3]
1401.000000	-6.467143
#[4, 2, 4, 7, 3]
1411.000000	-4.583846
#[4, 4, 0, 6, 3]
1411.000000	-1.500000
#[5, 5, 4, 1, 3]
1411.000000	-6.231212
#[7, 3, 4, 6, 3]
1411.000000	-7.741667
#[4, 5, 3, 6, 1]
1411.000000	-2.506667
#[7, 3, 4, 1, 3]
1411.000000	-8.575000
#[1, 5, 4, 6, 1]
1411.000000	-4.662857
#[4, 5, 4, 3, 1]
1411.000000	-3.034444
#[4, 5, 6, 5, 1]
1411.000000	-2.397692
#[7, 5, 4, 1, 3]
1411.000000	-6.727284
#[4, 3, 4, 2, 3]
1421.000000	-4.572857
#[4, 5, 2, 6, 0]
1421.000000	-3.325833
#[4, 5, 2, 5, 3]
1421.000000	-6.848095
#[1, 3, 4, 5, 3]
1421.000000	-6.832222
#[4, 6, 3, 6, 3]
1421.000000	-5.383095
#[4, 5, 0, 1, 3]
1421.000000	-3.006667
#[6, 5, 4, 6, 2]
1421.000000	-4.634583
#[4, 7, 4, 1, 3]
1421.000000	-4.590714
#[4, 5, 4, 0, 2]
1421.000000	-4.513333
#[4, 1, 2, 6, 3]
1421.000000	-1.500000
#[2, 5, 4, 6, 1]
1431.000000	-4.314872
#[6, 1, 7, 2, 3]
1431.000000	-6.103333
#[4, 6, 4, 1, 3]
1431.000000	-1.500000
#[4, 5, 1, 6, 0]
1431.000000	-2.328095
#[4, 7, 4, 2, 3]
1431.000000	-4.572857
#[7, 7, 4, 6, 3]
1431.000000	-7.741667
#[4, 0, 4, 3, 3]
1431.000000	-4.574737
#[5, 5, 2, 6, 3]
1431.000000	-4.513333
#[4, 2, 4, 6, 2]
1431.000000	-3.006667
#[4, 5, 3, 3, 3]
1431.000000	-8.009524
#[1, 5, 4, 5, 3]
1441.000000	-6.231212
#[4, 5, 0, 6, 2]
1441.000000	-1.500000
#[4, 5, 5, 0, 3]
1441.000000	-6.339167
#[4, 5, 5, 6, 0]
1441.000000	-4.436667
#[3, 5, 1, 6, 3]
1441.000000	-4.584762
#[1, 5, 4, 6, 4]
1441.000000	0.006667
#[4, 5, 4, 1, 1]
1441.000000	-3.006667
#[1, 7, 4, 6, 3]
1441.000000	-7.741667
#[4, 5, 4, 4, 4]
1441.000000	-5.567619
#[4, 2, 7, 6, 3]
1441.000000	-5.406905
#[4, 1, 4, 5, 3]
1451.000000	-3.006667
#[4, 0, 4, 7, 3]
1451.000000	-4.574737
#[3, 5, 4, 3, 3]
1451.000000	-7.909677
#[4, 5, 2, 7, 3]
1451.000000	-8.009524
#[7, 5, 4, 3, 3]
1451.000000	-7.909677
#[4, 4, 4, 1, 3]
1451.000000	-4.513333
#[4, 7, 4, 3, 3]
1451.000000	-7.771429
#[4, 0, 4, 6, 0]
1451.000000	-3.985556
#[4, 4, 4, 6, 2]
1451.000000	-5.228333
#[4, 6, 4, 2, 1]
1451.000000	-1.500000
#[4, 0, 4, 0, 3]
1461.000000	-4.513333
#[1, 5, 7, 6, 3]
1461.000000	-4.575833
#[2, 5, 1, 6, 3]
1461.000000	-4.513333
#[4, 2, 4, 4, 3]
1461.000000	-4.513333
#[0, 5, 5, 6, 3]
1461.000000	-4.513333
#[3, 6, 4, 6, 3]
1461.000000	-5.473125
#[4, 0, 1, 6, 3]
1461.000000	-1.500000
#[0, 5, 4, 2, 3]
1461.000000	-3.006667
#[4, 5, 4, 2, 0]
1461.000000	-4.117500
#[4, 3, 4, 5, 3]
1461.000000	-3.062222
#[0, 5, 3, 6, 3]
1471.000000	-4.582778
#[4, 2, 4, 6, 1]
1471.000000	-3.834762
#[5, 5, 3, 6, 3]
1471.000000	-4.575833
#[4, 5, 0, 6, 4]
1471.000000	-2.373333
#[5, 5, 1, 6, 3]
1471.000000	-4.513333
#[4, 5, 4, 5, 4]
1471.000000	-3.006667
#[6, 4, 4, 6, 3]
1471.000000	-4.662857
#[4, 5, 4, 0, 0]
1471.000000	-4.026154
#[4, 5, 4, 0, 1]
1471.000000	-3.006667
#[4, 5, 7, 6, 4]
1471.000000	-6.819048
#[4, 0, 4, 5, 3]
1481.000000	-3.006667
#[4, 5, 7, 7, 3]
1481.000000	-8.009524
#[4, 5, 4, 1, 0]
1481.000000	-3.006667
#[1, 5, 5, 6, 3]
1481.000000	-4.513333
#[2, 5, 4, 6, 0]
1481.000000	-5.151667
#[3, 0, 4, 6, 3]
1481.000000	-5.259130
#[6, 1, 4, 6, 4]
1481.000000	-5.228333
#[4, 5, 2, 2, 3]
1481.000000	-8.009524
#[7, 6, 4, 6, 3]
1481.000000	-5.473125
#[1, 5, 4, 4, 3]
1481.000000	-3.006667
#[7, 5, 4, 3, 4]
1491.000000	-7.771429
#[4, 5, 4, 5, 1]
1491.000000	-3.006667
#[4, 0, 4, 1, 3]
1491.000000	-4.513333
#[4, 0, 2, 6, 3]
1491.000000	-5.070000
#[0, 5, 4, 3, 3]
1491.000000	-6.522879
#[7, 5, 7, 6, 3]
1491.000000	-7.741667
#[4, 2, 4, 0, 3]
1491.000000	-4.513333
#[4, 3, 5, 6, 3]
1491.000000	-3.882381
#[6, 5, 4, 7, 3]
1491.000000	-6.941935
#[4, 5, 0, 0, 3]
1491.000000	-3.006667
#[0, 1, 4, 6, 3]
1501.000000	-4.662857
#[1, 3, 4, 6, 3]
1501.000000	-7.741667
#[4, 3, 4, 1, 3]
1501.000000	-4.590714
#[5, 4, 4, 6, 3]
1501.000000	0.006667
#[4, 0, 0, 6, 3]
1501.000000	-4.558462
#[4, 1, 4, 6, 0]
1501.000000	-4.117500
#[7, 5, 2, 6, 3]
1501.000000	-5.665833
#[3, 7, 4, 6, 3]
1501.000000	-7.741667
#[2, 5, 2, 6, 3]
1501.000000	-5.624167
#[3, 5, 4, 0, 3]
1501.000000	-6.467143
#[4, 1, 4, 0, 3]
1511.000000	-4.513333
#[2, 1, 4, 6, 3]
1511.000000	-4.662857
#[6, 5, 4, 5, 3]
1511.000000	-5.530290
#[4, 1, 4, 2, 3]
1511.000000	-4.513333
#[4, 0, 7, 6, 3]
1511.000000	-5.128333
#[4, 6, 5, 6, 3]
1511.000000	-3.834762
#[1, 5, 3, 6, 3]
1511.000000	-4.575833
#[4, 4, 7, 6, 3]
1511.000000	-3.763333
#[3, 4, 4, 6, 3]
1511.000000	-6.938095
#[3, 5, 2, 6, 3]
1511.000000	-5.665833
#[4, 5, 0, 3, 3]
1521.000000	-6.605614
#[4, 5, 7, 6, 0]
1521.000000	-5.776667
#[2, 2, 4, 6, 3]
1521.000000	-4.662857
#[4, 0, 3, 6, 3]
1521.000000	-5.128333
#[6, 5, 4, 1, 3]
1521.000000	-3.633704
#[4, 0, 6, 6, 3]
1521.000000	-5.070000
#[4, 3, 4, 6, 0]
1521.000000	-4.159167
#[4, 5, 5, 2, 3]
1521.000000	-6.848095
#[4, 6, 4, 6, 2]
1521.000000	-3.006667
#[2, 5, 4, 7, 3]
1521.000000	-7.475862
#[4, 3, 0, 6, 3]
1531.000000	-5.178730
#[5, 2, 4, 6, 3]
1531.000000	-4.382069
#[7, 5, 3, 6, 3]
1531.000000	-7.741667
#[6, 5, 4, 2, 3]
1531.000000	0.006667
#[4, 6, 1, 6, 3]
1531.000000	-5.002143
#[4, 5, 7, 6, 1]
1531.000000	-2.506667
#[2, 5, 4, 4, 3]
1531.000000	-3.006667
#[4, 5, 1, 6, 4]
1531.000000	-4.314872
#[5, 5, 6, 6, 3]
1531.000000	-4.513333
#[3, 4, 4, 7, 3]
1531.000000	-7.771429
#[7, 5, 4, 6, 1]
1541.000000	-5.020000
#[0, 5, 4, 6, 4]
1541.000000	-2.373333
#[0, 5, 4, 4, 3]
1541.000000	-3.006667
#[4, 6, 0, 6, 3]
1541.000000	-5.115238
#[4, 5, 4, 5, 0]
1541.000000	-3.006667
#[7, 1, 4, 6, 3]
1541.000000	-7.741667
#[4, 4, 7, 6, 0]
1541.000000	-4.138333
#[4, 5, 3, 6, 2]
1541.000000	0.006667
#[7, 5, 4, 7, 3]
1541.000000	-7.909677
#[3, 5, 5, 6, 3]
1541.000000	-4.555000
#[4, 0, 4, 6, 1]
1551.000000	-3.937576
#[4, 0, 4, 6, 2]
1551.000000	-3.006667
#[0, 5, 4, 6, 0]
1551.000000	-4.436667
#[4, 5, 2, 6, 2]
1551.000000	-4.832500
#[4, 5, 7, 0, 3]
1551.000000	-6.605614
#[4, 7, 3, 6, 3]
1551.000000	-7.652381
#[4, 5, 5, 6, 1]
1551.000000	-2.397692
#[4, 4, 4, 4, 3]
1551.000000	-4.513333
#[4, 5, 1, 0, 3]
1551.000000	-3.006667
#[0, 5, 1, 6, 3]
1551.000000	-4.513333
#[1, 1, 3, 6, 3]
1561.000000	-8.366667
#[4, 5, 3, 7, 3]
1561.000000	-8.009524
#[2, 7, 4, 6, 3]
1561.000000	-5.120000
#[4, 3, 1, 6, 3]
1561.000000	-7.295238
#[2, 5, 4, 2, 3]
1561.000000	-3.006667
#[5, 3, 2, 6, 3]
1561.000000	-5.665833
#[4, 6, 4, 2, 3]
1561.000000	-1.500000
#[4, 5, 4, 0, 4]
1561.000000	-5.386667
#[2, 5, 4, 6, 4]
1561.000000	-2.554286
#[4, 7, 4, 6, 4]
1561.000000	-5.270000
#[4, 7, 7, 6, 3]
1571.000000	-7.652381
#[4, 1, 4, 7, 0]
1571.000000	-4.534167
#[6, 5, 5, 6, 3]
1571.000000	-4.513333
#[1, 5, 1, 6, 3]
1571.000000	-4.513333
#[4, 6, 4, 0, 3]
1571.000000	-1.500000
#[4, 3, 4, 6, 2]
1571.000000	-3.721667
#[3, 4, 6, 6, 3]
1571.000000	-5.389048
#[2, 5, 7, 6, 3]
1571.000000	-5.697083
#[3, 3, 4, 6, 3]
1571.000000	-7.741667
#[4, 7, 4, 5, 3]
1571.000000	-3.062222
#[4, 1, 4, 1, 3]
1581.000000	-4.513333
#[4, 3, 6, 6, 4]
1581.000000	-5.270000
#[0, 5, 4, 7, 3]
1581.000000	-6.522879
#[4, 7, 7, 6, 2]
1581.000000	-7.533333
#[4, 5, 4, 1, 4]
1581.000000	-5.289231
#[4, 7, 1, 6, 4]
1581.000000	-5.290833
#[0, 5, 0, 5, 3]
1581.000000	-7.526667
#[4, 0, 4, 2, 3]
1581.000000	-4.513333
#[0, 5, 4, 1, 3]
1581.000000	-3.006667
#[4, 4, 3, 6, 3]
1581.000000	-3.763333
#[1, 5, 4, 0, 3]
1591.000000	-3.006667
#[4, 5, 4, 7, 1]
1591.000000	-3.034444
#[7, 0, 4, 6, 3]
1591.000000	-5.259130
#[4, 6, 4, 4, 3]
1591.000000	-1.500000
#[2, 6, 4, 6, 3]
1591.000000	-5.070000
#[4, 0, 4, 5, 0]
1591.000000	-4.161481
#[7, 5, 5, 6, 3]
1591.000000	-4.555000
#[4, 5, 4, 5, 2]
1591.000000	-4.513333
#[2, 5, 4, 5, 3]
1591.000000	-3.006667
#[4, 4, 4, 6, 4]
1591.000000	-5.228333
#[4, 5, 4, 3, 4]
1601.000000	-5.615238
#[5, 0, 4, 6, 3]
1601.000000	-3.433788
#[4, 5, 3, 6, 0]
1601.000000	-5.776667
#[3, 2, 4, 6, 3]
1601.000000	-5.120000
#[3, 5, 2, 6, 2]
1601.000000	-3.006667
#[4, 4, 4, 0, 3]
1601.000000	-4.513333
#[4, 3, 6, 6, 3]
1601.000000	-5.389048
#[2, 5, 0, 6, 3]
1601.000000	-4.513333
#[4, 3, 4, 4, 3]
1601.000000	-4.572857
#[4, 6, 3, 6, 4]
1601.000000	-5.270000
#[3, 5, 7, 6, 3]
1611.000000	-7.741667
#[6, 5, 4, 0, 3]
1611.000000	-3.382381
#[6, 2, 4, 1, 3]
1611.000000	-4.724545
#[6, 0, 4, 6, 4]
1611.000000	-3.006667
#[4, 2, 1, 6, 3]
1611.000000	-4.595000
#[6, 1, 4, 6, 3]
1611.000000	-5.426250
#[5, 5, 4, 5, 3]
1611.000000	-6.231212
#[4, 5, 1, 2, 3]
1611.000000	-3.006667
#[4, 7, 5, 7, 1]
1611.000000	-5.418810
#[4, 7, 4, 7, 2]
1611.000000	-6.103333
#[4, 6, 4, 6, 0]
1621.000000	-1.500000
#[4, 3, 1, 2, 3]
1621.000000	-7.771429
#[4, 1, 4, 6, 1]
1621.000000	-5.228333
#[7, 5, 0, 6, 3]
1621.000000	-4.573939
#[5, 5, 4, 2, 3]
1621.000000	-3.006667
#[4, 1, 1, 6, 2]
1621.000000	-5.228333
#[5, 7, 4, 6, 3]
1621.000000	-4.842581
#[4, 7, 4, 0, 3]
1621.000000	-4.584762
#[4, 1, 6, 6, 3]
1621.000000	-1.500000
#[5, 5, 4, 3, 3]
1621.000000	-6.643333
#[4, 1, 4, 4, 3]
1631.000000	-4.513333
#[6, 5, 4, 6, 4]
1631.000000	-4.662857
#[0, 7, 4, 6, 3]
1631.000000	-5.259130
#[4, 5, 0, 6, 1]
1631.000000	-2.373333
#[0, 5, 7, 6, 3]
1631.000000	-4.582778
#[4, 2, 4, 1, 3]
1631.000000	-4.513333
#[4, 5, 2, 0, 3]
1631.000000	-3.006667
#[6, 3, 0, 6, 3]
1631.000000	-6.075556
#[3, 5, 4, 5, 3]
1631.000000	-6.544783
#[4, 5, 3, 2, 3]
1631.000000	-8.009524
#[4, 4, 4, 6, 0]
1641.000000	-4.117500
#[4, 5, 7, 6, 2]
1641.000000	-6.908333
#[4, 7, 6, 6, 3]
1641.000000	-5.389048
#[4, 4, 4, 5, 3]
1641.000000	-3.006667
#[3, 5, 4, 6, 0]
1641.000000	-5.985000
#[5, 5, 4, 4, 3]
1641.000000	-3.006667
#[4, 7, 0, 6, 3]
1641.000000	-5.178730
#[4, 3, 4, 7, 2]
1641.000000	-4.555000
#[4, 4, 4, 3, 3]
1641.000000	-4.555000
#[4, 2, 3, 6, 3]
1641.000000	-5.406905
#[6, 3, 4, 6, 3]
1651.000000	-5.473125
#[1, 5, 4, 1, 3]
1651.000000	-6.231212
#[4, 5, 5, 6, 2]
1651.000000	-3.721667
#[4, 7, 4, 2, 4]
1651.000000	-6.061667
#[7, 3, 3, 6, 3]
1651.000000	-8.366667
#[2, 2, 4, 0, 3]
1651.000000	-4.513333
#[0, 5, 1, 6, 2]
1651.000000	-4.513333
#[4, 3, 4, 7, 3]
1651.000000	-7.771429
#[4, 7, 4, 4, 3]
1651.000000	-4.572857
#[5, 6, 4, 6, 3]
1651.000000	-4.794194
#[0, 5, 4, 0, 3]
1661.000000	-3.006667
#[0, 0, 4, 6, 3]
1661.000000	-4.662857
#[7, 5, 1, 6, 3]
1661.000000	-4.584762
#[1, 5, 4, 2, 3]
1661.000000	-3.006667
#[7, 5, 0, 5, 3]
1661.000000	-7.598095
#[2, 4, 4, 6, 0]
1661.000000	-3.721667
#[0, 5, 2, 6, 3]
1661.000000	-4.513333
#[4, 1, 4, 3, 3]
1661.000000	-4.555000
#[4, 4, 4, 2, 3]
1661.000000	-4.513333
#[4, 0, 5, 6, 0]
1661.000000	-3.457778
#[0, 5, 6, 6, 3]
1671.000000	-4.513333
#[4, 1, 3, 6, 3]
1671.000000	-3.763333
#[4, 5, 2, 5, 0]
1671.000000	-5.228333
#[4, 5, 1, 6, 1]
1671.000000	-2.441190
#[4, 6, 2, 6, 3]
1671.000000	-5.341429
#[4, 4, 5, 4, 3]
1671.000000	-3.006667
#[3, 2, 4, 5, 3]
1671.000000	-6.284242
#[7, 0, 4, 6, 0]
1671.000000	-6.526667
#[2, 5, 4, 5, 0]
1671.000000	-3.006667
#[1, 5, 2, 6, 3]
1671.000000	-4.513333
#[4, 7, 4, 7, 3]
1681.000000	-7.771429
#[0, 0, 4, 1, 3]
1681.000000	-4.513333
#[4, 5, 3, 0, 3]
1681.000000	-6.605614
#[4, 0, 4, 5, 2]
1681.000000	-4.513333
#[2, 0, 4, 6, 1]
1681.000000	-1.500000
#[4, 7, 2, 6, 3]
1681.000000	-5.389048
#[1, 5, 5, 6, 2]
1681.000000	-4.513333
#[5, 1, 4, 6, 3]
1681.000000	-3.563333
#[2, 5, 0, 6, 2]
1681.000000	-4.513333
#[7, 2, 4, 6, 3]
1681.000000	-5.120000
#[4, 2, 4, 3, 3]
1691.000000	-4.583846
#[4, 5, 3, 2, 2]
1691.000000	-3.006667
#[2, 5, 7, 6, 4]
1691.000000	-5.639048
#[4, 1, 5, 6, 3]
1691.000000	0.006667
#[4, 2, 4, 1, 2]
1691.000000	-6.020000
#[2, 5, 3, 6, 3]
1691.000000	-5.697083
#[4, 4, 5, 6, 3]
1691.000000	0.006667
#[4, 6, 3, 1, 3]
1691.000000	-5.043810
#[4, 5, 7, 3, 2]
1691.000000	-3.062222
#[1, 5, 4, 3, 3]
1691.000000	-6.643333
#[6, 0, 2, 6, 3]
1701.000000	-6.020000
#[3, 5, 4, 1, 3]
1701.000000	-6.727284
#[4, 3, 6, 6, 2]
1701.000000	-1.500000
#[7, 5, 4, 2, 3]
1701.000000	-3.062222
#[5, 5, 0, 6, 4]
1701.000000	-3.006667
#[4, 4, 0, 5, 3]
1701.000000	-3.006667
#[3, 0, 4, 4, 3]
1701.000000	-4.589091
#[3, 5, 0, 6, 3]
1701.000000	-4.573939
#[4, 6, 4, 3, 3]
1701.000000	-4.704524
#[4, 3, 2, 6, 3]
1701.000000	-5.389048
#[1, 1, 4, 6, 3]
1711.000000	-7.741667
#[4, 6, 7, 5, 3]
1711.000000	-5.998889
#[7, 5, 4, 6, 2]
1711.000000	-6.700000
#[3, 5, 4, 2, 3]
1711.000000	-3.062222
#[4, 6, 7, 6, 3]
1711.000000	-5.383095
#[6, 5, 3, 6, 3]
1711.000000	-5.676250
#[4, 5, 7, 5, 3]
1711.000000	-6.919524
#[4, 1, 4, 5, 1]
1711.000000	-5.341429
#[4, 1, 0, 0, 3]
1711.000000	-4.513333
#[0, 5, 6, 6, 1]
1711.000000	-3.006667
#[0, 2, 5, 6, 3]
1721.000000	-4.513333
#[4, 4, 1, 3, 3]
1721.000000	-4.555000
#[0, 1, 4, 7, 3]
1721.000000	-7.771429
#[4, 6, 4, 5, 3]
1721.000000	0.006667
#[4, 6, 4, 5, 4]
1721.000000	-4.662857
#[1, 2, 2, 6, 3]
1721.000000	-6.020000
#[1, 5, 4, 3, 4]
1721.000000	-3.062222
#[3, 5, 4, 4, 3]
1721.000000	-3.062222
#[4, 6, 0, 4, 3]
1721.000000	-1.500000
#[4, 5, 1, 4, 0]
1721.000000	-3.006667
#[7, 2, 4, 2, 3]
1731.000000	-4.572857
#[7, 5, 4, 7, 4]
1731.000000	-7.771429
#[4, 2, 7, 6, 0]
1731.000000	-5.985000
#[6, 5, 1, 7, 3]
1731.000000	-4.572857
#[4, 5, 7, 7, 2]
1731.000000	-7.950000
#[4, 5, 4, 4, 0]
1731.000000	-4.117500
#[0, 4, 4, 6, 3]
1731.000000	-1.500000
#[4, 5, 3, 7, 4]
1731.000000	-7.771429
#[0, 6, 4, 6, 2]
1731.000000	-3.006667
#[2, 5, 2, 2, 3]
1731.000000	-8.783333
#[4, 5, 3, 1, 3]
1741.000000	-6.401667
#[4, 0, 3, 3, 3]
1741.000000	-8.200000
#[3, 5, 4, 4, 0]
1741.000000	-4.159167
#[4, 3, 4, 2, 0]
1741.000000	-4.555000
#[4, 0, 3, 6, 0]
1741.000000	-4.013333
#[4, 7, 4, 2, 2]
1741.000000	-6.061667
#[4, 5, 7, 5, 1]
1741.000000	-3.038718
#[4, 5, 0, 7, 0]
1741.000000	-6.103590
#[5, 7, 4, 2, 3]
1741.000000	-3.062222
#[2, 5, 4, 1, 4]
1741.000000	-3.006667
#[2, 0, 3, 6, 3]
1751.000000	-6.103333
#[4, 7, 1, 6, 3]
1751.000000	-7.295238
#[6, 5, 6, 6, 3]
1751.000000	-5.624167
#[2, 5, 5, 6, 1]
1751.000000	-5.012424
#[2, 5, 4, 1, 2]
1751.000000	-4.513333
#[0, 5, 4, 4, 1]
1751.000000	-3.006667
#[4, 5, 1, 4, 4]
1751.000000	-5.289231
#[4, 1, 3, 6, 1]
1751.000000	-5.249167
#[7, 0, 0, 6, 3]
1751.000000	-6.103333
#[0, 7, 4, 2, 3]
1751.000000	-4.589091
#[4, 5, 7, 4, 4]
1761.000000	-5.615238
#[1, 5, 5, 7, 3]
1761.000000	-7.610000
#[5, 1, 4, 4, 3]
1761.000000	-3.006667
#[4, 0, 7, 6, 2]
1761.000000	-3.062222
#[4, 5, 6, 4, 3]
1761.000000	0.006667
#[4, 6, 2, 2, 3]
1761.000000	-7.533333
#[0, 4, 4, 6, 2]
1761.000000	-3.006667
#[3, 1, 4, 6, 3]
1761.000000	-7.741667
#[7, 6, 5, 6, 3]
1761.000000	-4.555000
#[1, 5, 4, 4, 0]
1761.000000	-3.006667
#[6, 5, 2, 4, 3]
1771.000000	0.006667
#[4, 1, 1, 4, 3]
1771.000000	-4.513333
#[4, 0, 6, 0, 3]
1771.000000	-4.558462
#[0, 6, 6, 4, 4]
1771.000000	-3.006667
#[5, 5, 6, 4, 1]
1771.000000	-4.662857
#[6, 2, 2, 4, 3]
1771.000000	-1.500000
#[4, 0, 6, 5, 3]
1771.000000	-3.563333
#[4, 4, 6, 3, 3]
1771.000000	-3.763333
#[3, 3, 6, 3, 3]
1771.000000	-8.366667
#[4, 6, 6, 5, 3]
1771.000000	-3.834762
#[4, 7, 7, 4, 3]
1781.000000	-7.771429
#[4, 5, 6, 3, 4]
1781.000000	-6.819048
#[5, 6, 6, 4, 3]
1781.000000	-4.794194
#[4, 2, 1, 4, 3]
1781.000000	-4.513333
#[7, 4, 6, 4, 3]
1781.000000	-6.938095
#[7, 5, 6, 4, 1]
1781.000000	-5.020000
#[4, 6, 6, 0, 3]
1781.000000	-5.115238
#[4, 5, 6, 5, 4]
1781.000000	0.006667
#[0, 5, 2, 4, 3]
1781.000000	-3.006667
#[4, 3, 6, 4, 2]
1781.000000	-3.721667
#[2, 5, 6, 0, 3]
1791.000000	-4.513333
#[3, 0, 6, 4, 3]
1791.000000	-5.259130
#[4, 5, 6, 7, 4]
1791.000000	-6.819048
#[6, 4, 6, 4, 3]
1791.000000	-4.662857
#[4, 0, 6, 7, 3]
1791.000000	-5.128333
#[1, 3, 6, 4, 3]
1791.000000	-7.741667
#[4, 4, 6, 4, 1]
1791.000000	-5.228333
#[6, 5, 6, 2, 3]
1791.000000	-5.624167
#[4, 6, 3, 4, 3]
1791.000000	-4.704524
#[4, 5, 6, 1, 2]
1791.000000	-1.500000
#[3, 5, 6, 4, 2]
1801.000000	0.006667
#[7, 5, 1, 4, 3]
1801.000000	-6.727284
#[5, 5, 6, 0, 3]
1801.000000	-4.513333
#[4, 5, 1, 4, 1]
1801.000000	-3.006667
#[4, 2, 6, 4, 0]
1801.000000	-3.721667
#[2, 4, 6, 4, 3]
1801.000000	-1.500000
#[5, 5, 6, 2, 3]
1801.000000	-4.513333
#[4, 6, 5, 0, 3]
1801.000000	-3.495476
#[5, 5, 6, 3, 3]
1801.000000	-4.575833
#[3, 7, 6, 4, 3]
1801.000000	-7.741667
#[4, 5, 6, 0, 2]
1811.000000	-1.500000
#[1, 5, 5, 4, 3]
1811.000000	-6.231212
#[3, 5, 7, 4, 3]
1811.000000	-7.909677
#[6, 6, 6, 4, 3]
1811.000000	-5.426250
#[4, 6, 2, 4, 3]
1811.000000	-1.500000
#[4, 1, 6, 3, 3]
1811.000000	-3.763333
#[7, 4, 0, 4, 3]
1811.000000	-4.584762
#[4, 7, 6, 2, 3]
1811.000000	-5.389048
#[1, 5, 6, 3, 3]
1811.000000	-4.575833
#[4, 3, 6, 7, 3]
1811.000000	-7.652381
#[5, 5, 6, 1, 3]
1821.000000	-4.513333
#[4, 0, 6, 1, 3]
1821.000000	-1.500000
#[4, 5, 3, 0, 2]
1821.000000	-3.006667
#[2, 7, 6, 4, 3]
1821.000000	-5.120000
#[3, 4, 6, 4, 3]
1821.000000	-6.938095
#[1, 5, 6, 2, 3]
1821.000000	-4.513333
#[6, 5, 6, 4, 4]
1821.000000	-4.662857
#[0, 5, 7, 4, 3]
1821.000000	-6.522879
#[2, 5, 5, 4, 3]
1821.000000	-3.006667
#[4, 3, 6, 2, 3]
1821.000000	-5.389048
#[7, 0, 6, 4, 3]
1831.000000	-5.259130
#[4, 2, 6, 7, 3]
1831.000000	-5.406905
#[1, 5, 2, 4, 3]
1831.000000	-3.006667
#[0, 2, 0, 4, 3]
1831.000000	-4.513333
#[1, 5, 6, 0, 3]
1831.000000	-4.513333
#[6, 2, 6, 4, 3]
1831.000000	-5.070000
#[2, 5, 7, 4, 3]
1831.000000	-7.475862
#[4, 6, 6, 4, 4]
1831.000000	-3.006667
#[4, 4, 3, 4, 3]
1831.000000	-4.555000
#[3, 5, 6, 0, 3]
1831.000000	-4.573939
#[7, 5, 6, 5, 3]
1841.000000	-4.555000
#[3, 5, 6, 5, 3]
1841.000000	-4.555000
#[7, 5, 5, 4, 0]
1841.000000	-5.270000
#[4, 0, 6, 4, 1]
1841.000000	-3.937576
#[4, 5, 6, 5, 2]
1841.000000	-3.721667
#[4, 2, 5, 4, 3]
1841.000000	-3.006667
#[4, 0, 6, 4, 2]
1841.000000	-3.006667
#[7, 5, 6, 2, 3]
1841.000000	-5.665833
#[4, 6, 6, 4, 0]
1841.000000	-1.500000
#[0, 5, 6, 4, 4]
1841.000000	-2.373333
#[6, 5, 5, 4, 3]
1851.000000	-5.530290
#[4, 7, 6, 4, 2]
1851.000000	-5.270000
#[5, 5, 0, 4, 3]
1851.000000	-3.006667
#[7, 5, 6, 4, 4]
1851.000000	-6.819048
#[4, 0, 1, 4, 3]
1851.000000	-4.513333
#[3, 2, 6, 4, 3]
1851.000000	-5.120000
#[6, 7, 6, 4, 3]
1851.000000	-5.473125
#[1, 5, 6, 1, 4]
1851.000000	-3.006667
#[4, 5, 5, 4, 0]
1851.000000	-3.006667
#[4, 4, 6, 2, 3]
1851.000000	-1.500000
#[0, 5, 6, 1, 3]
1861.000000	-4.513333
#[2, 5, 6, 4, 2]
1861.000000	-2.610833
#[4, 1, 6, 1, 0]
1861.000000	-4.117500
#[7, 5, 5, 4, 3]
1861.000000	-6.544783
#[4, 4, 6, 7, 3]
1861.000000	-3.763333
#[7, 5, 7, 4, 3]
1861.000000	-7.909677
#[4, 6, 6, 1, 2]
1861.000000	-3.006667
#[4, 3, 6, 4, 4]
1861.000000	-5.270000
#[4, 5, 6, 2, 0]
1861.000000	-3.325833
#[0, 0, 6, 4, 3]
1861.000000	-4.662857
#[4, 6, 6, 1, 3]
1871.000000	-5.002143
#[3, 5, 0, 4, 3]
1871.000000	-6.467143
#[3, 5, 1, 4, 3]
1871.000000	-6.727284
#[4, 4, 6, 1, 3]
1871.000000	-3.721667
#[5, 2, 6, 4, 3]
1871.000000	-4.382069
#[5, 3, 6, 5, 3]
1871.000000	-4.555000
#[6, 5, 7, 4, 3]
1871.000000	-6.941935
#[2, 5, 1, 4, 3]
1871.000000	-3.006667
#[4, 5, 6, 7, 1]
1871.000000	-2.506667
#[4, 5, 6, 0, 4]
1871.000000	-2.373333
