#[7, 0, 6, 6, 3]
1.000000	-6.075556
#[7, 0, 6, 6, 4]
11.000000	-6.075556
#[7, 0, 6, 6, 0]
11.000000	-4.568889
#[7, 0, 3, 6, 3]
11.000000	-6.131111
#[7, 3, 6, 5, 3]
11.000000	-4.596667
#[7, 0, 6, 6, 2]
11.000000	-6.075556
#[7, 3, 6, 6, 3]
11.000000	-6.103333
#[5, 0, 6, 6, 3]
11.000000	-4.513333
#[7, 0, 6, 5, 3]
11.000000	-4.568889
#[7, 0, 5, 6, 3]
11.000000	-4.568889
#[7, 0, 6, 0, 3]
11.000000	-6.103333
#[5, 0, 6, 7, 3]
21.000000	-4.582778
#[5, 0, 6, 3, 3]
21.000000	-4.582778
#[5, 0, 6, 6, 1]
21.000000	-3.006667
#[5, 0, 6, 6, 2]
21.000000	-4.513333
#[5, 0, 4, 6, 3]
21.000000	-3.433788
#[5, 0, 6, 1, 3]
21.000000	-4.513333
#[5, 0, 6, 0, 3]
21.000000	-4.513333
#[5, 0, 1, 6, 3]
21.000000	-4.513333
#[5, 1, 6, 6, 3]
21.000000	-4.513333
#[5, 0, 6, 6, 4]
21.000000	-5.386667
#[5, 0, 6, 0, 1]
31.000000	-3.006667
#[5, 0, 1, 6, 1]
31.000000	-5.030417
#[7, 0, 6, 6, 1]
31.000000	-4.589091
#[5, 6, 6, 6, 1]
31.000000	-3.006667
#[5, 0, 4, 6, 1]
31.000000	-4.436667
#[5, 1, 6, 6, 1]
31.000000	-3.006667
#[5, 0, 5, 6, 1]
31.000000	-5.088627
#[1, 0, 6, 6, 1]
31.000000	-4.513333
#[5, 0, 3, 4, 1]
31.000000	-5.270000
#[5, 0, 7, 6, 1]
31.000000	-5.270000
#[5, 6, 6, 6, 0]
41.000000	-4.117500
#[5, 4, 6, 6, 1]
41.000000	0.006667
#[5, 6, 2, 6, 1]
41.000000	-3.006667
#[0, 6, 6, 6, 1]
41.000000	-4.513333
#[1, 6, 6, 6, 1]
41.000000	-5.624167
#[2, 6, 6, 6, 4]
41.000000	-6.020000
#[5, 6, 6, 6, 2]
41.000000	-5.624167
#[6, 6, 6, 2, 1]
41.000000	-4.513333
#[5, 6, 6, 4, 1]
41.000000	-2.478889
#[5, 6, 3, 6, 1]
41.000000	-3.034444
#[5, 2, 6, 6, 1]
51.000000	-3.006667
#[5, 4, 5, 6, 1]
51.000000	-2.397692
#[5, 4, 0, 6, 1]
51.000000	-2.373333
#[5, 4, 6, 6, 0]
51.000000	-3.325833
#[5, 4, 6, 4, 1]
51.000000	-2.478889
#[0, 4, 6, 6, 1]
51.000000	-1.500000
#[5, 7, 6, 6, 1]
51.000000	-3.062222
#[5, 4, 6, 1, 1]
51.000000	-2.441190
#[7, 4, 6, 6, 1]
51.000000	-6.908333
#[2, 4, 6, 6, 1]
51.000000	-1.500000
#[5, 4, 3, 6, 1]
61.000000	-2.506667
#[5, 4, 6, 3, 1]
61.000000	-2.506667
#[5, 4, 6, 6, 2]
61.000000	-4.832500
#[7, 4, 6, 1, 1]
61.000000	-5.290833
#[5, 4, 6, 1, 0]
61.000000	-2.328095
#[5, 4, 1, 6, 1]
61.000000	-2.441190
#[3, 4, 6, 1, 1]
61.000000	-5.290833
#[3, 4, 6, 6, 1]
61.000000	-6.908333
#[5, 4, 6, 6, 4]
61.000000	-4.662857
#[5, 4, 6, 0, 1]
61.000000	-2.373333
#[4, 4, 6, 6, 1]
71.000000	-4.832500
#[0, 7, 6, 6, 1]
71.000000	-4.589091
#[5, 4, 7, 6, 1]
71.000000	-2.506667
#[5, 4, 2, 6, 1]
71.000000	-2.286970
#[1, 4, 6, 6, 1]
71.000000	-4.832500
#[5, 5, 6, 6, 1]
71.000000	-3.006667
#[5, 3, 7, 6, 1]
71.000000	-5.575556
#[5, 4, 6, 7, 1]
71.000000	-2.506667
#[5, 3, 6, 6, 1]
71.000000	-3.062222
#[5, 4, 6, 7, 2]
71.000000	-6.908333
#[5, 4, 6, 5, 1]
81.000000	-2.397692
#[3, 4, 6, 6, 0]
81.000000	-5.985000
#[5, 4, 6, 6, 3]
81.000000	-4.889048
#[4, 4, 6, 6, 3]
81.000000	-1.500000
#[5, 4, 5, 6, 3]
81.000000	-3.834762
#[5, 4, 4, 6, 0]
81.000000	-3.523750
#[5, 5, 6, 6, 2]
81.000000	-4.513333
#[2, 4, 6, 0, 1]
81.000000	-3.649697
#[5, 1, 0, 6, 1]
81.000000	-5.156364
#[5, 4, 6, 3, 4]
81.000000	-6.819048
#[0, 4, 0, 6, 1]
91.000000	-3.809630
#[5, 4, 4, 6, 1]
91.000000	-2.478889
#[6, 4, 6, 6, 1]
91.000000	-4.634583
#[5, 4, 5, 0, 1]
91.000000	-3.006667
#[5, 4, 3, 6, 2]
91.000000	0.006667
#[4, 4, 0, 6, 1]
91.000000	-5.115238
#[4, 6, 6, 6, 1]
91.000000	-4.634583
#[5, 4, 7, 7, 1]
91.000000	-3.062222
#[5, 1, 6, 7, 1]
91.000000	-5.377143
#[0, 4, 6, 6, 2]
91.000000	-3.006667
#[5, 4, 3, 5, 2]
101.000000	-3.006667
#[6, 4, 3, 6, 2]
101.000000	-4.634583
#[5, 4, 3, 2, 2]
101.000000	-3.006667
#[5, 4, 3, 7, 1]
101.000000	-3.062222
#[5, 4, 3, 1, 2]
101.000000	-3.006667
#[1, 4, 3, 6, 2]
101.000000	-4.832500
#[5, 4, 3, 7, 2]
101.000000	-3.062222
#[5, 1, 3, 6, 2]
101.000000	-3.006667
#[5, 4, 0, 6, 2]
101.000000	-1.500000
#[4, 4, 3, 6, 2]
101.000000	-4.832500
#[5, 4, 4, 6, 2]
111.000000	-4.634583
#[5, 4, 1, 6, 2]
111.000000	-1.500000
#[5, 4, 5, 2, 2]
111.000000	-6.735000
#[5, 4, 3, 6, 4]
111.000000	-6.819048
#[5, 4, 3, 0, 2]
111.000000	-3.006667
#[5, 7, 3, 6, 2]
111.000000	-3.062222
#[5, 4, 3, 4, 2]
111.000000	-3.006667
#[3, 4, 3, 6, 2]
111.000000	-3.721667
#[5, 4, 3, 6, 0]
111.000000	-5.776667
#[2, 4, 3, 6, 2]
111.000000	-1.500000
#[2, 3, 3, 6, 2]
121.000000	-4.513333
#[5, 4, 2, 1, 2]
121.000000	-4.513333
#[0, 4, 3, 6, 2]
121.000000	-1.500000
#[5, 0, 3, 6, 2]
121.000000	-3.006667
#[5, 5, 3, 6, 2]
121.000000	-3.006667
#[5, 4, 3, 6, 3]
121.000000	-4.942619
#[5, 4, 3, 3, 2]
121.000000	-3.006667
#[4, 4, 2, 6, 2]
121.000000	-3.006667
#[5, 3, 3, 1, 2]
121.000000	-6.020000
#[2, 4, 3, 6, 4]
121.000000	-5.290833
#[5, 3, 3, 6, 2]
131.000000	-3.006667
#[5, 3, 3, 4, 2]
131.000000	-3.006667
#[5, 6, 3, 6, 2]
131.000000	-3.006667
#[5, 4, 2, 6, 2]
131.000000	-4.832500
#[5, 2, 3, 6, 2]
131.000000	-3.006667
#[5, 4, 3, 0, 4]
131.000000	-5.453333
#[5, 4, 5, 6, 2]
131.000000	-3.721667
#[5, 4, 4, 6, 3]
131.000000	0.006667
#[1, 1, 3, 6, 2]
131.000000	-7.950000
#[7, 4, 3, 6, 0]
131.000000	-6.401667
#[5, 6, 4, 6, 3]
141.000000	-4.794194
#[5, 4, 0, 6, 3]
141.000000	-3.513333
#[5, 4, 7, 6, 3]
141.000000	-4.942619
#[7, 4, 4, 6, 3]
141.000000	-6.938095
#[6, 4, 4, 6, 3]
141.000000	-4.662857
#[5, 4, 4, 2, 3]
141.000000	-3.006667
#[5, 4, 4, 5, 4]
141.000000	-3.006667
#[6, 3, 2, 6, 3]
141.000000	-6.061667
#[0, 0, 4, 6, 3]
141.000000	-4.662857
#[7, 4, 4, 6, 4]
141.000000	-5.270000
#[5, 1, 4, 6, 3]
151.000000	-3.563333
#[5, 4, 4, 6, 4]
151.000000	-4.662857
#[5, 5, 4, 6, 3]
151.000000	-3.563333
#[5, 4, 4, 4, 3]
151.000000	-3.006667
#[5, 4, 1, 6, 3]
151.000000	-3.325833
#[5, 4, 4, 1, 3]
151.000000	-3.006667
#[7, 2, 4, 6, 3]
151.000000	-5.120000
#[5, 4, 4, 3, 3]
151.000000	-3.062222
#[5, 3, 4, 6, 3]
151.000000	-4.842581
#[5, 4, 4, 7, 3]
151.000000	-3.062222
#[4, 4, 4, 6, 3]
161.000000	-3.721667
#[5, 4, 1, 0, 2]
161.000000	-4.513333
#[5, 4, 2, 6, 3]
161.000000	-4.889048
#[5, 2, 4, 6, 3]
161.000000	-4.382069
#[5, 5, 4, 1, 3]
161.000000	-6.231212
#[1, 4, 4, 6, 3]
161.000000	-3.721667
#[3, 4, 4, 6, 3]
161.000000	-6.938095
#[0, 4, 4, 6, 3]
161.000000	-1.500000
#[5, 4, 0, 4, 3]
161.000000	-3.006667
#[3, 5, 4, 6, 3]
161.000000	-4.842581
#[5, 1, 4, 6, 1]
171.000000	-4.662857
#[5, 4, 4, 2, 1]
171.000000	-3.006667
#[5, 4, 4, 5, 3]
171.000000	-3.006667
#[5, 4, 4, 0, 3]
171.000000	-3.006667
#[2, 4, 4, 6, 3]
171.000000	-1.500000
#[5, 5, 4, 6, 4]
171.000000	0.006667
#[5, 0, 7, 6, 3]
171.000000	-4.582778
#[5, 4, 7, 6, 2]
171.000000	-6.908333
#[7, 4, 4, 7, 3]
171.000000	-7.771429
#[5, 4, 0, 3, 3]
171.000000	-6.605614
#[5, 4, 5, 3, 3]
181.000000	-6.919524
#[6, 4, 4, 4, 3]
181.000000	-1.500000
#[5, 4, 2, 2, 3]
181.000000	-8.009524
#[5, 4, 4, 7, 1]
181.000000	-3.034444
#[5, 7, 4, 6, 2]
181.000000	-6.700000
#[2, 4, 3, 6, 3]
181.000000	-5.406905
#[4, 4, 4, 1, 3]
181.000000	-4.513333
#[5, 7, 4, 6, 3]
181.000000	-4.842581
#[1, 7, 4, 6, 2]
181.000000	-7.533333
#[5, 4, 4, 3, 4]
181.000000	-5.615238
#[5, 4, 4, 0, 0]
191.000000	-4.026154
#[2, 2, 4, 6, 3]
191.000000	-4.662857
#[0, 1, 4, 6, 3]
191.000000	-4.662857
#[5, 4, 4, 3, 0]
191.000000	-4.148750
#[5, 4, 0, 6, 0]
191.000000	-5.334359
#[5, 4, 3, 7, 3]
191.000000	-8.009524
#[5, 4, 6, 7, 3]
191.000000	-4.942619
#[2, 4, 4, 3, 3]
191.000000	-4.583846
#[0, 4, 4, 2, 3]
191.000000	-4.513333
#[5, 4, 4, 4, 0]
191.000000	-4.117500
#[5, 3, 3, 6, 3]
201.000000	-7.741667
#[3, 4, 4, 3, 3]
201.000000	-7.771429
#[3, 4, 4, 6, 1]
201.000000	-5.280417
#[5, 4, 5, 7, 3]
201.000000	-6.919524
#[2, 4, 6, 6, 3]
201.000000	-5.341429
#[7, 4, 5, 6, 3]
201.000000	-3.882381
#[7, 4, 4, 6, 2]
201.000000	-5.270000
#[5, 4, 7, 3, 3]
201.000000	-8.009524
#[4, 1, 4, 6, 3]
201.000000	-3.721667
#[0, 4, 6, 6, 3]
201.000000	-5.070000
#[6, 4, 4, 6, 2]
211.000000	-3.006667
#[5, 4, 1, 0, 4]
211.000000	-3.006667
#[1, 4, 4, 6, 2]
211.000000	-5.228333
#[3, 4, 2, 6, 3]
211.000000	-5.389048
#[5, 4, 5, 2, 3]
211.000000	-6.848095
#[5, 1, 4, 6, 4]
211.000000	0.006667
#[3, 4, 4, 6, 0]
211.000000	-4.159167
#[5, 4, 2, 1, 4]
211.000000	-3.006667
#[0, 4, 4, 4, 3]
211.000000	-4.513333
#[7, 4, 4, 6, 1]
211.000000	-5.280417
#[5, 4, 4, 4, 4]
221.000000	-5.567619
#[4, 4, 7, 6, 3]
221.000000	-3.763333
#[6, 6, 4, 6, 3]
221.000000	-5.426250
#[1, 4, 4, 4, 3]
221.000000	-4.513333
#[4, 4, 4, 3, 3]
221.000000	-4.555000
#[6, 5, 4, 6, 3]
221.000000	-4.794194
#[3, 1, 4, 6, 3]
221.000000	-7.741667
#[7, 4, 4, 0, 3]
221.000000	-4.584762
#[5, 4, 4, 7, 0]
221.000000	-4.148750
#[5, 1, 7, 6, 3]
221.000000	-4.575833
#[0, 4, 4, 6, 4]
231.000000	-3.006667
#[5, 1, 4, 4, 1]
231.000000	-3.006667
#[2, 4, 4, 7, 3]
231.000000	-4.583846
#[4, 4, 4, 6, 4]
231.000000	-5.228333
#[0, 4, 4, 7, 3]
231.000000	-4.574737
#[6, 4, 4, 0, 3]
231.000000	-1.500000
#[5, 6, 0, 2, 3]
231.000000	-4.513333
#[7, 5, 4, 6, 3]
231.000000	-4.842581
#[6, 4, 0, 6, 3]
231.000000	-5.115238
#[7, 4, 4, 4, 3]
231.000000	-4.572857
#[1, 4, 4, 6, 0]
241.000000	-4.117500
#[0, 4, 4, 6, 0]
241.000000	-3.985556
#[3, 4, 4, 5, 3]
241.000000	-3.062222
#[7, 3, 4, 6, 3]
241.000000	-7.741667
#[5, 0, 4, 6, 2]
241.000000	-1.500000
#[6, 4, 4, 3, 3]
241.000000	-4.704524
#[5, 3, 4, 3, 3]
241.000000	-7.909677
#[2, 1, 4, 5, 3]
241.000000	-3.006667
#[4, 4, 4, 6, 0]
241.000000	-4.117500
#[4, 4, 5, 6, 3]
241.000000	0.006667
#[3, 4, 4, 6, 2]
251.000000	-3.721667
#[1, 4, 5, 5, 3]
251.000000	-3.006667
#[6, 4, 5, 6, 3]
251.000000	-3.834762
#[7, 0, 4, 6, 3]
251.000000	-5.259130
#[5, 1, 4, 5, 4]
251.000000	-3.006667
#[5, 4, 7, 5, 3]
251.000000	-6.919524
#[6, 4, 4, 5, 3]
251.000000	0.006667
#[5, 5, 4, 7, 3]
251.000000	-6.643333
#[6, 4, 3, 6, 3]
251.000000	-5.383095
#[5, 6, 4, 4, 3]
251.000000	0.006667
#[6, 4, 4, 5, 2]
261.000000	-3.721667
#[6, 4, 4, 5, 1]
261.000000	-2.328095
#[6, 0, 4, 5, 3]
261.000000	-3.395686
#[6, 4, 0, 5, 3]
261.000000	-3.495476
#[0, 4, 4, 5, 3]
261.000000	-3.006667
#[6, 4, 1, 5, 3]
261.000000	-3.382381
#[1, 4, 4, 5, 3]
261.000000	-3.006667
#[6, 4, 4, 1, 3]
261.000000	-1.500000
#[4, 4, 4, 5, 3]
261.000000	-3.006667
#[6, 4, 4, 5, 0]
261.000000	-3.457778
#[6, 4, 4, 5, 4]
271.000000	-4.662857
#[6, 5, 4, 5, 3]
271.000000	-5.530290
#[6, 4, 6, 5, 3]
271.000000	-3.834762
#[6, 4, 4, 2, 3]
271.000000	-1.500000
#[6, 7, 4, 5, 3]
271.000000	-5.860000
#[6, 4, 5, 5, 3]
271.000000	-5.943333
#[7, 4, 4, 5, 3]
271.000000	-3.062222
#[6, 4, 3, 5, 3]
271.000000	-5.998889
#[6, 2, 4, 5, 3]
271.000000	-5.223636
#[6, 4, 2, 5, 3]
271.000000	-5.943333
#[6, 4, 7, 5, 3]
281.000000	-5.998889
#[6, 3, 5, 5, 3]
281.000000	-6.776667
#[6, 4, 0, 7, 2]
281.000000	-3.062222
#[2, 4, 4, 5, 3]
281.000000	-3.006667
#[6, 4, 4, 4, 2]
281.000000	-5.228333
#[2, 4, 1, 5, 3]
281.000000	-3.006667
#[6, 6, 4, 5, 3]
281.000000	-3.721667
#[6, 6, 2, 5, 3]
281.000000	-4.513333
#[6, 4, 4, 7, 3]
281.000000	-4.704524
#[6, 3, 4, 5, 3]
281.000000	-5.860000
#[6, 6, 4, 3, 3]
291.000000	-5.467917
#[6, 4, 4, 7, 2]
291.000000	-5.270000
#[7, 6, 4, 5, 3]
291.000000	-5.860000
#[2, 6, 6, 5, 3]
291.000000	-4.513333
#[6, 0, 4, 5, 2]
291.000000	-1.500000
#[0, 4, 0, 5, 3]
291.000000	-3.006667
#[6, 7, 4, 4, 3]
291.000000	-6.908333
#[4, 5, 4, 5, 3]
291.000000	-3.006667
#[6, 1, 4, 5, 3]
291.000000	-3.721667
#[3, 4, 4, 5, 2]
291.000000	-3.006667
#[0, 4, 4, 5, 2]
301.000000	-4.513333
#[1, 4, 7, 5, 3]
301.000000	-3.062222
#[3, 1, 4, 5, 3]
301.000000	-6.832222
#[6, 6, 4, 5, 0]
301.000000	-3.721667
#[2, 3, 4, 5, 3]
301.000000	-6.284242
#[6, 1, 4, 1, 3]
301.000000	-5.426250
#[6, 5, 4, 2, 3]
301.000000	0.006667
#[6, 7, 4, 7, 3]
301.000000	-7.637500
#[1, 1, 4, 5, 3]
301.000000	-6.832222
#[6, 4, 3, 0, 3]
301.000000	-5.170794
#[6, 5, 4, 5, 0]
311.000000	-4.436667
#[6, 4, 6, 5, 2]
311.000000	-3.721667
#[6, 2, 7, 5, 3]
311.000000	-6.818333
#[4, 3, 6, 5, 3]
311.000000	-3.882381
#[6, 6, 5, 5, 3]
311.000000	-4.513333
#[1, 0, 4, 5, 3]
311.000000	-3.006667
#[2, 5, 4, 5, 3]
311.000000	-3.006667
#[6, 7, 4, 5, 4]
311.000000	-6.819048
#[6, 4, 2, 6, 3]
311.000000	-5.341429
#[6, 4, 6, 5, 4]
311.000000	-4.662857
#[1, 4, 4, 5, 4]
321.000000	-5.567619
#[6, 4, 4, 1, 0]
321.000000	-3.523750
#[6, 4, 4, 1, 1]
321.000000	-2.610833
#[6, 4, 4, 2, 2]
321.000000	-5.228333
#[6, 3, 4, 5, 2]
321.000000	0.006667
#[6, 7, 4, 5, 0]
321.000000	-5.985000
#[2, 4, 4, 5, 0]
321.000000	-3.006667
#[6, 2, 4, 6, 1]
321.000000	-3.834762
#[1, 3, 4, 5, 3]
321.000000	-6.832222
#[6, 2, 4, 2, 3]
321.000000	-1.500000
#[6, 4, 4, 6, 0]
331.000000	-1.500000
#[7, 4, 3, 5, 3]
331.000000	-6.951270
#[6, 7, 1, 5, 3]
331.000000	-4.582778
#[6, 2, 4, 5, 0]
331.000000	-2.215000
#[6, 0, 4, 2, 3]
331.000000	-1.500000
#[0, 4, 4, 5, 4]
331.000000	-5.386667
#[2, 7, 4, 5, 3]
331.000000	-6.284242
#[6, 4, 4, 4, 0]
331.000000	-3.721667
#[6, 3, 4, 0, 3]
331.000000	-5.290833
#[2, 4, 4, 5, 2]
331.000000	-4.513333
#[4, 4, 1, 5, 0]
341.000000	-4.249444
#[6, 4, 4, 0, 1]
341.000000	-2.554286
#[6, 7, 5, 5, 3]
341.000000	-6.776667
#[6, 5, 6, 5, 3]
341.000000	-4.513333
#[6, 6, 4, 5, 1]
341.000000	-4.889048
#[5, 4, 5, 5, 3]
341.000000	-6.848095
#[6, 6, 0, 5, 3]
341.000000	-4.513333
#[2, 4, 4, 5, 1]
341.000000	-4.117500
#[5, 4, 2, 5, 3]
341.000000	-6.848095
#[6, 3, 0, 6, 3]
341.000000	-6.075556
#[1, 4, 0, 5, 3]
351.000000	-3.006667
#[1, 4, 4, 5, 2]
351.000000	-4.513333
#[4, 4, 4, 7, 3]
351.000000	-4.555000
#[6, 7, 4, 6, 3]
351.000000	-5.473125
#[6, 4, 0, 5, 1]
351.000000	-1.236111
#[6, 3, 4, 5, 0]
351.000000	-5.985000
#[6, 2, 4, 5, 1]
351.000000	-3.325833
#[6, 2, 4, 7, 3]
351.000000	-7.200000
#[6, 4, 7, 6, 3]
351.000000	-5.383095
#[5, 2, 4, 5, 3]
351.000000	-3.006667
#[6, 0, 2, 5, 3]
361.000000	-4.513333
#[6, 5, 4, 5, 4]
361.000000	0.006667
#[6, 4, 7, 0, 3]
361.000000	-5.170794
#[6, 4, 3, 5, 2]
361.000000	0.006667
#[6, 0, 4, 0, 3]
361.000000	-4.753333
#[2, 3, 4, 5, 2]
361.000000	-3.006667
#[7, 0, 4, 5, 3]
361.000000	-6.477647
#[6, 5, 4, 0, 3]
361.000000	-3.382381
#[6, 0, 7, 5, 3]
361.000000	-4.587407
#[6, 3, 4, 5, 1]
361.000000	-4.942619
#[6, 4, 0, 0, 3]
371.000000	-4.662857
#[6, 6, 4, 1, 3]
371.000000	-5.426250
#[6, 4, 5, 2, 3]
371.000000	-5.943333
#[2, 4, 5, 5, 3]
371.000000	-6.848095
#[5, 7, 4, 7, 3]
371.000000	-7.909677
#[6, 4, 4, 0, 4]
371.000000	-3.006667
#[6, 4, 1, 6, 3]
371.000000	-5.002143
#[5, 4, 4, 5, 2]
371.000000	-4.513333
#[6, 2, 1, 5, 3]
371.000000	-4.513333
#[6, 1, 4, 3, 3]
371.000000	-5.467917
#[1, 4, 6, 5, 3]
381.000000	0.006667
#[6, 3, 7, 5, 3]
381.000000	-6.832222
#[6, 4, 2, 0, 3]
381.000000	-4.662857
#[6, 4, 2, 5, 0]
381.000000	-4.436667
#[6, 1, 4, 5, 1]
381.000000	-4.889048
#[6, 4, 7, 5, 2]
381.000000	-5.998889
#[6, 3, 4, 1, 3]
381.000000	-5.493958
#[6, 7, 3, 5, 3]
381.000000	-6.832222
#[6, 1, 6, 5, 3]
381.000000	-4.513333
#[6, 2, 4, 0, 3]
381.000000	-1.500000
#[6, 5, 4, 1, 3]
391.000000	-3.633704
#[4, 6, 4, 5, 3]
391.000000	0.006667
#[4, 7, 4, 5, 3]
391.000000	-3.062222
#[4, 4, 4, 5, 4]
391.000000	-5.567619
#[6, 4, 6, 5, 0]
391.000000	-3.457778
#[6, 4, 5, 5, 1]
391.000000	0.006667
#[6, 3, 4, 5, 4]
391.000000	-6.819048
#[1, 2, 4, 5, 3]
391.000000	-3.006667
#[6, 4, 6, 5, 1]
391.000000	-2.328095
#[6, 7, 4, 4, 1]
391.000000	-6.908333
#[3, 6, 4, 5, 3]
401.000000	-5.860000
#[4, 6, 4, 4, 3]
401.000000	-1.500000
#[4, 1, 7, 5, 3]
401.000000	-3.062222
#[4, 6, 5, 5, 3]
401.000000	-5.943333
#[4, 6, 4, 7, 3]
401.000000	-4.704524
#[4, 0, 4, 5, 3]
401.000000	-3.006667
#[4, 6, 4, 6, 3]
401.000000	-4.662857
#[4, 6, 4, 5, 1]
401.000000	-2.328095
#[4, 6, 6, 5, 3]
401.000000	-3.834762
#[2, 6, 4, 5, 3]
401.000000	-5.223636
#[4, 6, 2, 5, 3]
411.000000	-5.943333
#[6, 6, 4, 4, 3]
411.000000	-4.832500
#[1, 6, 4, 5, 3]
411.000000	-3.721667
#[4, 6, 4, 1, 3]
411.000000	-1.500000
#[4, 6, 3, 5, 3]
411.000000	-5.998889
#[5, 6, 4, 5, 3]
411.000000	-5.530290
#[0, 6, 4, 5, 3]
411.000000	-3.395686
#[4, 6, 4, 5, 0]
411.000000	-3.457778
#[4, 6, 4, 5, 2]
411.000000	-3.721667
#[4, 6, 4, 5, 4]
411.000000	-4.662857
#[4, 6, 4, 0, 3]
421.000000	-1.500000
#[1, 6, 4, 4, 3]
421.000000	-4.832500
#[4, 6, 7, 5, 3]
421.000000	-5.998889
#[4, 3, 4, 2, 3]
421.000000	-4.572857
#[4, 6, 4, 2, 3]
421.000000	-1.500000
#[4, 1, 4, 5, 3]
421.000000	-3.006667
#[4, 6, 1, 5, 3]
421.000000	-3.382381
#[4, 6, 4, 3, 3]
421.000000	-4.704524
#[4, 2, 4, 5, 3]
421.000000	-3.006667
#[4, 2, 2, 5, 3]
421.000000	-6.848095
#[4, 6, 1, 5, 0]
431.000000	-1.236111
#[4, 3, 4, 5, 3]
431.000000	-3.062222
#[4, 6, 0, 5, 3]
431.000000	-3.495476
#[1, 6, 4, 7, 3]
431.000000	-5.467917
#[7, 6, 4, 3, 3]
431.000000	-7.637500
#[4, 6, 4, 7, 4]
431.000000	-5.270000
#[0, 6, 4, 5, 1]
431.000000	-3.513333
#[4, 5, 4, 7, 3]
431.000000	-3.062222
#[4, 6, 4, 6, 2]
431.000000	-3.006667
#[4, 7, 4, 7, 3]
431.000000	-7.771429
#[4, 2, 4, 4, 3]
441.000000	-4.513333
#[4, 7, 7, 5, 3]
441.000000	-6.951270
#[4, 6, 2, 5, 4]
441.000000	0.006667
#[4, 6, 2, 6, 3]
441.000000	-5.341429
#[2, 6, 4, 5, 1]
441.000000	-3.325833
#[4, 0, 4, 6, 3]
441.000000	-1.500000
#[0, 7, 4, 5, 3]
441.000000	-6.477647
#[4, 6, 2, 5, 2]
441.000000	-5.943333
#[7, 6, 4, 6, 3]
441.000000	-5.473125
#[4, 6, 3, 5, 1]
441.000000	-2.351905
#[6, 6, 3, 5, 3]
451.000000	-4.568889
#[4, 6, 0, 3, 3]
451.000000	-5.170794
#[3, 6, 4, 5, 4]
451.000000	-6.819048
#[3, 3, 4, 5, 3]
451.000000	-6.832222
#[4, 6, 2, 7, 2]
451.000000	-7.533333
#[5, 6, 4, 5, 4]
451.000000	0.006667
#[6, 6, 4, 5, 2]
451.000000	-1.500000
#[4, 6, 2, 5, 1]
451.000000	-1.183333
#[4, 0, 2, 5, 3]
451.000000	-6.576667
#[4, 6, 6, 6, 3]
451.000000	-5.341429
#[3, 6, 4, 5, 2]
461.000000	0.006667
#[4, 2, 6, 5, 3]
461.000000	-3.834762
#[3, 2, 4, 5, 3]
461.000000	-6.284242
#[2, 6, 0, 5, 3]
461.000000	-4.513333
#[4, 7, 4, 6, 3]
461.000000	-6.938095
#[4, 6, 2, 1, 3]
461.000000	-4.662857
#[4, 6, 4, 0, 2]
461.000000	-3.006667
#[4, 7, 0, 7, 3]
461.000000	-8.247619
#[1, 6, 4, 5, 0]
461.000000	-3.721667
#[4, 3, 4, 1, 3]
461.000000	-4.590714
#[4, 6, 7, 0, 3]
471.000000	-5.170794
#[0, 2, 4, 5, 3]
471.000000	-3.006667
#[4, 6, 4, 1, 2]
471.000000	-3.006667
#[4, 5, 4, 5, 2]
471.000000	-4.513333
#[4, 7, 5, 5, 3]
471.000000	-6.895714
#[4, 5, 3, 4, 3]
471.000000	-3.062222
#[3, 7, 4, 5, 3]
471.000000	-6.832222
#[4, 2, 4, 0, 0]
471.000000	-4.513333
#[4, 3, 4, 5, 4]
471.000000	-5.615238
#[6, 6, 6, 5, 3]
471.000000	-4.513333
#[0, 6, 4, 2, 3]
481.000000	-1.500000
#[5, 6, 7, 5, 3]
481.000000	-6.804444
#[4, 6, 4, 4, 0]
481.000000	-3.721667
#[4, 0, 4, 5, 4]
481.000000	-5.386667
#[4, 3, 4, 4, 3]
481.000000	-4.572857
#[4, 0, 1, 5, 3]
481.000000	-3.006667
#[0, 6, 7, 5, 3]
481.000000	-4.587407
#[3, 6, 7, 7, 2]
481.000000	-4.596667
#[4, 7, 6, 5, 3]
481.000000	-3.882381
#[1, 5, 4, 5, 3]
481.000000	-6.231212
#[4, 2, 4, 5, 4]
491.000000	-5.289231
#[4, 6, 7, 5, 1]
491.000000	-2.351905
#[4, 2, 4, 3, 3]
491.000000	-4.583846
#[4, 6, 3, 5, 2]
491.000000	0.006667
#[4, 6, 1, 5, 2]
491.000000	-1.500000
#[2, 6, 4, 5, 4]
491.000000	-4.314872
#[2, 6, 4, 4, 3]
491.000000	-1.500000
#[4, 6, 5, 5, 1]
491.000000	0.006667
#[4, 6, 4, 3, 0]
491.000000	-3.742500
#[1, 6, 4, 5, 4]
491.000000	-4.662857
#[4, 0, 4, 2, 3]
501.000000	-4.513333
#[4, 3, 4, 5, 2]
501.000000	-3.006667
#[7, 6, 4, 5, 4]
501.000000	-6.819048
#[3, 6, 5, 5, 4]
501.000000	-3.062222
#[4, 6, 0, 6, 3]
501.000000	-5.115238
#[4, 5, 0, 5, 3]
501.000000	-6.339167
#[4, 0, 5, 5, 3]
501.000000	-6.576667
#[4, 6, 7, 6, 3]
501.000000	-5.383095
#[4, 4, 3, 5, 3]
501.000000	-3.062222
#[4, 5, 4, 1, 3]
501.000000	-3.006667
#[4, 2, 3, 5, 3]
511.000000	-6.935397
#[5, 6, 4, 7, 3]
511.000000	-6.941935
#[3, 0, 4, 5, 3]
511.000000	-6.477647
#[4, 6, 5, 2, 3]
511.000000	-5.943333
#[4, 6, 7, 5, 0]
511.000000	-5.707222
#[1, 6, 4, 1, 3]
511.000000	-5.426250
#[4, 6, 3, 1, 3]
511.000000	-5.043810
#[4, 6, 0, 5, 2]
511.000000	-1.500000
#[4, 3, 2, 5, 3]
511.000000	-6.895714
#[4, 6, 7, 2, 3]
511.000000	-7.533333
#[4, 1, 4, 4, 3]
521.000000	-4.513333
#[4, 6, 4, 2, 1]
521.000000	-1.500000
#[4, 1, 4, 1, 2]
521.000000	-6.020000
#[4, 6, 7, 5, 2]
521.000000	-5.998889
#[0, 6, 4, 6, 3]
521.000000	-5.193913
#[2, 6, 4, 5, 0]
521.000000	-2.215000
#[4, 2, 4, 5, 0]
521.000000	-3.006667
#[4, 6, 1, 4, 3]
521.000000	-1.500000
#[2, 6, 1, 5, 3]
521.000000	-4.513333
#[6, 6, 4, 2, 3]
521.000000	-4.832500
#[4, 0, 4, 0, 3]
531.000000	-4.513333
#[2, 6, 3, 5, 3]
531.000000	-6.818333
#[4, 6, 4, 7, 1]
531.000000	-4.655417
#[4, 6, 0, 7, 3]
531.000000	-5.170794
#[4, 2, 4, 7, 3]
531.000000	-4.583846
#[0, 6, 4, 5, 2]
531.000000	-1.500000
#[4, 7, 4, 2, 3]
531.000000	-4.572857
#[0, 6, 4, 4, 3]
531.000000	-1.500000
#[4, 2, 1, 5, 3]
531.000000	-3.006667
#[4, 6, 4, 4, 2]
531.000000	-5.228333
#[7, 1, 1, 5, 3]
541.000000	-7.665556
#[5, 6, 0, 5, 3]
541.000000	-4.513333
#[4, 6, 4, 3, 1]
541.000000	-4.655417
#[4, 5, 7, 5, 3]
541.000000	-6.919524
#[7, 6, 4, 0, 3]
541.000000	-5.290833
#[4, 6, 3, 0, 3]
541.000000	-5.170794
#[4, 6, 4, 4, 1]
541.000000	-4.634583
#[4, 6, 4, 4, 4]
541.000000	-5.228333
#[4, 1, 4, 2, 3]
541.000000	-4.513333
#[4, 6, 0, 5, 1]
541.000000	-1.236111
#[3, 6, 4, 5, 0]
551.000000	-5.985000
#[3, 6, 4, 3, 3]
551.000000	-7.637500
#[4, 6, 4, 1, 4]
551.000000	-3.006667
#[4, 3, 4, 3, 3]
551.000000	-7.771429
#[1, 6, 6, 5, 3]
551.000000	-4.513333
#[1, 6, 4, 6, 3]
551.000000	-5.426250
#[4, 6, 0, 2, 0]
551.000000	-1.500000
#[5, 0, 4, 5, 3]
551.000000	-6.042292
#[4, 6, 7, 5, 4]
551.000000	-6.819048
#[4, 6, 0, 2, 3]
551.000000	-4.662857
#[4, 3, 4, 0, 3]
561.000000	-4.584762
#[3, 6, 0, 5, 3]
561.000000	-4.575833
#[4, 6, 3, 6, 3]
561.000000	-5.383095
#[7, 6, 4, 5, 2]
561.000000	-3.763333
#[7, 2, 4, 5, 3]
561.000000	-6.284242
#[3, 6, 3, 5, 3]
561.000000	-6.832222
#[4, 1, 0, 5, 3]
561.000000	-3.006667
#[4, 0, 4, 5, 1]
561.000000	-4.180000
#[4, 6, 4, 2, 4]
561.000000	-5.228333
#[1, 6, 4, 2, 3]
561.000000	-4.832500
#[3, 6, 4, 7, 3]
571.000000	-7.637500
#[4, 2, 4, 5, 2]
571.000000	-4.513333
#[4, 6, 4, 7, 0]
571.000000	-3.742500
#[4, 1, 4, 5, 1]
571.000000	-5.341429
#[4, 4, 4, 5, 2]
571.000000	-4.513333
#[7, 6, 7, 2, 3]
571.000000	-8.366667
#[7, 6, 3, 5, 3]
571.000000	-6.832222
#[2, 6, 4, 5, 2]
571.000000	-3.721667
#[4, 6, 4, 1, 0]
571.000000	-3.523750
#[5, 6, 4, 5, 1]
571.000000	-2.397692
#[1, 6, 7, 5, 3]
581.000000	-4.568889
#[4, 7, 0, 5, 3]
581.000000	-6.580238
#[4, 5, 5, 5, 3]
581.000000	-6.848095
#[4, 6, 2, 5, 0]
581.000000	-4.436667
#[4, 6, 4, 0, 0]
581.000000	-3.608571
#[4, 7, 4, 5, 4]
581.000000	-5.615238
#[4, 0, 7, 5, 3]
581.000000	-6.654444
#[4, 6, 4, 6, 0]
581.000000	-1.500000
#[1, 6, 5, 5, 3]
581.000000	-4.513333
#[6, 6, 4, 0, 3]
581.000000	-5.228333
#[5, 5, 5, 5, 3]
591.000000	-7.526667
#[4, 3, 5, 5, 3]
591.000000	-6.895714
#[4, 6, 1, 5, 4]
591.000000	-2.554286
#[7, 6, 4, 5, 1]
591.000000	-4.942619
#[4, 5, 0, 5, 4]
591.000000	-3.006667
#[0, 6, 5, 5, 3]
591.000000	-4.513333
#[4, 4, 4, 5, 1]
591.000000	-5.341429
#[0, 6, 2, 5, 1]
591.000000	-4.026154
#[4, 7, 4, 4, 3]
591.000000	-4.572857
#[5, 6, 4, 2, 3]
591.000000	0.006667
#[5, 6, 6, 5, 3]
601.000000	-4.513333
#[4, 6, 5, 0, 3]
601.000000	-3.495476
#[4, 1, 3, 5, 3]
601.000000	-3.062222
#[4, 6, 1, 1, 3]
601.000000	-4.662857
#[4, 5, 4, 5, 0]
601.000000	-3.006667
#[4, 6, 6, 0, 3]
601.000000	-5.115238
#[1, 6, 4, 3, 3]
601.000000	-5.467917
#[4, 1, 4, 1, 3]
601.000000	-4.513333
#[4, 6, 2, 2, 3]
601.000000	-7.533333
#[4, 6, 3, 3, 3]
601.000000	-7.533333
#[4, 0, 4, 5, 2]
611.000000	-4.513333
#[7, 6, 4, 2, 3]
611.000000	-6.908333
#[1, 6, 4, 5, 2]
611.000000	-1.500000
#[4, 4, 4, 5, 0]
611.000000	-4.249444
#[7, 6, 6, 5, 3]
611.000000	-4.555000
#[4, 6, 5, 5, 2]
611.000000	-5.943333
#[0, 6, 4, 5, 0]
611.000000	-3.457778
#[1, 6, 3, 5, 3]
611.000000	-4.568889
#[4, 1, 6, 5, 3]
611.000000	0.006667
#[4, 6, 0, 5, 0]
611.000000	-5.310000
#[4, 6, 3, 5, 0]
621.000000	-5.707222
#[4, 6, 7, 1, 3]
621.000000	-5.043810
#[4, 1, 4, 7, 3]
621.000000	-4.555000
#[4, 6, 5, 6, 3]
621.000000	-3.834762
#[4, 4, 7, 5, 3]
621.000000	-3.062222
#[4, 6, 5, 3, 3]
621.000000	-5.998889
#[4, 5, 3, 5, 3]
621.000000	-6.919524
#[4, 6, 6, 1, 3]
621.000000	-5.002143
#[4, 6, 4, 0, 4]
621.000000	-3.006667
#[4, 6, 6, 4, 3]
621.000000	-4.662857
#[4, 7, 2, 5, 3]
631.000000	-6.895714
#[4, 2, 0, 5, 3]
631.000000	-6.101667
#[4, 6, 3, 5, 4]
631.000000	-6.819048
#[4, 3, 0, 5, 3]
631.000000	-6.580238
#[0, 6, 4, 5, 4]
631.000000	-2.373333
#[4, 4, 5, 5, 3]
631.000000	-3.006667
#[4, 4, 5, 1, 3]
631.000000	-3.006667
#[7, 6, 4, 1, 3]
631.000000	-5.493958
#[7, 6, 4, 7, 3]
631.000000	-7.637500
#[4, 2, 4, 6, 3]
631.000000	-1.500000
#[4, 7, 3, 5, 3]
641.000000	-6.951270
#[4, 6, 1, 2, 3]
641.000000	-4.662857
#[4, 1, 1, 5, 3]
641.000000	-3.006667
#[5, 6, 4, 5, 0]
641.000000	-4.436667
#[7, 6, 6, 6, 3]
641.000000	-6.061667
#[4, 6, 6, 5, 0]
641.000000	-3.457778
#[4, 2, 4, 0, 3]
641.000000	-4.513333
#[7, 7, 5, 5, 3]
641.000000	-7.610000
#[2, 6, 2, 5, 3]
641.000000	-6.735000
#[5, 6, 2, 4, 3]
641.000000	0.006667
#[7, 7, 4, 5, 3]
651.000000	-6.832222
#[4, 4, 4, 4, 3]
651.000000	-4.513333
#[3, 6, 7, 5, 3]
651.000000	-6.832222
#[4, 3, 4, 5, 1]
651.000000	-5.395000
#[4, 7, 4, 0, 3]
651.000000	-4.584762
#[4, 6, 4, 6, 1]
651.000000	-2.610833
#[3, 6, 4, 5, 1]
651.000000	-4.942619
#[1, 6, 0, 5, 3]
651.000000	-4.513333
#[4, 6, 4, 3, 4]
651.000000	-5.270000
#[3, 6, 4, 6, 3]
651.000000	-5.473125
#[4, 3, 1, 5, 3]
661.000000	-6.475079
#[4, 5, 1, 5, 3]
661.000000	-6.129608
#[4, 2, 4, 5, 1]
661.000000	-4.117500
#[4, 1, 4, 6, 1]
661.000000	-5.228333
#[4, 5, 6, 5, 3]
661.000000	-3.834762
#[7, 6, 7, 5, 3]
661.000000	-6.832222
#[4, 7, 4, 5, 0]
661.000000	-4.291111
#[0, 0, 4, 5, 4]
661.000000	-3.006667
#[4, 4, 0, 5, 0]
661.000000	-4.196667
#[4, 6, 4, 2, 0]
661.000000	-3.721667
#[4, 5, 4, 5, 4]
671.000000	-3.006667
#[4, 4, 4, 0, 3]
671.000000	-4.513333
#[5, 6, 7, 3, 3]
671.000000	-7.950000
#[5, 6, 4, 1, 3]
671.000000	-3.633704
#[0, 6, 2, 5, 3]
671.000000	-4.513333
#[7, 1, 4, 5, 3]
671.000000	-6.832222
#[4, 6, 6, 7, 3]
671.000000	-5.383095
#[4, 6, 0, 4, 3]
671.000000	-1.500000
#[4, 6, 4, 7, 2]
671.000000	-5.270000
#[0, 6, 6, 5, 4]
671.000000	-5.386667
#[4, 6, 5, 5, 4]
681.000000	0.006667
#[4, 2, 5, 5, 3]
681.000000	-6.848095
#[5, 6, 1, 5, 3]
681.000000	-4.513333
#[4, 0, 4, 3, 3]
681.000000	-4.574737
#[7, 5, 4, 5, 3]
681.000000	-6.544783
#[5, 1, 4, 5, 3]
681.000000	-6.231212
#[4, 6, 6, 3, 3]
681.000000	-5.383095
#[4, 7, 4, 1, 3]
681.000000	-4.590714
#[4, 6, 2, 7, 3]
681.000000	-7.533333
#[4, 6, 3, 2, 3]
681.000000	-7.533333
#[4, 5, 4, 5, 1]
691.000000	-3.006667
#[4, 6, 1, 5, 1]
691.000000	-2.328095
#[4, 1, 4, 5, 0]
691.000000	-4.249444
#[7, 3, 4, 5, 3]
691.000000	-6.832222
#[4, 6, 4, 1, 1]
691.000000	-2.610833
#[0, 7, 4, 5, 0]
691.000000	-6.526667
#[4, 0, 6, 5, 3]
691.000000	-3.563333
#[4, 0, 4, 5, 0]
691.000000	-4.161481
#[4, 5, 4, 3, 3]
691.000000	-3.062222
#[3, 6, 4, 2, 3]
691.000000	-6.908333
#[4, 6, 0, 5, 4]
701.000000	-2.373333
#[3, 6, 6, 5, 3]
701.000000	-4.555000
#[4, 7, 4, 5, 2]
701.000000	-4.555000
#[2, 6, 4, 0, 3]
701.000000	-1.500000
#[4, 6, 5, 4, 3]
701.000000	0.006667
#[5, 6, 4, 0, 3]
701.000000	-3.382381
#[5, 6, 5, 5, 3]
701.000000	-6.735000
#[7, 6, 1, 5, 3]
701.000000	-4.582778
#[4, 6, 6, 5, 4]
701.000000	-4.662857
#[4, 2, 4, 1, 3]
701.000000	-4.513333
#[1, 7, 5, 1, 3]
711.000000	-7.665556
#[4, 7, 5, 4, 3]
711.000000	-3.062222
#[4, 7, 3, 4, 3]
711.000000	-7.771429
#[4, 6, 5, 4, 1]
711.000000	-2.328095
#[0, 6, 5, 4, 3]
711.000000	-3.395686
#[7, 6, 5, 4, 3]
711.000000	-5.860000
#[4, 6, 2, 4, 3]
711.000000	-1.500000
#[4, 1, 5, 4, 3]
711.000000	-3.006667
#[4, 6, 7, 4, 3]
711.000000	-4.704524
#[6, 6, 5, 4, 3]
711.000000	-3.721667
#[4, 6, 5, 4, 2]
721.000000	-3.721667
#[2, 6, 7, 4, 3]
721.000000	-7.200000
#[4, 6, 3, 4, 3]
721.000000	-4.704524
#[4, 3, 5, 4, 3]
721.000000	-3.062222
#[4, 4, 5, 4, 3]
721.000000	-3.006667
#[2, 6, 5, 4, 3]
721.000000	-5.223636
#[4, 5, 5, 4, 3]
721.000000	-3.006667
#[4, 6, 5, 4, 4]
721.000000	-4.662857
#[4, 6, 5, 1, 3]
721.000000	-3.382381
#[4, 0, 5, 4, 3]
721.000000	-3.006667
#[1, 6, 5, 4, 3]
731.000000	-3.721667
#[4, 6, 5, 7, 3]
731.000000	-5.998889
#[4, 2, 5, 4, 3]
731.000000	-3.006667
#[5, 6, 5, 4, 3]
731.000000	-5.530290
#[4, 6, 5, 4, 0]
731.000000	-3.457778
#[3, 6, 5, 4, 3]
731.000000	-5.860000
#[2, 6, 1, 4, 3]
731.000000	-4.724545
#[3, 3, 5, 4, 3]
731.000000	-6.832222
#[6, 6, 5, 4, 4]
731.000000	-4.662857
#[4, 6, 5, 6, 1]
731.000000	-2.328095
#[6, 6, 5, 4, 0]
741.000000	-3.721667
#[4, 4, 5, 4, 4]
741.000000	-5.567619
#[4, 2, 2, 4, 3]
741.000000	-4.513333
#[4, 5, 4, 4, 3]
741.000000	-3.006667
#[4, 2, 6, 4, 3]
741.000000	-1.500000
#[7, 6, 3, 4, 3]
741.000000	-7.637500
#[4, 7, 5, 4, 4]
741.000000	-5.615238
#[0, 6, 5, 2, 3]
741.000000	-4.513333
#[4, 5, 5, 1, 3]
741.000000	-6.129608
#[4, 0, 7, 4, 3]
741.000000	-4.574737
#[5, 6, 5, 6, 3]
751.000000	-4.513333
#[4, 0, 5, 3, 3]
751.000000	-6.654444
#[4, 5, 5, 7, 3]
751.000000	-6.919524
#[4, 1, 1, 4, 3]
751.000000	-4.513333
#[2, 6, 5, 4, 0]
751.000000	-2.215000
#[0, 6, 0, 4, 3]
751.000000	-4.753333
#[0, 6, 5, 0, 3]
751.000000	-4.513333
#[7, 6, 6, 4, 3]
751.000000	-5.473125
#[6, 3, 5, 4, 3]
751.000000	-5.860000
#[2, 6, 0, 4, 3]
751.000000	-1.500000
#[3, 6, 5, 6, 3]
761.000000	-4.555000
#[4, 1, 5, 4, 4]
761.000000	-5.567619
#[0, 6, 5, 4, 4]
761.000000	-2.373333
#[4, 4, 5, 4, 0]
761.000000	-4.249444
#[4, 0, 5, 4, 1]
761.000000	-4.180000
#[0, 6, 5, 1, 3]
761.000000	-4.513333
#[4, 5, 1, 4, 3]
761.000000	-3.006667
#[4, 1, 5, 3, 3]
761.000000	-3.062222
#[4, 6, 5, 6, 2]
761.000000	-3.721667
#[4, 2, 5, 7, 3]
761.000000	-6.935397
#[4, 1, 5, 4, 1]
771.000000	-5.341429
#[0, 1, 5, 4, 3]
771.000000	-3.006667
#[4, 6, 5, 1, 0]
771.000000	-1.236111
#[0, 6, 5, 6, 3]
771.000000	-4.513333
#[4, 1, 5, 3, 4]
771.000000	-5.615238
#[5, 6, 6, 4, 3]
771.000000	-4.794194
#[7, 6, 5, 4, 2]
771.000000	-3.763333
#[1, 6, 1, 4, 3]
771.000000	-5.426250
#[4, 2, 5, 2, 2]
771.000000	-6.735000
#[4, 6, 7, 4, 2]
771.000000	-5.270000
#[1, 6, 5, 6, 3]
781.000000	-4.513333
#[4, 6, 5, 6, 4]
781.000000	-4.662857
#[7, 6, 5, 4, 0]
781.000000	-5.985000
#[2, 6, 5, 4, 1]
781.000000	-3.325833
#[7, 1, 5, 4, 3]
781.000000	-6.832222
#[4, 6, 1, 6, 3]
781.000000	-5.002143
#[4, 4, 6, 4, 3]
781.000000	-3.721667
#[4, 7, 0, 4, 3]
781.000000	-4.584762
#[4, 2, 5, 4, 1]
781.000000	-4.117500
#[1, 6, 5, 3, 3]
781.000000	-4.568889
#[3, 6, 5, 4, 1]
791.000000	-4.942619
#[3, 0, 5, 4, 3]
791.000000	-6.477647
#[4, 6, 5, 7, 2]
791.000000	-5.998889
#[7, 6, 7, 4, 3]
791.000000	-7.637500
#[4, 2, 0, 4, 3]
791.000000	-4.513333
#[4, 6, 6, 4, 0]
791.000000	-1.500000
#[3, 6, 7, 4, 3]
791.000000	-7.637500
#[3, 6, 1, 4, 3]
791.000000	-5.493958
#[2, 6, 5, 1, 3]
791.000000	-4.513333
#[1, 2, 5, 3, 3]
791.000000	-7.637778
#[3, 6, 5, 4, 4]
801.000000	-6.819048
#[4, 6, 1, 4, 1]
801.000000	-2.610833
#[4, 6, 0, 4, 2]
801.000000	-3.006667
#[5, 6, 5, 7, 3]
801.000000	-6.804444
#[4, 6, 5, 7, 0]
801.000000	-5.707222
#[4, 4, 5, 4, 2]
801.000000	-4.513333
#[1, 0, 5, 4, 0]
801.000000	-3.006667
#[2, 6, 2, 4, 3]
801.000000	-1.500000
#[6, 5, 5, 4, 3]
801.000000	-5.530290
#[4, 6, 0, 4, 0]
801.000000	-3.608571
#[1, 6, 5, 0, 3]
811.000000	-4.513333
#[6, 6, 5, 4, 1]
811.000000	-4.889048
#[5, 3, 5, 4, 3]
811.000000	-6.544783
#[4, 7, 5, 7, 3]
811.000000	-6.951270
#[4, 1, 5, 1, 3]
811.000000	-3.006667
#[4, 3, 2, 4, 3]
811.000000	-4.572857
#[1, 6, 5, 4, 2]
811.000000	-1.500000
#[4, 6, 5, 0, 0]
811.000000	-5.310000
#[1, 6, 7, 4, 3]
811.000000	-5.467917
#[4, 7, 5, 2, 3]
811.000000	-6.895714
#[3, 6, 2, 4, 3]
821.000000	-6.908333
#[4, 7, 5, 4, 0]
821.000000	-4.291111
#[4, 1, 5, 4, 2]
821.000000	-4.513333
#[6, 6, 5, 4, 2]
821.000000	-1.500000
#[7, 1, 5, 4, 4]
821.000000	-7.771429
#[2, 6, 5, 4, 4]
821.000000	-4.314872
#[4, 6, 3, 7, 3]
821.000000	-7.533333
#[4, 7, 5, 4, 2]
821.000000	-4.555000
#[2, 6, 3, 4, 3]
821.000000	-7.200000
#[4, 3, 7, 4, 3]
821.000000	-7.771429
#[5, 6, 5, 4, 0]
831.000000	-4.436667
#[5, 6, 5, 0, 3]
831.000000	-4.513333
#[6, 6, 5, 3, 3]
831.000000	-4.568889
#[4, 6, 5, 7, 4]
831.000000	-6.819048
#[4, 6, 7, 4, 1]
831.000000	-4.655417
#[1, 4, 5, 4, 3]
831.000000	-3.006667
#[6, 6, 0, 4, 3]
831.000000	-5.228333
#[7, 6, 5, 4, 1]
831.000000	-4.942619
#[4, 1, 5, 7, 1]
831.000000	-5.365238
#[7, 6, 5, 5, 1]
831.000000	-3.062222
#[4, 4, 5, 0, 3]
841.000000	-3.006667
#[2, 4, 5, 4, 3]
841.000000	-3.006667
#[4, 6, 5, 3, 0]
841.000000	-5.707222
#[4, 6, 5, 3, 1]
841.000000	-2.351905
#[4, 6, 5, 5, 0]
841.000000	-4.436667
#[4, 4, 5, 7, 3]
841.000000	-3.062222
#[6, 6, 2, 3, 3]
841.000000	-6.103333
#[4, 4, 3, 4, 3]
841.000000	-4.555000
#[4, 6, 2, 4, 2]
841.000000	-5.228333
#[4, 3, 5, 4, 0]
841.000000	-4.291111
#[2, 7, 5, 2, 3]
851.000000	-7.568333
#[6, 6, 3, 4, 3]
851.000000	-5.467917
#[2, 1, 5, 3, 3]
851.000000	-7.637778
#[5, 6, 5, 3, 3]
851.000000	-6.804444
#[4, 6, 5, 6, 0]
851.000000	-3.457778
#[6, 4, 5, 4, 3]
851.000000	0.006667
#[4, 1, 3, 4, 3]
851.000000	-4.555000
#[4, 4, 5, 2, 3]
851.000000	-3.006667
#[4, 7, 0, 4, 2]
851.000000	-6.075556
#[4, 1, 5, 2, 3]
851.000000	-3.006667
#[0, 4, 5, 4, 3]
861.000000	-3.006667
#[6, 4, 5, 3, 3]
861.000000	-5.998889
#[6, 4, 5, 4, 4]
861.000000	-4.662857
#[5, 4, 5, 4, 3]
861.000000	-3.006667
#[6, 4, 6, 2, 3]
861.000000	-5.341429
#[6, 4, 7, 4, 3]
861.000000	-4.704524
#[6, 0, 5, 4, 3]
861.000000	-3.395686
#[6, 7, 5, 4, 3]
861.000000	-5.860000
#[6, 6, 5, 1, 3]
861.000000	-4.513333
#[6, 4, 5, 4, 0]
861.000000	-3.457778
#[6, 4, 0, 4, 3]
871.000000	-1.500000
#[6, 4, 2, 4, 3]
871.000000	-1.500000
#[6, 4, 6, 4, 3]
871.000000	-4.662857
#[3, 4, 5, 4, 3]
871.000000	-3.062222
#[6, 4, 5, 0, 3]
871.000000	-3.495476
#[6, 4, 5, 1, 3]
871.000000	-3.382381
#[6, 4, 5, 7, 3]
871.000000	-5.998889
#[7, 4, 5, 4, 3]
871.000000	-3.062222
#[6, 4, 5, 4, 2]
871.000000	-3.721667
#[6, 1, 5, 4, 3]
871.000000	-3.721667
#[6, 2, 5, 4, 3]
881.000000	-5.223636
#[6, 4, 1, 4, 3]
881.000000	-1.500000
#[6, 4, 5, 4, 1]
881.000000	-2.328095
#[6, 4, 3, 4, 3]
881.000000	-4.704524
#[6, 5, 5, 6, 3]
881.000000	-4.513333
#[7, 4, 5, 5, 3]
881.000000	-6.895714
#[2, 4, 5, 6, 3]
881.000000	-3.834762
#[6, 6, 2, 4, 3]
881.000000	-4.832500
#[6, 4, 5, 5, 0]
881.000000	-4.436667
#[6, 4, 5, 7, 2]
881.000000	-5.998889
#[7, 4, 5, 1, 3]
891.000000	-6.475079
#[7, 4, 3, 4, 3]
891.000000	-7.771429
#[6, 5, 5, 3, 3]
891.000000	-6.804444
#[6, 2, 6, 4, 3]
891.000000	-5.070000
#[6, 4, 3, 7, 3]
891.000000	-7.533333
#[6, 3, 5, 3, 3]
891.000000	-6.832222
#[6, 4, 6, 4, 2]
891.000000	-3.006667
#[1, 4, 2, 4, 3]
891.000000	-4.513333
#[6, 4, 5, 3, 2]
891.000000	0.006667
#[6, 1, 2, 4, 3]
891.000000	-4.832500
#[6, 4, 7, 4, 0]
901.000000	-3.742500
#[1, 4, 7, 4, 3]
901.000000	-4.555000
#[6, 4, 5, 0, 0]
901.000000	-5.310000
#[3, 4, 5, 7, 3]
901.000000	-6.951270
#[6, 6, 7, 4, 3]
901.000000	-5.467917
#[6, 3, 7, 4, 3]
901.000000	-7.637500
#[3, 4, 6, 4, 3]
901.000000	-6.938095
#[2, 4, 6, 4, 2]
901.000000	-3.006667
#[7, 5, 5, 4, 3]
901.000000	-6.544783
#[5, 4, 5, 4, 2]
901.000000	-4.513333
#[6, 3, 5, 4, 4]
911.000000	-6.819048
#[6, 0, 0, 4, 3]
911.000000	-4.753333
#[6, 5, 5, 4, 4]
911.000000	0.006667
#[4, 4, 5, 4, 1]
911.000000	-5.341429
#[6, 4, 5, 0, 2]
911.000000	-1.500000
#[5, 5, 5, 4, 3]
911.000000	-6.231212
#[0, 4, 5, 2, 3]
911.000000	-6.576667
#[6, 4, 5, 2, 4]
911.000000	0.006667
#[6, 3, 1, 4, 3]
911.000000	-5.493958
#[7, 4, 7, 4, 3]
911.000000	-7.771429
#[6, 4, 1, 4, 4]
921.000000	-3.006667
#[6, 4, 0, 4, 1]
921.000000	-2.554286
#[6, 7, 5, 3, 2]
921.000000	-3.062222
#[6, 4, 3, 4, 2]
921.000000	-4.634583
#[6, 0, 5, 4, 0]
921.000000	-3.457778
#[1, 4, 3, 4, 3]
921.000000	-4.555000
#[2, 2, 5, 4, 3]
921.000000	-3.006667
#[6, 2, 5, 4, 1]
921.000000	-3.325833
#[1, 4, 5, 4, 4]
921.000000	-5.567619
#[6, 1, 4, 4, 3]
921.000000	-4.832500
#[6, 1, 5, 4, 0]
931.000000	-3.721667
#[6, 7, 3, 4, 3]
931.000000	-7.637500
#[6, 1, 5, 3, 3]
931.000000	-4.568889
#[0, 4, 0, 4, 3]
931.000000	-4.513333
#[0, 4, 5, 3, 3]
931.000000	-6.654444
#[6, 5, 5, 4, 0]
931.000000	-4.436667
#[6, 2, 7, 4, 3]
931.000000	-7.200000
#[6, 0, 5, 4, 4]
931.000000	-2.373333
#[6, 1, 5, 4, 2]
931.000000	-1.500000
#[6, 4, 0, 4, 2]
931.000000	-3.006667
#[6, 1, 5, 4, 4]
941.000000	-4.662857
#[6, 4, 5, 2, 2]
941.000000	-5.943333
#[3, 4, 5, 4, 0]
941.000000	-4.291111
#[0, 4, 5, 4, 4]
941.000000	-5.386667
#[5, 4, 5, 4, 1]
941.000000	-3.006667
#[6, 4, 1, 4, 1]
941.000000	-2.610833
#[6, 3, 5, 4, 1]
941.000000	-4.942619
#[2, 5, 5, 4, 3]
941.000000	-3.006667
#[7, 4, 0, 4, 3]
941.000000	-4.584762
#[6, 0, 5, 2, 3]
941.000000	-4.513333
#[0, 3, 5, 4, 3]
951.000000	-6.477647
#[7, 4, 6, 4, 4]
951.000000	-5.270000
#[6, 4, 5, 1, 0]
951.000000	-1.236111
#[3, 2, 5, 4, 3]
951.000000	-6.284242
#[6, 2, 0, 4, 3]
951.000000	-1.500000
#[5, 4, 1, 4, 3]
951.000000	-3.006667
#[6, 6, 5, 0, 3]
951.000000	-4.513333
#[7, 3, 5, 4, 3]
951.000000	-6.832222
#[6, 1, 6, 4, 3]
951.000000	-5.426250
#[6, 4, 6, 6, 3]
951.000000	-5.341429
#[1, 4, 5, 4, 1]
961.000000	-5.341429
#[6, 2, 5, 4, 4]
961.000000	-4.314872
#[6, 4, 6, 3, 3]
961.000000	-5.383095
#[7, 4, 5, 5, 1]
961.000000	-3.062222
#[2, 7, 5, 4, 3]
961.000000	-6.284242
#[6, 5, 5, 2, 4]
961.000000	-3.006667
#[6, 4, 2, 2, 3]
961.000000	-7.533333
#[4, 4, 3, 1, 3]
961.000000	-4.555000
#[7, 4, 5, 4, 2]
961.000000	-4.555000
#[3, 4, 3, 4, 3]
961.000000	-7.771429
#[6, 4, 6, 4, 0]
971.000000	-1.500000
#[6, 4, 5, 3, 4]
971.000000	-6.819048
#[6, 4, 5, 6, 2]
971.000000	-3.721667
#[2, 4, 5, 1, 3]
971.000000	-3.006667
#[2, 4, 0, 4, 3]
971.000000	-4.513333
#[7, 4, 5, 3, 3]
971.000000	-6.951270
#[6, 3, 5, 0, 3]
971.000000	-4.575833
#[7, 3, 2, 4, 3]
971.000000	-7.950000
#[6, 7, 1, 4, 3]
971.000000	-5.493958
#[6, 2, 5, 4, 2]
971.000000	-3.721667
#[6, 4, 3, 4, 1]
981.000000	-4.655417
#[7, 4, 1, 4, 3]
981.000000	-4.590714
#[6, 0, 5, 4, 1]
981.000000	-3.513333
#[0, 5, 5, 4, 3]
981.000000	-6.042292
#[7, 4, 5, 4, 4]
981.000000	-5.615238
#[6, 3, 5, 4, 2]
981.000000	0.006667
#[6, 4, 1, 2, 3]
981.000000	-4.662857
#[6, 4, 5, 1, 2]
981.000000	-1.500000
#[6, 6, 2, 4, 2]
981.000000	-3.006667
#[0, 4, 5, 4, 2]
981.000000	-4.513333
#[3, 4, 5, 3, 3]
991.000000	-6.951270
#[6, 4, 6, 7, 3]
991.000000	-5.383095
#[4, 4, 0, 4, 3]
991.000000	-4.513333
#[6, 3, 5, 2, 3]
991.000000	-6.776667
#[6, 4, 2, 4, 4]
991.000000	-5.228333
#[6, 4, 5, 6, 4]
991.000000	-4.662857
#[1, 4, 4, 4, 4]
991.000000	-6.020000
#[6, 1, 5, 1, 3]
991.000000	-4.513333
#[6, 0, 3, 4, 3]
991.000000	-5.251884
#[6, 3, 2, 4, 3]
991.000000	-6.908333
#[6, 2, 2, 4, 3]
1001.000000	-1.500000
#[6, 4, 7, 4, 4]
1001.000000	-5.270000
#[2, 4, 3, 4, 3]
1001.000000	-4.583846
#[6, 4, 7, 1, 3]
1001.000000	-5.043810
#[6, 7, 5, 4, 4]
1001.000000	-6.819048
#[3, 4, 5, 4, 1]
1001.000000	-5.395000
#[2, 1, 5, 4, 3]
1001.000000	-3.006667
#[6, 4, 0, 4, 4]
1001.000000	-3.006667
#[6, 5, 5, 0, 3]
1001.000000	-4.513333
#[3, 5, 5, 4, 3]
1001.000000	-6.544783
#[6, 3, 5, 1, 3]
1011.000000	-4.582778
#[1, 4, 0, 4, 3]
1011.000000	-4.513333
#[6, 5, 1, 4, 3]
1011.000000	-3.633704
#[2, 4, 5, 4, 4]
1011.000000	-5.289231
#[6, 4, 6, 4, 1]
1011.000000	-2.610833
#[6, 4, 1, 0, 3]
1011.000000	-4.662857
#[6, 3, 5, 4, 0]
1011.000000	-5.985000
#[6, 4, 5, 7, 1]
1011.000000	-2.351905
#[0, 4, 0, 4, 0]
1011.000000	-4.513333
#[3, 4, 1, 4, 3]
1011.000000	-4.590714
#[2, 4, 5, 4, 0]
1021.000000	-3.006667
#[2, 4, 7, 4, 3]
1021.000000	-4.583846
#[1, 4, 5, 1, 3]
1021.000000	-3.006667
#[7, 4, 2, 4, 3]
1021.000000	-4.572857
#[7, 4, 5, 4, 0]
1021.000000	-4.291111
#[6, 4, 7, 2, 3]
1021.000000	-7.533333
#[6, 5, 0, 4, 3]
1021.000000	-3.382381
#[6, 5, 5, 7, 1]
1021.000000	-3.038718
#[0, 4, 2, 4, 3]
1021.000000	-4.513333
#[3, 2, 4, 7, 3]
1021.000000	-8.200000
#[6, 6, 5, 2, 3]
1031.000000	-4.513333
#[1, 7, 5, 4, 3]
1031.000000	-6.832222
#[6, 5, 5, 1, 3]
1031.000000	-4.513333
#[0, 4, 5, 6, 3]
1031.000000	-3.563333
#[0, 4, 7, 4, 3]
1031.000000	-4.574737
#[6, 7, 5, 1, 3]
1031.000000	-4.582778
#[6, 4, 3, 3, 3]
1031.000000	-7.533333
#[6, 1, 7, 4, 3]
1031.000000	-5.467917
#[2, 4, 5, 0, 3]
1031.000000	-6.101667
#[6, 0, 5, 0, 3]
1031.000000	-4.513333
#[6, 4, 6, 4, 4]
1041.000000	-3.006667
#[6, 4, 5, 6, 0]
1041.000000	-3.457778
#[6, 0, 5, 4, 2]
1041.000000	-1.500000
#[6, 3, 5, 7, 3]
1041.000000	-6.832222
#[7, 3, 5, 6, 3]
1041.000000	-4.596667
#[6, 5, 5, 7, 3]
1041.000000	-6.804444
#[5, 0, 5, 4, 3]
1041.000000	-6.042292
#[7, 0, 5, 4, 3]
1041.000000	-6.477647
#[6, 2, 5, 7, 3]
1041.000000	-6.818333
#[0, 0, 5, 4, 3]
1041.000000	-3.006667
#[7, 4, 5, 7, 3]
1051.000000	-6.951270
#[1, 2, 5, 4, 3]
1051.000000	-3.006667
#[6, 2, 5, 0, 3]
1051.000000	-4.513333
#[6, 3, 3, 4, 3]
1051.000000	-7.637500
#[5, 7, 5, 4, 3]
1051.000000	-6.544783
#[3, 4, 5, 1, 3]
1051.000000	-6.475079
#[6, 0, 5, 7, 3]
1051.000000	-4.587407
#[6, 0, 5, 5, 3]
1051.000000	-4.513333
#[6, 5, 4, 3, 3]
1051.000000	-6.941935
#[6, 4, 3, 4, 4]
1051.000000	-5.270000
#[1, 4, 5, 0, 3]
1061.000000	-3.006667
#[7, 4, 6, 4, 3]
1061.000000	-6.938095
#[7, 2, 5, 4, 3]
1061.000000	-6.284242
#[6, 3, 4, 4, 3]
1061.000000	-6.908333
#[6, 2, 5, 5, 3]
1061.000000	-6.735000
#[1, 4, 5, 4, 2]
1061.000000	-4.513333
#[7, 4, 5, 4, 1]
1061.000000	-5.395000
#[5, 4, 5, 4, 4]
1061.000000	-3.006667
#[6, 0, 5, 3, 3]
1061.000000	-4.587407
#[6, 1, 5, 7, 3]
1061.000000	-4.568889
#[6, 4, 7, 7, 3]
1071.000000	-7.533333
#[6, 4, 5, 0, 1]
1071.000000	-1.236111
#[3, 4, 5, 4, 2]
1071.000000	-3.006667
#[6, 0, 0, 3, 3]
1071.000000	-6.103333
#[6, 5, 2, 4, 3]
1071.000000	0.006667
#[6, 4, 2, 5, 2]
1071.000000	-5.943333
#[6, 0, 5, 6, 3]
1071.000000	-4.513333
#[6, 3, 5, 6, 3]
1071.000000	-4.555000
#[6, 4, 3, 2, 3]
1071.000000	-7.533333
#[6, 1, 5, 5, 3]
1071.000000	-4.513333
#[6, 4, 5, 1, 1]
1081.000000	-2.328095
#[1, 1, 5, 4, 3]
1081.000000	-6.832222
#[6, 2, 3, 4, 3]
1081.000000	-7.200000
#[2, 4, 5, 4, 2]
1081.000000	-4.513333
#[2, 4, 2, 4, 3]
1081.000000	-4.513333
#[6, 2, 5, 3, 3]
1081.000000	-6.818333
#[5, 1, 5, 4, 3]
1081.000000	-6.231212
#[6, 6, 5, 6, 3]
1081.000000	-4.513333
#[6, 4, 3, 4, 0]
1081.000000	-3.742500
#[6, 4, 6, 2, 4]
1081.000000	-5.228333
#[6, 4, 1, 4, 0]
1091.000000	-3.523750
#[6, 1, 5, 0, 3]
1091.000000	-4.513333
#[5, 4, 5, 1, 3]
1091.000000	-6.129608
#[6, 0, 5, 1, 3]
1091.000000	-4.513333
#[6, 4, 7, 4, 1]
1091.000000	-4.655417
#[6, 4, 5, 5, 4]
1091.000000	0.006667
#[1, 2, 5, 1, 3]
1091.000000	-7.526667
#[6, 1, 5, 6, 3]
1091.000000	-4.513333
#[5, 4, 5, 4, 0]
1091.000000	-3.006667
#[6, 2, 5, 6, 3]
1091.000000	-4.513333
#[4, 4, 2, 4, 3]
1101.000000	-4.513333
#[6, 1, 4, 4, 2]
1101.000000	-3.006667
#[2, 4, 5, 2, 3]
1101.000000	-6.848095
#[3, 4, 7, 4, 3]
1101.000000	-7.771429
#[6, 0, 1, 4, 3]
1101.000000	-5.020000
#[6, 4, 7, 3, 1]
1101.000000	-6.700000
#[0, 4, 3, 4, 3]
1101.000000	-4.574737
#[0, 4, 2, 3, 3]
1101.000000	-8.200000
#[5, 4, 2, 4, 3]
1101.000000	-3.006667
#[4, 4, 1, 4, 3]
1101.000000	-4.513333
#[6, 7, 5, 7, 3]
1111.000000	-6.832222
#[6, 3, 6, 4, 3]
1111.000000	-5.473125
#[6, 7, 5, 3, 3]
1111.000000	-6.832222
#[2, 4, 6, 4, 3]
1111.000000	-1.500000
#[6, 4, 4, 4, 1]
1111.000000	-4.634583
#[1, 4, 5, 7, 3]
1111.000000	-3.062222
#[2, 3, 5, 4, 3]
1111.000000	-6.284242
#[6, 4, 5, 1, 4]
1111.000000	-2.554286
#[6, 4, 0, 7, 3]
1111.000000	-5.170794
#[6, 4, 1, 1, 3]
1111.000000	-4.662857
#[6, 1, 3, 4, 3]
1121.000000	-5.467917
#[1, 0, 5, 4, 3]
1121.000000	-3.006667
#[6, 4, 5, 7, 4]
1121.000000	-6.819048
#[0, 4, 5, 5, 3]
1121.000000	-6.576667
#[6, 4, 3, 0, 1]
1121.000000	-2.578095
#[3, 1, 5, 4, 3]
1121.000000	-6.832222
#[5, 4, 7, 4, 3]
1121.000000	-3.062222
#[6, 4, 7, 4, 2]
1121.000000	-5.270000
#[6, 0, 4, 4, 3]
1121.000000	-1.500000
#[3, 4, 4, 4, 3]
1121.000000	-4.572857
#[6, 4, 2, 4, 2]
1131.000000	-5.228333
#[6, 1, 1, 4, 3]
1131.000000	-5.426250
#[2, 4, 1, 4, 3]
1131.000000	-4.513333
#[6, 4, 1, 3, 3]
1131.000000	-5.043810
#[0, 2, 5, 4, 3]
1131.000000	-3.006667
#[6, 4, 5, 2, 0]
1131.000000	-4.436667
#[6, 4, 0, 3, 3]
1131.000000	-5.170794
#[6, 4, 0, 5, 4]
1131.000000	-2.373333
#[2, 4, 5, 7, 3]
1131.000000	-6.935397
#[6, 4, 5, 6, 1]
1131.000000	-2.328095
#[6, 4, 0, 2, 3]
1141.000000	-4.662857
#[6, 4, 0, 4, 0]
1141.000000	-3.608571
#[6, 4, 5, 0, 4]
1141.000000	-2.373333
#[6, 0, 6, 4, 3]
1141.000000	-5.193913
#[6, 0, 2, 4, 3]
1141.000000	-1.500000
#[1, 4, 5, 4, 0]
1141.000000	-4.249444
#[4, 4, 5, 3, 3]
1141.000000	-3.062222
#[6, 7, 5, 4, 2]
1141.000000	-3.763333
#[6, 7, 5, 0, 3]
1141.000000	-4.575833
#[6, 4, 2, 4, 1]
1141.000000	-1.500000
#[6, 4, 6, 1, 0]
1151.000000	-3.523750
#[5, 4, 0, 7, 3]
1151.000000	-6.605614
#[6, 5, 5, 4, 2]
1151.000000	-3.721667
#[0, 4, 5, 4, 1]
1151.000000	-4.180000
#[3, 4, 5, 0, 3]
1151.000000	-6.580238
#[6, 4, 5, 3, 0]
1151.000000	-5.707222
#[6, 5, 3, 4, 3]
1151.000000	-6.941935
#[3, 7, 5, 4, 3]
1151.000000	-6.832222
#[6, 2, 1, 4, 3]
1151.000000	-4.724545
#[2, 3, 5, 6, 3]
1151.000000	-4.555000
#[6, 4, 0, 1, 3]
1161.000000	-4.662857
#[2, 4, 4, 4, 3]
1161.000000	-4.513333
#[6, 4, 2, 4, 0]
1161.000000	-3.721667
#[6, 0, 7, 4, 3]
1161.000000	-5.251884
#[6, 5, 7, 4, 3]
1161.000000	-6.941935
#[6, 4, 7, 3, 3]
1161.000000	-7.533333
#[4, 4, 0, 4, 2]
1161.000000	-6.020000
#[3, 4, 0, 4, 3]
1161.000000	-4.584762
#[2, 4, 5, 7, 0]
1161.000000	-5.283889
#[6, 7, 5, 4, 1]
1161.000000	-4.942619
#[1, 1, 0, 4, 3]
1171.000000	-8.366667
#[6, 4, 1, 4, 2]
1171.000000	-3.006667
#[1, 3, 5, 4, 3]
1171.000000	-6.832222
#[6, 6, 7, 0, 3]
1171.000000	-6.075556
#[6, 7, 0, 4, 3]
1171.000000	-5.290833
#[0, 4, 5, 0, 3]
1171.000000	-3.006667
#[6, 5, 5, 2, 3]
1171.000000	-6.735000
#[6, 3, 0, 4, 3]
1171.000000	-5.290833
#[6, 6, 6, 4, 3]
1171.000000	-5.426250
#[4, 4, 7, 4, 3]
1171.000000	-4.555000
#[0, 4, 5, 7, 3]
1181.000000	-6.654444
#[6, 2, 4, 4, 3]
1181.000000	-1.500000
#[7, 4, 1, 2, 3]
1181.000000	-7.771429
#[6, 4, 5, 7, 0]
1181.000000	-5.707222
#[1, 3, 5, 2, 3]
1181.000000	-7.610000
#[6, 4, 2, 1, 3]
1181.000000	-4.662857
#[2, 0, 5, 4, 3]
1181.000000	-3.006667
#[0, 4, 5, 4, 0]
1181.000000	-4.161481
#[7, 4, 5, 0, 3]
1181.000000	-6.580238
#[6, 7, 6, 4, 3]
1181.000000	-5.473125
#[1, 7, 6, 4, 3]
1191.000000	-7.741667
#[2, 7, 5, 4, 4]
1191.000000	-5.340513
#[1, 4, 5, 3, 3]
1191.000000	-3.062222
#[6, 2, 5, 1, 3]
1191.000000	-4.513333
#[5, 4, 5, 2, 0]
1191.000000	-5.228333
#[5, 4, 5, 0, 3]
1191.000000	-6.339167
#[6, 1, 5, 2, 3]
1191.000000	-4.513333
#[3, 4, 5, 6, 3]
1191.000000	-3.882381
#[7, 4, 5, 2, 3]
1191.000000	-6.895714
#[3, 4, 5, 5, 3]
1191.000000	-6.895714
#[5, 5, 1, 4, 3]
1201.000000	-6.231212
#[6, 2, 5, 4, 0]
1201.000000	-2.215000
#[6, 4, 4, 0, 2]
1201.000000	-3.006667
#[6, 5, 4, 4, 3]
1201.000000	0.006667
#[6, 4, 5, 2, 1]
1201.000000	-1.183333
#[0, 4, 5, 1, 3]
1201.000000	-3.006667
#[6, 2, 5, 0, 2]
1201.000000	-4.513333
#[6, 3, 5, 3, 2]
1201.000000	-3.006667
#[6, 6, 1, 4, 3]
1201.000000	-5.426250
#[6, 4, 5, 5, 2]
1201.000000	-5.943333
#[3, 4, 5, 6, 4]
1211.000000	-6.819048
#[6, 4, 6, 0, 3]
1211.000000	-5.115238
#[6, 5, 5, 4, 1]
1211.000000	-2.397692
#[1, 4, 6, 4, 3]
1211.000000	-3.721667
#[6, 1, 5, 4, 1]
1211.000000	-4.889048
#[6, 2, 5, 1, 1]
1211.000000	-4.038333
#[3, 4, 5, 2, 3]
1211.000000	-6.895714
#[1, 4, 5, 6, 3]
1211.000000	0.006667
#[6, 4, 3, 1, 4]
1211.000000	-3.048333
#[6, 4, 4, 4, 4]
1211.000000	-5.228333
#[5, 7, 2, 4, 3]
1221.000000	-3.062222
#[6, 4, 6, 1, 3]
1221.000000	-5.002143
#[2, 4, 5, 0, 0]
1221.000000	-3.006667
#[2, 1, 5, 6, 3]
1221.000000	-4.513333
#[6, 5, 6, 4, 3]
1221.000000	-4.794194
#[2, 4, 5, 3, 3]
1221.000000	-6.935397
#[6, 3, 0, 1, 3]
1221.000000	-6.103333
#[6, 4, 3, 1, 3]
1221.000000	-5.043810
#[3, 4, 5, 4, 4]
1221.000000	-5.615238
#[6, 5, 5, 5, 3]
1221.000000	-6.735000
#[3, 4, 2, 4, 3]
1231.000000	-4.572857
#[3, 7, 5, 6, 3]
1231.000000	-4.596667
#[1, 4, 4, 1, 3]
1231.000000	-4.513333
#[6, 0, 3, 4, 4]
1231.000000	-3.062222
#[6, 7, 7, 4, 3]
1231.000000	-7.637500
#[0, 4, 0, 0, 3]
1231.000000	-4.513333
#[6, 7, 7, 4, 2]
1231.000000	-7.533333
#[6, 0, 5, 2, 4]
1231.000000	-3.006667
#[5, 7, 5, 4, 2]
1231.000000	-4.555000
#[6, 4, 6, 3, 1]
1231.000000	-4.655417
#[0, 7, 3, 4, 3]
1241.000000	-8.330435
#[7, 4, 2, 6, 4]
1241.000000	-5.270000
#[6, 7, 5, 7, 2]
1241.000000	-6.832222
#[5, 2, 5, 4, 3]
1241.000000	-3.006667
#[6, 6, 5, 7, 3]
1241.000000	-4.568889
#[5, 4, 6, 4, 3]
1241.000000	0.006667
#[0, 4, 1, 4, 3]
1241.000000	-4.513333
#[6, 4, 5, 3, 1]
1241.000000	-2.351905
#[6, 1, 0, 4, 3]
1241.000000	-5.228333
#[0, 4, 6, 4, 3]
1241.000000	-1.500000
#[6, 0, 0, 4, 3]
1251.000000	-4.753333
#[2, 4, 6, 4, 3]
1251.000000	-1.500000
#[5, 4, 1, 4, 3]
1251.000000	-3.006667
#[5, 6, 6, 4, 3]
1251.000000	-4.794194
#[4, 4, 6, 4, 3]
1251.000000	-3.721667
#[5, 3, 6, 4, 3]
1251.000000	-4.842581
#[5, 2, 6, 4, 3]
1251.000000	-4.382069
#[5, 4, 6, 4, 0]
1251.000000	-3.523750
#[5, 4, 6, 4, 2]
1251.000000	-4.634583
#[5, 7, 6, 4, 3]
1251.000000	-4.842581
#[5, 0, 6, 4, 3]
1261.000000	-3.433788
#[1, 4, 6, 4, 3]
1261.000000	-3.721667
#[5, 4, 6, 1, 3]
1261.000000	-3.325833
#[6, 4, 6, 4, 3]
1261.000000	-4.662857
#[5, 4, 6, 5, 3]
1261.000000	-3.834762
#[5, 4, 6, 4, 4]
1261.000000	-4.662857
#[5, 4, 4, 4, 0]
1261.000000	-4.117500
#[5, 4, 6, 4, 1]
1261.000000	-2.478889
#[5, 4, 5, 4, 0]
1261.000000	-3.006667
#[5, 4, 7, 4, 3]
1261.000000	-3.062222
#[5, 4, 6, 3, 3]
1271.000000	-4.942619
#[0, 4, 6, 0, 3]
1271.000000	-4.558462
#[5, 4, 2, 4, 3]
1271.000000	-3.006667
#[0, 4, 6, 4, 3]
1271.000000	-1.500000
#[5, 1, 6, 4, 3]
1271.000000	-3.563333
#[5, 4, 5, 4, 3]
1271.000000	-3.006667
#[5, 4, 3, 4, 3]
1271.000000	-3.062222
#[7, 4, 6, 4, 3]
1271.000000	-6.938095
#[5, 4, 0, 4, 3]
1271.000000	-3.006667
#[5, 4, 6, 6, 3]
1271.000000	-4.889048
#[4, 4, 6, 3, 3]
1281.000000	-3.763333
#[5, 4, 6, 0, 2]
1281.000000	-1.500000
#[0, 4, 1, 4, 3]
1281.000000	-4.513333
#[5, 4, 6, 0, 3]
1281.000000	-3.513333
#[5, 4, 6, 2, 3]
1281.000000	-4.889048
#[3, 4, 6, 6, 3]
1281.000000	-5.389048
#[5, 5, 6, 4, 3]
1281.000000	-3.563333
#[5, 4, 4, 4, 3]
1281.000000	-3.006667
#[5, 6, 6, 4, 2]
1281.000000	-4.634583
#[1, 4, 6, 1, 3]
1281.000000	-3.721667
#[5, 4, 0, 4, 0]
1291.000000	-4.026154
#[3, 4, 6, 4, 3]
1291.000000	-6.938095
#[2, 4, 6, 4, 2]
1291.000000	-3.006667
#[5, 4, 6, 5, 1]
1291.000000	-2.397692
#[1, 4, 7, 4, 3]
1291.000000	-4.555000
#[5, 2, 1, 4, 3]
1291.000000	-3.006667
#[5, 4, 6, 0, 4]
1291.000000	-2.373333
#[6, 4, 6, 1, 3]
1291.000000	-5.002143
#[5, 2, 7, 4, 2]
1291.000000	-5.697083
#[5, 4, 6, 7, 3]
1291.000000	-4.942619
#[0, 6, 6, 4, 3]
1301.000000	-5.193913
#[5, 4, 6, 0, 1]
1301.000000	-2.373333
#[3, 4, 4, 4, 3]
1301.000000	-4.572857
#[5, 4, 2, 4, 2]
1301.000000	-5.624167
#[5, 2, 6, 4, 4]
1301.000000	-2.554286
#[5, 4, 5, 4, 1]
1301.000000	-3.006667
#[5, 7, 6, 4, 4]
1301.000000	-6.819048
#[5, 4, 7, 4, 4]
1301.000000	-5.615238
#[5, 3, 6, 2, 3]
1301.000000	-5.665833
#[5, 4, 0, 4, 2]
1301.000000	-4.513333
#[5, 5, 6, 3, 3]
1311.000000	-4.575833
#[5, 4, 4, 4, 1]
1311.000000	-3.006667
#[5, 0, 6, 4, 1]
1311.000000	-4.436667
#[5, 4, 2, 7, 3]
1311.000000	-8.009524
#[5, 4, 5, 4, 2]
1311.000000	-4.513333
#[5, 1, 2, 4, 3]
1311.000000	-3.006667
#[5, 7, 4, 4, 3]
1311.000000	-3.062222
#[5, 4, 2, 4, 4]
1311.000000	-5.567619
#[5, 4, 3, 4, 1]
1311.000000	-3.034444
#[5, 5, 1, 4, 3]
1311.000000	-6.231212
#[5, 4, 3, 3, 3]
1321.000000	-8.009524
#[4, 4, 6, 4, 2]
1321.000000	-5.228333
#[0, 4, 6, 5, 3]
1321.000000	-3.563333
#[7, 2, 6, 4, 3]
1321.000000	-5.120000
#[5, 0, 6, 1, 3]
1321.000000	-4.513333
#[2, 4, 5, 4, 3]
1321.000000	-3.006667
#[5, 4, 1, 4, 2]
1321.000000	-4.513333
#[5, 2, 6, 4, 2]
1321.000000	-2.610833
#[7, 4, 6, 4, 1]
1321.000000	-5.280417
#[1, 4, 5, 4, 3]
1321.000000	-3.006667
#[5, 4, 6, 5, 0]
1331.000000	-4.436667
#[5, 4, 6, 3, 1]
1331.000000	-2.506667
#[3, 4, 7, 4, 4]
1331.000000	-6.103333
#[5, 4, 6, 7, 4]
1331.000000	-6.819048
#[0, 4, 2, 4, 3]
1331.000000	-4.513333
#[3, 4, 6, 2, 3]
1331.000000	-5.389048
#[5, 1, 4, 4, 3]
1331.000000	-3.006667
#[3, 4, 3, 4, 3]
1331.000000	-7.771429
#[5, 2, 0, 4, 3]
1331.000000	-3.006667
#[4, 1, 6, 4, 3]
1331.000000	-3.721667
#[3, 3, 6, 4, 3]
1341.000000	-7.741667
#[5, 4, 6, 6, 4]
1341.000000	-4.662857
#[5, 1, 6, 6, 3]
1341.000000	-4.513333
#[5, 0, 5, 4, 3]
1341.000000	-6.042292
#[0, 4, 0, 4, 3]
1341.000000	-4.513333
#[1, 4, 1, 4, 3]
1341.000000	-4.513333
#[7, 4, 5, 4, 3]
1341.000000	-3.062222
#[6, 4, 6, 4, 0]
1341.000000	-1.500000
#[3, 4, 2, 4, 3]
1341.000000	-4.572857
#[2, 4, 6, 1, 3]
1341.000000	-4.595000
#[5, 4, 4, 7, 3]
1351.000000	-3.062222
#[3, 4, 6, 4, 0]
1351.000000	-4.159167
#[5, 7, 6, 1, 3]
1351.000000	-4.584762
#[2, 4, 6, 2, 3]
1351.000000	-5.341429
#[5, 6, 6, 4, 1]
1351.000000	-2.478889
#[5, 4, 1, 4, 0]
1351.000000	-3.006667
#[5, 0, 6, 4, 4]
1351.000000	-2.373333
#[7, 4, 3, 5, 3]
1351.000000	-6.951270
#[2, 4, 3, 4, 3]
1351.000000	-4.583846
#[5, 3, 4, 4, 3]
1351.000000	-3.062222
#[5, 4, 1, 4, 4]
1361.000000	-5.289231
#[5, 4, 0, 1, 3]
1361.000000	-3.006667
#[5, 4, 5, 4, 4]
1361.000000	-3.006667
#[4, 4, 6, 2, 3]
1361.000000	-1.500000
#[5, 4, 6, 3, 4]
1361.000000	-6.819048
#[5, 4, 4, 4, 4]
1361.000000	-5.567619
#[5, 1, 3, 4, 3]
1361.000000	-6.643333
#[7, 4, 3, 4, 3]
1361.000000	-7.771429
#[5, 6, 4, 4, 3]
1361.000000	0.006667
#[7, 4, 6, 4, 0]
1361.000000	-4.159167
#[5, 3, 6, 4, 1]
1371.000000	-5.020000
#[5, 4, 6, 2, 0]
1371.000000	-3.325833
#[7, 4, 7, 4, 3]
1371.000000	-7.771429
#[2, 4, 6, 4, 0]
1371.000000	-3.721667
#[5, 4, 6, 6, 1]
1371.000000	0.006667
#[5, 5, 3, 4, 3]
1371.000000	-6.643333
#[6, 4, 5, 4, 3]
1371.000000	0.006667
#[5, 0, 7, 4, 3]
1371.000000	-6.522879
#[5, 7, 6, 3, 3]
1371.000000	-7.741667
#[6, 4, 6, 2, 3]
1371.000000	-5.341429
#[6, 4, 5, 4, 2]
1381.000000	-3.721667
#[6, 1, 5, 4, 3]
1381.000000	-3.721667
#[6, 3, 5, 4, 3]
1381.000000	-5.860000
#[6, 6, 5, 4, 3]
1381.000000	-3.721667
#[6, 4, 5, 6, 3]
1381.000000	-3.834762
#[6, 4, 4, 4, 3]
1381.000000	-1.500000
#[0, 4, 5, 4, 3]
1381.000000	-3.006667
#[4, 4, 5, 4, 3]
1381.000000	-3.006667
#[6, 4, 5, 4, 0]
1381.000000	-3.457778
#[6, 4, 2, 4, 3]
1381.000000	-1.500000
#[6, 5, 5, 4, 3]
1391.000000	-5.530290
#[6, 7, 5, 4, 3]
1391.000000	-5.860000
#[6, 4, 5, 2, 3]
1391.000000	-5.943333
#[6, 4, 0, 4, 1]
1391.000000	-2.554286
#[3, 4, 5, 4, 3]
1391.000000	-3.062222
#[6, 4, 5, 1, 3]
1391.000000	-3.382381
#[6, 4, 5, 0, 3]
1391.000000	-3.495476
#[6, 0, 5, 4, 3]
1391.000000	-3.395686
#[6, 4, 0, 4, 3]
1391.000000	-1.500000
#[6, 4, 5, 5, 3]
1391.000000	-5.943333
#[6, 7, 5, 4, 2]
1401.000000	-3.763333
#[6, 4, 1, 4, 3]
1401.000000	-1.500000
#[6, 7, 7, 4, 3]
1401.000000	-7.637500
#[6, 4, 3, 4, 3]
1401.000000	-4.704524
#[4, 4, 7, 4, 3]
1401.000000	-4.555000
#[6, 4, 5, 7, 3]
1401.000000	-5.998889
#[6, 4, 5, 4, 4]
1401.000000	-4.662857
#[6, 4, 5, 3, 2]
1401.000000	0.006667
#[6, 4, 7, 4, 1]
1401.000000	-4.655417
#[6, 4, 5, 4, 1]
1401.000000	-2.328095
#[6, 2, 1, 4, 3]
1411.000000	-4.724545
#[6, 2, 5, 4, 3]
1411.000000	-5.223636
#[6, 4, 5, 7, 0]
1411.000000	-5.707222
#[6, 4, 5, 6, 2]
1411.000000	-3.721667
#[6, 4, 7, 4, 3]
1411.000000	-4.704524
#[6, 4, 5, 3, 3]
1411.000000	-5.998889
#[6, 7, 5, 4, 4]
1411.000000	-6.819048
#[6, 6, 5, 1, 3]
1411.000000	-4.513333
#[3, 4, 5, 6, 3]
1411.000000	-3.882381
#[6, 3, 5, 4, 4]
1411.000000	-6.819048
#[6, 3, 5, 1, 3]
1421.000000	-4.582778
#[6, 4, 5, 7, 2]
1421.000000	-5.998889
#[6, 1, 6, 1, 3]
1421.000000	-6.020000
#[6, 4, 5, 5, 1]
1421.000000	0.006667
#[3, 4, 5, 2, 3]
1421.000000	-6.895714
#[4, 4, 4, 4, 3]
1421.000000	-4.513333
#[6, 4, 5, 3, 1]
1421.000000	-2.351905
#[6, 5, 7, 4, 3]
1421.000000	-6.941935
#[6, 1, 5, 4, 0]
1421.000000	-3.721667
#[6, 4, 1, 4, 1]
1421.000000	-2.610833
#[6, 1, 1, 4, 3]
1431.000000	-5.426250
#[6, 3, 5, 0, 3]
1431.000000	-4.575833
#[6, 6, 3, 4, 3]
1431.000000	-5.467917
#[6, 7, 5, 3, 3]
1431.000000	-6.832222
#[6, 5, 5, 4, 2]
1431.000000	-3.721667
#[6, 7, 5, 2, 3]
1431.000000	-6.776667
#[7, 4, 1, 4, 3]
1431.000000	-4.590714
#[4, 4, 5, 7, 3]
1431.000000	-3.062222
#[2, 7, 5, 4, 3]
1431.000000	-6.284242
#[1, 1, 5, 4, 3]
1431.000000	-6.832222
#[6, 4, 6, 0, 3]
1441.000000	-5.115238
#[2, 7, 7, 4, 3]
1441.000000	-8.200000
#[6, 7, 5, 1, 3]
1441.000000	-4.582778
#[0, 4, 5, 4, 4]
1441.000000	-5.386667
#[6, 4, 3, 4, 1]
1441.000000	-4.655417
#[6, 1, 5, 4, 2]
1441.000000	-1.500000
#[6, 4, 3, 4, 0]
1441.000000	-3.742500
#[1, 4, 5, 1, 4]
1441.000000	-5.567619
#[6, 4, 2, 5, 3]
1441.000000	-5.943333
#[1, 5, 5, 4, 3]
1441.000000	-6.231212
#[2, 1, 5, 4, 3]
1451.000000	-3.006667
#[0, 4, 3, 4, 3]
1451.000000	-4.574737
#[6, 4, 7, 4, 2]
1451.000000	-5.270000
#[6, 3, 5, 7, 3]
1451.000000	-6.832222
#[0, 4, 5, 4, 0]
1451.000000	-4.161481
#[0, 4, 5, 4, 2]
1451.000000	-4.513333
#[7, 4, 5, 4, 2]
1451.000000	-4.555000
#[6, 4, 5, 6, 4]
1451.000000	-4.662857
#[6, 4, 5, 7, 4]
1451.000000	-6.819048
#[6, 4, 6, 4, 2]
1451.000000	-3.006667
#[3, 4, 5, 0, 3]
1461.000000	-6.580238
#[3, 6, 5, 4, 3]
1461.000000	-5.860000
#[6, 4, 5, 1, 0]
1461.000000	-1.236111
#[6, 6, 0, 4, 3]
1461.000000	-5.228333
#[6, 2, 5, 4, 4]
1461.000000	-4.314872
#[1, 7, 5, 4, 1]
1461.000000	-8.009524
#[6, 4, 7, 2, 3]
1461.000000	-7.533333
#[6, 5, 5, 3, 3]
1461.000000	-6.804444
#[6, 1, 7, 4, 3]
1461.000000	-5.467917
#[2, 4, 5, 4, 0]
1461.000000	-3.006667
#[6, 1, 5, 2, 3]
1471.000000	-4.513333
#[6, 3, 5, 4, 2]
1471.000000	0.006667
#[6, 1, 6, 4, 0]
1471.000000	-4.117500
#[1, 4, 5, 0, 3]
1471.000000	-3.006667
#[4, 4, 1, 4, 3]
1471.000000	-4.513333
#[4, 4, 5, 4, 2]
1471.000000	-4.513333
#[1, 4, 5, 4, 1]
1471.000000	-5.341429
#[6, 3, 5, 4, 1]
1471.000000	-4.942619
#[6, 7, 6, 4, 0]
1471.000000	-4.159167
#[6, 5, 0, 4, 3]
1471.000000	-3.382381
#[6, 4, 7, 4, 0]
1481.000000	-3.742500
#[6, 4, 0, 4, 0]
1481.000000	-3.608571
#[6, 2, 4, 4, 3]
1481.000000	-1.500000
#[0, 2, 5, 4, 3]
1481.000000	-3.006667
#[6, 4, 5, 1, 1]
1481.000000	-2.328095
#[6, 1, 5, 3, 3]
1481.000000	-4.568889
#[6, 6, 5, 4, 0]
1481.000000	-3.721667
#[2, 4, 7, 4, 4]
1481.000000	-6.082500
#[6, 2, 5, 3, 3]
1481.000000	-6.818333
#[6, 2, 5, 7, 3]
1481.000000	-6.818333
#[6, 4, 5, 5, 2]
1491.000000	-5.943333
#[1, 2, 5, 4, 3]
1491.000000	-3.006667
#[6, 4, 5, 0, 4]
1491.000000	-2.373333
#[4, 4, 5, 4, 4]
1491.000000	-5.567619
#[6, 1, 5, 4, 4]
1491.000000	-4.662857
#[4, 0, 5, 4, 3]
1491.000000	-3.006667
#[6, 4, 5, 2, 4]
1491.000000	0.006667
#[6, 7, 5, 4, 0]
1491.000000	-5.985000
#[6, 4, 1, 4, 2]
1491.000000	-3.006667
#[2, 4, 5, 4, 2]
1491.000000	-4.513333
#[2, 4, 5, 3, 3]
1501.000000	-6.935397
#[1, 4, 5, 4, 4]
1501.000000	-5.567619
#[6, 4, 0, 0, 3]
1501.000000	-4.662857
#[6, 0, 7, 4, 3]
1501.000000	-5.251884
#[6, 4, 2, 4, 0]
1501.000000	-3.721667
#[1, 4, 5, 5, 3]
1501.000000	-3.006667
#[4, 4, 3, 4, 3]
1501.000000	-4.555000
#[2, 4, 5, 4, 1]
1501.000000	-4.117500
#[6, 1, 3, 4, 3]
1501.000000	-5.467917
#[6, 4, 5, 6, 1]
1501.000000	-2.328095
#[1, 4, 5, 4, 2]
1511.000000	-4.513333
#[6, 5, 5, 4, 1]
1511.000000	-2.397692
#[4, 3, 5, 4, 3]
1511.000000	-3.062222
#[5, 3, 5, 4, 3]
1511.000000	-6.544783
#[0, 4, 4, 4, 3]
1511.000000	-4.513333
#[6, 4, 7, 7, 3]
1511.000000	-7.533333
#[6, 4, 3, 6, 3]
1511.000000	-5.383095
#[6, 4, 0, 1, 3]
1511.000000	-4.662857
#[6, 4, 5, 0, 2]
1511.000000	-1.500000
#[6, 6, 0, 2, 3]
1511.000000	-6.020000
#[6, 4, 0, 3, 3]
1521.000000	-5.170794
#[6, 0, 5, 0, 3]
1521.000000	-4.513333
#[5, 4, 5, 0, 3]
1521.000000	-6.339167
#[2, 4, 7, 4, 3]
1521.000000	-4.583846
#[6, 5, 5, 2, 3]
1521.000000	-6.735000
#[6, 4, 3, 3, 3]
1521.000000	-7.533333
#[6, 4, 5, 3, 0]
1521.000000	-5.707222
#[6, 6, 5, 4, 1]
1521.000000	-4.889048
#[6, 6, 5, 0, 3]
1521.000000	-4.513333
#[5, 4, 5, 2, 3]
1521.000000	-6.848095
#[1, 4, 2, 4, 3]
1531.000000	-4.513333
#[6, 2, 5, 4, 0]
1531.000000	-2.215000
#[6, 3, 5, 3, 3]
1531.000000	-6.832222
#[3, 4, 5, 4, 1]
1531.000000	-5.395000
#[3, 4, 5, 7, 3]
1531.000000	-6.951270
#[6, 3, 3, 4, 3]
1531.000000	-7.637500
#[6, 4, 5, 1, 2]
1531.000000	-1.500000
#[4, 4, 5, 4, 1]
1531.000000	-5.341429
#[6, 6, 5, 5, 3]
1531.000000	-4.513333
#[4, 4, 5, 1, 3]
1531.000000	-3.006667
#[6, 6, 1, 3, 3]
1541.000000	-6.061667
#[4, 1, 5, 4, 3]
1541.000000	-3.006667
#[6, 1, 5, 4, 1]
1541.000000	-4.889048
#[6, 5, 1, 4, 3]
1541.000000	-3.633704
#[6, 1, 5, 0, 3]
1541.000000	-4.513333
#[6, 4, 2, 1, 3]
1541.000000	-4.662857
#[6, 4, 5, 3, 4]
1541.000000	-6.819048
#[6, 3, 0, 4, 3]
1541.000000	-5.290833
#[6, 4, 3, 7, 3]
1541.000000	-7.533333
#[1, 4, 5, 6, 3]
1541.000000	0.006667
#[4, 4, 5, 6, 3]
1551.000000	0.006667
#[6, 4, 5, 2, 2]
1551.000000	-5.943333
#[6, 4, 5, 0, 1]
1551.000000	-1.236111
#[6, 5, 6, 4, 0]
1551.000000	-3.523750
#[2, 4, 5, 4, 4]
1551.000000	-5.289231
#[1, 4, 0, 4, 3]
1551.000000	-4.513333
#[1, 4, 5, 2, 3]
1551.000000	-3.006667
#[1, 4, 5, 3, 3]
1551.000000	-3.062222
#[6, 7, 4, 4, 3]
1551.000000	-6.908333
#[0, 4, 5, 3, 3]
1551.000000	-6.654444
#[3, 5, 5, 4, 3]
1561.000000	-6.544783
#[6, 7, 1, 4, 3]
1561.000000	-5.493958
#[1, 4, 5, 4, 0]
1561.000000	-4.249444
#[6, 4, 1, 4, 0]
1561.000000	-3.523750
#[6, 4, 4, 4, 0]
1561.000000	-3.721667
#[6, 6, 5, 6, 3]
1561.000000	-4.513333
#[6, 1, 5, 6, 3]
1561.000000	-4.513333
#[6, 4, 3, 2, 3]
1561.000000	-7.533333
#[6, 6, 5, 4, 4]
1561.000000	-4.662857
#[7, 4, 5, 6, 3]
1561.000000	-3.882381
#[4, 4, 5, 5, 3]
1571.000000	-3.006667
#[6, 0, 5, 5, 3]
1571.000000	-4.513333
#[6, 4, 0, 4, 2]
1571.000000	-3.006667
#[6, 0, 5, 3, 2]
1571.000000	-3.006667
#[6, 4, 1, 2, 3]
1571.000000	-4.662857
#[2, 5, 5, 4, 3]
1571.000000	-3.006667
#[3, 4, 5, 4, 0]
1571.000000	-4.291111
#[5, 2, 5, 4, 3]
1571.000000	-3.006667
#[7, 4, 2, 4, 3]
1571.000000	-4.572857
#[6, 6, 4, 4, 3]
1571.000000	-4.832500
#[6, 5, 4, 4, 3]
1581.000000	0.006667
#[6, 4, 4, 4, 4]
1581.000000	-5.228333
#[6, 5, 3, 4, 1]
1581.000000	-2.506667
#[3, 4, 7, 4, 3]
1581.000000	-7.771429
#[6, 5, 5, 4, 0]
1581.000000	-4.436667
#[0, 0, 5, 4, 3]
1581.000000	-3.006667
#[6, 6, 5, 2, 3]
1581.000000	-4.513333
#[6, 4, 2, 3, 3]
1581.000000	-7.533333
#[4, 4, 5, 0, 3]
1581.000000	-3.006667
#[5, 4, 5, 6, 3]
1581.000000	-3.834762
#[6, 3, 6, 4, 3]
1591.000000	-5.473125
#[6, 4, 4, 6, 3]
1591.000000	-4.662857
#[0, 4, 4, 4, 4]
1591.000000	-6.020000
#[6, 2, 5, 5, 3]
1591.000000	-6.735000
#[7, 4, 5, 4, 1]
1591.000000	-5.395000
#[6, 7, 5, 5, 3]
1591.000000	-6.776667
#[6, 7, 5, 4, 1]
1591.000000	-4.942619
#[6, 0, 5, 3, 3]
1591.000000	-4.587407
#[7, 7, 5, 4, 3]
1591.000000	-6.832222
#[0, 4, 5, 5, 3]
1591.000000	-6.576667
#[7, 4, 5, 7, 3]
1601.000000	-6.951270
#[6, 3, 1, 4, 3]
1601.000000	-5.493958
#[5, 7, 5, 4, 3]
1601.000000	-6.544783
#[6, 7, 5, 0, 3]
1601.000000	-4.575833
#[6, 0, 5, 4, 4]
1601.000000	-2.373333
#[2, 6, 5, 4, 3]
1601.000000	-5.223636
#[6, 2, 3, 4, 3]
1601.000000	-7.200000
#[3, 0, 5, 4, 0]
1601.000000	-6.526667
#[6, 4, 0, 7, 3]
1601.000000	-5.170794
#[7, 4, 5, 1, 3]
1601.000000	-6.475079
#[6, 4, 5, 5, 4]
1611.000000	0.006667
#[5, 4, 6, 4, 3]
1611.000000	0.006667
#[6, 7, 6, 4, 3]
1611.000000	-5.473125
#[6, 4, 0, 5, 3]
1611.000000	-3.495476
#[7, 3, 5, 5, 3]
1611.000000	-7.610000
#[6, 4, 3, 1, 3]
1611.000000	-5.043810
#[6, 4, 6, 3, 3]
1611.000000	-5.383095
#[6, 5, 5, 0, 3]
1611.000000	-4.513333
#[6, 4, 1, 1, 3]
1611.000000	-4.662857
#[5, 4, 5, 5, 0]
1611.000000	-5.228333
#[0, 5, 6, 4, 3]
1621.000000	-3.433788
#[5, 7, 1, 4, 3]
1621.000000	-6.727284
#[5, 4, 4, 5, 3]
1621.000000	-3.006667
#[4, 3, 6, 4, 0]
1621.000000	-4.159167
#[0, 4, 6, 4, 1]
1621.000000	-3.937576
#[2, 6, 6, 4, 3]
1621.000000	-5.070000
#[6, 6, 6, 4, 3]
1621.000000	-5.426250
#[5, 2, 6, 2, 3]
1621.000000	-5.624167
#[5, 4, 6, 3, 0]
1621.000000	-5.776667
#[5, 4, 6, 3, 2]
1621.000000	0.006667
#[5, 7, 6, 4, 2]
1631.000000	-6.700000
#[6, 5, 6, 4, 3]
1631.000000	-4.794194
#[6, 4, 6, 4, 1]
1631.000000	-2.610833
#[5, 2, 6, 6, 3]
1631.000000	-5.624167
#[5, 4, 7, 4, 0]
1631.000000	-4.148750
#[7, 1, 6, 4, 3]
1631.000000	-7.741667
#[5, 5, 6, 2, 3]
1631.000000	-4.513333
#[5, 5, 4, 4, 3]
1631.000000	-3.006667
#[2, 4, 4, 4, 3]
1631.000000	-4.513333
#[5, 0, 1, 4, 3]
1631.000000	-3.006667
#[5, 4, 6, 5, 4]
1641.000000	0.006667
#[2, 4, 6, 5, 3]
1641.000000	-3.834762
#[5, 4, 0, 3, 3]
1641.000000	-6.605614
#[5, 0, 6, 7, 3]
1641.000000	-4.582778
#[5, 4, 4, 2, 3]
1641.000000	-3.006667
#[4, 4, 4, 3, 3]
1641.000000	-4.555000
#[2, 4, 6, 4, 1]
1641.000000	-3.834762
#[5, 4, 4, 4, 2]
1641.000000	-5.624167
#[5, 6, 6, 4, 0]
1641.000000	-3.523750
#[1, 6, 6, 4, 3]
1641.000000	-5.426250
#[5, 2, 6, 4, 0]
1651.000000	-5.151667
#[5, 2, 6, 3, 3]
1651.000000	-5.697083
#[3, 4, 1, 4, 3]
1651.000000	-4.590714
#[5, 7, 6, 7, 3]
1651.000000	-7.741667
#[5, 5, 6, 4, 4]
1651.000000	0.006667
#[5, 4, 3, 4, 0]
1651.000000	-4.148750
#[5, 2, 3, 4, 3]
1651.000000	-7.475862
#[5, 4, 7, 5, 3]
1651.000000	-6.919524
#[5, 4, 3, 2, 3]
1651.000000	-8.009524
#[1, 4, 6, 3, 3]
1651.000000	-3.763333
#[5, 4, 0, 7, 3]
1661.000000	-6.605614
#[5, 4, 1, 1, 3]
1661.000000	-3.006667
#[5, 2, 6, 4, 1]
1661.000000	-4.314872
#[5, 4, 6, 1, 1]
1661.000000	-2.441190
#[2, 0, 6, 4, 3]
1661.000000	-4.662857
#[5, 5, 7, 4, 3]
1661.000000	-6.643333
#[5, 6, 6, 0, 3]
1661.000000	-4.513333
#[5, 4, 6, 2, 1]
1661.000000	-2.286970
#[0, 4, 6, 4, 4]
1661.000000	-3.006667
#[5, 6, 6, 6, 3]
1661.000000	-5.624167
#[7, 4, 6, 4, 2]
1671.000000	-5.270000
#[5, 6, 7, 4, 3]
1671.000000	-6.941935
#[5, 4, 1, 4, 1]
1671.000000	-3.006667
#[1, 1, 6, 4, 3]
1671.000000	-7.741667
#[0, 4, 6, 2, 3]
1671.000000	-5.070000
#[7, 4, 3, 6, 3]
1671.000000	-7.652381
#[5, 6, 6, 4, 4]
1671.000000	-4.662857
#[5, 5, 6, 4, 0]
1671.000000	-4.436667
#[7, 5, 6, 4, 3]
1671.000000	-4.842581
#[0, 4, 6, 3, 3]
1671.000000	-5.128333
#[5, 3, 6, 0, 3]
1681.000000	-4.573939
#[5, 4, 3, 7, 3]
1681.000000	-8.009524
#[5, 3, 6, 6, 3]
1681.000000	-5.665833
#[5, 5, 6, 4, 1]
1681.000000	-4.662857
#[5, 4, 7, 1, 3]
1681.000000	-6.401667
#[5, 1, 6, 0, 3]
1681.000000	-4.513333
#[0, 1, 0, 4, 3]
1681.000000	-4.513333
#[5, 3, 6, 7, 3]
1681.000000	-7.741667
#[2, 5, 6, 4, 3]
1681.000000	-4.382069
#[5, 3, 0, 4, 3]
1681.000000	-6.467143
#[5, 4, 6, 1, 4]
1691.000000	-4.314872
#[5, 7, 6, 0, 3]
1691.000000	-4.573939
#[5, 0, 6, 4, 2]
1691.000000	-1.500000
#[1, 4, 7, 4, 2]
1691.000000	-6.061667
#[5, 3, 3, 4, 3]
1691.000000	-7.909677
#[6, 4, 6, 4, 4]
1691.000000	-3.006667
#[5, 4, 7, 4, 1]
1691.000000	-3.034444
#[5, 4, 2, 4, 0]
1691.000000	-4.117500
#[2, 4, 6, 3, 3]
1691.000000	-5.406905
#[0, 4, 6, 6, 3]
1691.000000	-5.070000
#[7, 4, 6, 1, 3]
1701.000000	-7.295238
#[7, 4, 6, 4, 4]
1701.000000	-5.270000
#[5, 4, 3, 4, 4]
1701.000000	-5.615238
#[2, 1, 6, 4, 3]
1701.000000	-4.662857
#[5, 0, 6, 4, 0]
1701.000000	-4.436667
#[5, 6, 1, 4, 3]
1701.000000	-3.633704
#[5, 3, 4, 3, 3]
1701.000000	-7.909677
#[7, 4, 3, 3, 3]
1701.000000	-8.485714
#[0, 0, 6, 4, 3]
1701.000000	-4.662857
#[2, 4, 6, 6, 3]
1701.000000	-5.341429
#[5, 4, 5, 5, 3]
1711.000000	-6.848095
#[6, 1, 6, 4, 3]
1711.000000	-5.426250
#[4, 4, 0, 4, 3]
1711.000000	-4.513333
#[1, 4, 6, 4, 0]
1711.000000	-4.117500
#[6, 4, 6, 2, 0]
1711.000000	-3.721667
#[5, 4, 1, 0, 3]
1711.000000	-3.006667
#[5, 1, 6, 4, 1]
1711.000000	-4.662857
#[4, 7, 6, 4, 3]
1711.000000	-6.938095
#[0, 4, 6, 4, 0]
1711.000000	-3.985556
#[5, 4, 6, 5, 2]
1711.000000	-3.721667
#[3, 2, 6, 4, 3]
1721.000000	-5.120000
#[5, 4, 6, 6, 0]
1721.000000	-3.325833
#[5, 4, 2, 5, 3]
1721.000000	-6.848095
#[2, 7, 6, 3, 3]
1721.000000	-6.124167
#[7, 4, 6, 2, 3]
1721.000000	-5.389048
#[4, 4, 6, 6, 3]
1721.000000	-1.500000
#[5, 1, 5, 4, 3]
1721.000000	-6.231212
#[7, 4, 6, 0, 3]
1721.000000	-5.178730
#[5, 4, 1, 5, 0]
1721.000000	-3.006667
#[5, 4, 7, 7, 3]
1721.000000	-8.009524
#[2, 1, 6, 1, 3]
1731.000000	-6.020000
#[5, 1, 6, 4, 4]
1731.000000	0.006667
#[5, 1, 7, 4, 3]
1731.000000	-6.643333
#[5, 4, 3, 6, 3]
1731.000000	-4.942619
#[4, 4, 6, 7, 3]
1731.000000	-3.763333
#[5, 5, 6, 5, 3]
1731.000000	-4.513333
#[6, 0, 6, 4, 4]
1731.000000	-3.006667
#[5, 5, 0, 4, 3]
1731.000000	-3.006667
#[0, 2, 6, 4, 3]
1731.000000	-4.662857
#[5, 4, 6, 1, 0]
1731.000000	-2.328095
#[3, 0, 6, 4, 3]
1741.000000	-5.259130
#[4, 4, 6, 4, 4]
1741.000000	-5.228333
#[0, 4, 6, 4, 2]
1741.000000	-3.006667
#[5, 1, 6, 4, 0]
1741.000000	-4.436667
#[5, 4, 4, 1, 3]
1741.000000	-3.006667
#[5, 6, 6, 3, 3]
1741.000000	-5.676250
#[5, 7, 6, 4, 0]
1741.000000	-5.985000
#[7, 4, 4, 4, 3]
1741.000000	-4.572857
#[5, 3, 6, 2, 0]
1741.000000	-4.159167
#[5, 4, 0, 5, 3]
1741.000000	-6.339167
#[5, 5, 2, 4, 3]
1751.000000	-3.006667
#[5, 1, 6, 3, 3]
1751.000000	-4.575833
#[3, 7, 6, 4, 3]
1751.000000	-7.741667
#[5, 4, 6, 0, 0]
1751.000000	-5.334359
#[5, 4, 4, 3, 3]
1751.000000	-3.062222
#[1, 7, 6, 4, 3]
1751.000000	-7.741667
#[1, 4, 4, 4, 3]
1751.000000	-4.513333
#[5, 0, 0, 4, 3]
1751.000000	-3.006667
#[5, 5, 6, 7, 3]
1751.000000	-4.575833
#[5, 7, 6, 4, 1]
1751.000000	-5.020000
#[1, 4, 6, 4, 2]
1761.000000	-5.228333
#[5, 5, 6, 0, 3]
1761.000000	-4.513333
#[5, 6, 5, 4, 3]
1761.000000	-5.530290
#[1, 4, 6, 0, 3]
1761.000000	-1.500000
#[1, 4, 6, 4, 1]
1761.000000	-5.228333
#[5, 3, 6, 5, 3]
1761.000000	-4.555000
#[5, 2, 6, 0, 3]
1761.000000	-4.513333
#[3, 4, 6, 3, 3]
1761.000000	-7.652381
#[5, 0, 6, 0, 1]
1761.000000	-3.006667
#[7, 4, 6, 1, 4]
1761.000000	-5.290833
#[3, 6, 6, 1, 3]
1771.000000	-6.082500
#[0, 1, 6, 0, 3]
1771.000000	-6.020000
#[5, 4, 1, 3, 3]
1771.000000	-6.401667
#[3, 1, 6, 3, 3]
1771.000000	-8.366667
#[1, 2, 6, 4, 3]
1771.000000	-4.662857
#[0, 4, 6, 7, 3]
1771.000000	-5.128333
#[7, 4, 6, 5, 3]
1771.000000	-3.882381
#[5, 3, 6, 4, 2]
1771.000000	0.006667
#[5, 0, 3, 4, 0]
1771.000000	-5.270000
#[6, 4, 6, 7, 3]
1771.000000	-5.383095
#[1, 4, 6, 5, 3]
1781.000000	0.006667
#[3, 4, 6, 0, 3]
1781.000000	-5.178730
#[3, 4, 6, 7, 3]
1781.000000	-7.652381
#[4, 4, 6, 1, 3]
1781.000000	-3.721667
#[1, 5, 6, 4, 3]
1781.000000	-3.563333
#[2, 2, 6, 1, 3]
1781.000000	-6.020000
#[0, 1, 6, 4, 3]
1781.000000	-4.662857
#[3, 4, 6, 4, 2]
1781.000000	-3.721667
#[4, 4, 6, 4, 0]
1781.000000	-4.117500
#[5, 7, 6, 0, 0]
1781.000000	-6.360000
#[5, 4, 6, 1, 2]
1791.000000	-1.500000
#[5, 4, 7, 3, 1]
1791.000000	-3.062222
#[0, 3, 6, 4, 3]
1791.000000	-5.259130
#[5, 4, 3, 1, 0]
1791.000000	-3.042381
#[5, 1, 1, 4, 3]
1791.000000	-6.231212
#[5, 5, 6, 1, 3]
1791.000000	-4.513333
#[6, 0, 6, 4, 3]
1791.000000	-5.193913
#[5, 4, 6, 7, 0]
1791.000000	-5.776667
#[5, 5, 3, 4, 4]
1791.000000	-3.062222
#[5, 6, 0, 4, 3]
1791.000000	-3.382381
#[7, 6, 6, 4, 3]
1801.000000	-5.473125
#[2, 7, 6, 4, 0]
1801.000000	-5.985000
#[5, 4, 0, 2, 3]
1801.000000	-3.006667
#[5, 1, 6, 4, 2]
1801.000000	-1.500000
#[1, 3, 6, 5, 3]
1801.000000	-4.596667
#[5, 7, 3, 4, 3]
1801.000000	-7.909677
#[3, 6, 6, 4, 3]
1801.000000	-5.473125
#[5, 4, 3, 6, 2]
1801.000000	0.006667
#[4, 1, 1, 4, 3]
1801.000000	-4.513333
#[5, 2, 6, 7, 3]
1801.000000	-5.697083
#[1, 4, 6, 6, 3]
1811.000000	-1.500000
#[5, 4, 0, 0, 3]
1811.000000	-3.006667
#[0, 7, 6, 4, 1]
1811.000000	-6.450909
#[5, 4, 6, 6, 2]
1811.000000	-4.832500
#[5, 2, 7, 4, 3]
1811.000000	-7.475862
#[5, 4, 4, 6, 3]
1811.000000	0.006667
#[6, 4, 6, 6, 3]
1811.000000	-5.341429
#[5, 3, 6, 4, 0]
1811.000000	-5.985000
#[2, 4, 1, 4, 3]
1811.000000	-4.513333
#[1, 4, 3, 4, 3]
1811.000000	-4.555000
#[5, 7, 4, 6, 1]
1821.000000	-5.020000
#[4, 4, 4, 6, 3]
1821.000000	-3.721667
#[7, 4, 4, 6, 3]
1821.000000	-6.938095
#[7, 4, 3, 6, 2]
1821.000000	-6.908333
#[5, 4, 4, 6, 4]
1821.000000	-4.662857
#[5, 5, 4, 6, 3]
1821.000000	-3.563333
#[5, 4, 4, 6, 0]
1821.000000	-3.523750
#[6, 4, 4, 6, 1]
1821.000000	-2.610833
#[5, 3, 4, 6, 3]
1821.000000	-4.842581
#[0, 4, 4, 6, 3]
1821.000000	-1.500000
#[5, 4, 0, 6, 3]
1831.000000	-3.513333
#[5, 4, 2, 6, 1]
1831.000000	-2.286970
#[1, 1, 4, 6, 3]
1831.000000	-7.741667
#[1, 4, 4, 6, 3]
1831.000000	-3.721667
#[2, 4, 4, 6, 3]
1831.000000	-1.500000
#[5, 6, 4, 6, 3]
1831.000000	-4.794194
#[5, 4, 7, 6, 2]
1831.000000	-6.908333
#[4, 4, 2, 6, 3]
1831.000000	-1.500000
#[7, 4, 4, 6, 0]
1831.000000	-4.159167
#[5, 4, 7, 6, 3]
1831.000000	-4.942619
#[5, 4, 1, 6, 3]
1841.000000	-3.325833
#[5, 4, 2, 6, 3]
1841.000000	-4.889048
#[0, 4, 4, 3, 3]
1841.000000	-4.574737
#[5, 2, 4, 6, 3]
1841.000000	-4.382069
#[5, 7, 4, 6, 3]
1841.000000	-4.842581
#[7, 0, 4, 6, 3]
1841.000000	-5.259130
#[5, 4, 4, 0, 3]
1841.000000	-3.006667
#[5, 4, 4, 6, 1]
1841.000000	-2.478889
#[5, 4, 4, 6, 2]
1841.000000	-4.634583
#[2, 4, 4, 6, 4]
1841.000000	-3.006667
#[2, 0, 4, 6, 3]
1851.000000	-4.662857
#[4, 4, 3, 6, 3]
1851.000000	-3.763333
#[5, 0, 4, 6, 3]
1851.000000	-3.433788
#[5, 1, 4, 6, 3]
1851.000000	-3.563333
#[6, 6, 4, 6, 3]
1851.000000	-5.426250
#[5, 3, 4, 6, 1]
1851.000000	-5.020000
#[3, 4, 4, 6, 3]
1851.000000	-6.938095
#[5, 4, 3, 6, 4]
1851.000000	-6.819048
#[6, 4, 4, 0, 0]
1851.000000	-3.608571
#[3, 4, 4, 0, 3]
1851.000000	-4.584762
