#[1, 2, 1, 0, 1, 2, 2, 1, 0, 1, 3, 1, 1, 3, 1, 0]
1.000000	-33245.887355
#[1, 2, 3, 0, 1, 2, 2, 1, 0, 1, 3, 0, 1, 3, 1, 0]
11.000000	-18349.832411
#[1, 2, 1, 0, 1, 0, 2, 1, 0, 1, 0, 1, 1, 3, 1, 0]
11.000000	-33271.847518
#[1, 2, 1, 0, 0, 2, 2, 1, 0, 1, 3, 1, 3, 3, 1, 0]
11.000000	-33237.041148
#[1, 2, 1, 0, 1, 2, 2, 1, 0, 1, 3, 1, 1, 2, 1, 0]
11.000000	-33246.131788
#[1, 2, 1, 0, 1, 2, 2, 2, 0, 0, 3, 1, 1, 3, 1, 0]
11.000000	-31569.137163
#[1, 2, 1, 0, 1, 1, 2, 1, 0, 1, 3, 1, 1, 3, 1, 0]
11.000000	-33263.484689
#[1, 2, 1, 0, 1, 2, 2, 1, 0, 1, 3, 1, 1, 3, 1, 3]
11.000000	-30173.595910
#[1, 2, 1, 0, 0, 2, 2, 1, 0, 1, 1, 1, 1, 3, 1, 0]
11.000000	-33271.159185
#[1, 2, 1, 0, 1, 2, 2, 1, 0, 1, 3, 3, 1, 3, 1, 0]
11.000000	-30711.254651
#[1, 2, 1, 0, 1, 2, 2, 1, 0, 1, 1, 1, 1, 3, 1, 0]
11.000000	-33270.607961
#[1, 2, 3, 3, 1, 2, 2, 1, 0, 1, 3, 0, 1, 3, 1, 0]
21.000000	-18335.294569
#[3, 2, 3, 0, 1, 2, 2, 1, 0, 0, 3, 0, 1, 3, 1, 0]
21.000000	-20884.305450
#[1, 2, 3, 0, 1, 2, 2, 1, 0, 1, 3, 1, 1, 3, 1, 0]
21.000000	-18386.109452
#[1, 2, 3, 0, 1, 2, 1, 1, 0, 1, 3, 0, 1, 3, 1, 0]
21.000000	-18350.340460
#[1, 2, 3, 0, 1, 2, 2, 1, 2, 1, 3, 1, 1, 3, 1, 0]
21.000000	-18274.277314
#[1, 2, 3, 0, 1, 2, 2, 1, 2, 1, 3, 1, 1, 1, 1, 0]
21.000000	-18274.332032
#[1, 2, 3, 0, 3, 2, 2, 1, 0, 1, 3, 0, 1, 3, 1, 0]
21.000000	-18450.466804
#[1, 3, 3, 0, 1, 2, 2, 1, 0, 1, 3, 0, 1, 3, 1, 0]
21.000000	-18343.179705
#[1, 2, 3, 0, 1, 2, 2, 2, 0, 1, 3, 0, 2, 3, 1, 0]
21.000000	-18241.107226
#[1, 2, 0, 0, 1, 2, 2, 1, 0, 1, 3, 3, 1, 3, 1, 0]
21.000000	-17025.978211
#[1, 2, 3, 0, 1, 2, 2, 1, 0, 1, 3, 3, 1, 3, 1, 0]
31.000000	-16993.002175
#[1, 2, 0, 0, 1, 2, 2, 2, 0, 1, 3, 3, 1, 3, 1, 0]
31.000000	-17015.278953
#[1, 2, 0, 0, 1, 2, 1, 1, 0, 1, 3, 3, 1, 3, 1, 2]
31.000000	-23829.210659
#[1, 2, 0, 0, 1, 2, 2, 1, 0, 2, 3, 3, 1, 3, 1, 0]
31.000000	-17019.381231
#[2, 3, 0, 0, 1, 2, 2, 1, 0, 1, 3, 3, 1, 3, 1, 0]
31.000000	-17050.637258
#[1, 2, 0, 0, 1, 2, 2, 1, 0, 1, 3, 3, 1, 3, 0, 0]
31.000000	-16369.261805
#[1, 2, 0, 0, 1, 2, 2, 1, 0, 1, 3, 3, 2, 3, 2, 0]
31.000000	-23760.903031
#[1, 2, 0, 2, 1, 2, 2, 1, 0, 1, 1, 3, 1, 3, 1, 0]
31.000000	-23859.144061
#[1, 2, 0, 0, 1, 2, 1, 0, 0, 1, 3, 3, 1, 3, 1, 0]
31.000000	-17091.661304
#[2, 2, 0, 1, 1, 2, 2, 1, 0, 1, 3, 3, 1, 3, 1, 0]
31.000000	-22063.473059
#[1, 2, 0, 0, 3, 2, 3, 1, 0, 1, 3, 3, 1, 0, 0, 0]
41.000000	-33147.229873
#[1, 2, 0, 0, 1, 2, 2, 1, 2, 1, 3, 3, 1, 0, 0, 0]
41.000000	-20793.596280
#[1, 2, 0, 0, 1, 2, 2, 1, 0, 1, 3, 3, 3, 3, 0, 0]
41.000000	-16241.851465
#[1, 2, 0, 0, 1, 2, 2, 1, 0, 2, 3, 3, 1, 3, 0, 0]
41.000000	-16361.942717
#[1, 2, 2, 0, 1, 2, 2, 1, 0, 1, 3, 3, 1, 1, 0, 0]
41.000000	-20186.223067
#[1, 3, 0, 0, 0, 2, 2, 1, 0, 1, 3, 3, 1, 3, 0, 0]
41.000000	-16750.379698
#[1, 2, 0, 0, 1, 2, 0, 1, 0, 1, 3, 3, 1, 3, 1, 0]
41.000000	-17052.183729
#[1, 2, 0, 0, 1, 2, 2, 2, 0, 1, 3, 3, 1, 3, 0, 0]
41.000000	-16357.685060
#[1, 2, 0, 0, 1, 1, 2, 1, 0, 1, 3, 3, 1, 3, 0, 0]
41.000000	-16454.448741
#[1, 2, 0, 0, 1, 2, 2, 1, 2, 1, 3, 3, 1, 3, 0, 0]
41.000000	-16242.026839
#[1, 2, 0, 0, 1, 2, 2, 1, 0, 1, 3, 3, 0, 3, 0, 0]
51.000000	-16395.052588
#[1, 2, 0, 0, 3, 2, 2, 1, 3, 1, 3, 3, 3, 3, 0, 0]
51.000000	-16239.153629
#[1, 0, 0, 0, 1, 2, 2, 1, 0, 1, 3, 3, 2, 3, 0, 0]
51.000000	-32361.756286
#[1, 2, 2, 0, 1, 2, 2, 1, 0, 1, 3, 3, 3, 3, 1, 0]
51.000000	-16911.197019
#[1, 2, 0, 0, 1, 2, 2, 2, 0, 1, 3, 3, 3, 3, 0, 0]
51.000000	-16230.281184
#[1, 3, 0, 0, 1, 2, 2, 1, 0, 1, 3, 1, 3, 3, 0, 0]
51.000000	-16223.794443
#[1, 2, 0, 0, 1, 2, 2, 1, 0, 2, 3, 3, 3, 3, 0, 0]
51.000000	-16232.720621
#[1, 2, 0, 0, 1, 3, 2, 1, 0, 1, 3, 1, 3, 3, 0, 0]
51.000000	-16228.665464
#[1, 2, 0, 0, 1, 2, 3, 1, 0, 1, 3, 3, 3, 3, 0, 0]
51.000000	-16224.686436
#[1, 2, 2, 0, 1, 2, 3, 1, 0, 1, 0, 3, 0, 3, 0, 0]
51.000000	-16379.160043
#[1, 0, 0, 0, 1, 2, 2, 1, 0, 1, 3, 1, 3, 3, 0, 0]
61.000000	-32561.272257
#[1, 3, 0, 0, 1, 2, 2, 1, 0, 1, 3, 1, 3, 3, 0, 3]
61.000000	-5351.338410
#[1, 3, 0, 3, 1, 3, 2, 1, 0, 1, 3, 1, 3, 3, 0, 0]
61.000000	-16204.112426
#[1, 3, 0, 1, 1, 2, 2, 1, 0, 1, 3, 1, 3, 3, 0, 0]
61.000000	-27580.367755
#[1, 3, 2, 0, 1, 2, 2, 1, 0, 1, 3, 1, 3, 3, 0, 0]
61.000000	-16265.255134
#[1, 2, 0, 0, 1, 2, 2, 1, 0, 1, 3, 1, 3, 3, 0, 3]
61.000000	-5395.109822
#[3, 3, 0, 0, 1, 2, 2, 1, 0, 1, 3, 1, 3, 3, 0, 0]
61.000000	-16135.168348
#[0, 3, 0, 0, 1, 2, 2, 1, 0, 1, 3, 1, 3, 3, 0, 0]
61.000000	-31197.176950
#[0, 3, 0, 0, 1, 3, 2, 1, 0, 1, 3, 1, 3, 3, 0, 0]
61.000000	-31129.276179
#[1, 3, 0, 0, 1, 2, 2, 3, 0, 1, 3, 1, 3, 3, 0, 0]
61.000000	-16208.114245
#[1, 3, 0, 0, 1, 1, 0, 1, 0, 1, 2, 1, 3, 3, 0, 3]
71.000000	-5406.610386
#[1, 3, 0, 1, 1, 2, 2, 1, 0, 1, 3, 1, 3, 0, 0, 3]
71.000000	-22689.546344
#[1, 1, 0, 0, 1, 2, 2, 1, 0, 1, 3, 1, 3, 3, 0, 1]
71.000000	-33285.905404
#[1, 3, 1, 0, 1, 2, 2, 1, 0, 1, 3, 1, 3, 3, 0, 3]
71.000000	-26232.644925
#[1, 3, 0, 0, 1, 0, 2, 1, 0, 1, 3, 1, 3, 3, 0, 3]
71.000000	-5391.769197
#[1, 3, 0, 0, 1, 2, 2, 1, 2, 1, 3, 1, 3, 3, 0, 3]
71.000000	-5351.130508
#[1, 3, 0, 0, 1, 2, 1, 1, 0, 1, 3, 1, 3, 3, 0, 3]
71.000000	-5378.691841
#[1, 0, 0, 0, 1, 2, 2, 1, 0, 1, 3, 1, 3, 3, 0, 3]
71.000000	-32058.387772
#[1, 3, 0, 0, 1, 2, 2, 1, 0, 1, 1, 1, 3, 3, 0, 1]
71.000000	-19782.351147
#[1, 3, 2, 0, 1, 2, 2, 1, 0, 1, 3, 1, 3, 3, 0, 3]
71.000000	-5417.863525
#[0, 3, 0, 0, 1, 2, 2, 1, 2, 1, 3, 1, 3, 3, 0, 3]
81.000000	-29847.406820
#[1, 3, 0, 0, 1, 2, 2, 1, 2, 1, 3, 1, 2, 3, 0, 3]
81.000000	-5351.196511
#[1, 3, 0, 0, 1, 2, 2, 1, 2, 2, 3, 1, 3, 3, 0, 3]
81.000000	-5339.403017
#[1, 3, 0, 0, 1, 0, 2, 1, 2, 1, 3, 1, 3, 3, 0, 3]
81.000000	-5392.973326
#[1, 0, 0, 0, 1, 2, 2, 1, 2, 1, 3, 1, 3, 0, 0, 3]
81.000000	-32089.560960
#[1, 3, 0, 0, 1, 2, 3, 1, 2, 1, 3, 1, 3, 3, 0, 3]
81.000000	-5338.993385
#[1, 3, 0, 0, 3, 2, 2, 1, 2, 1, 3, 1, 3, 3, 0, 3]
81.000000	-5347.981237
#[1, 3, 0, 0, 1, 1, 2, 1, 2, 1, 3, 1, 3, 3, 0, 3]
81.000000	-5367.832080
#[1, 3, 0, 0, 1, 2, 2, 1, 2, 1, 3, 1, 3, 3, 0, 2]
81.000000	-23710.621609
#[1, 3, 0, 0, 1, 2, 2, 1, 2, 1, 3, 1, 3, 0, 0, 3]
81.000000	-5366.089127
#[0, 3, 0, 0, 1, 2, 3, 1, 2, 1, 3, 1, 3, 2, 0, 3]
91.000000	-30467.828353
#[1, 1, 0, 0, 1, 2, 3, 1, 2, 1, 3, 1, 3, 3, 0, 3]
91.000000	-31963.917145
#[1, 3, 0, 0, 0, 2, 3, 1, 2, 1, 3, 1, 3, 3, 0, 3]
91.000000	-5338.352255
#[1, 3, 0, 0, 2, 2, 3, 1, 2, 1, 3, 1, 0, 3, 0, 3]
91.000000	-5614.922599
#[1, 3, 0, 0, 1, 2, 3, 1, 2, 2, 3, 1, 3, 3, 0, 3]
91.000000	-5332.018869
#[1, 3, 0, 0, 1, 2, 3, 1, 2, 1, 3, 0, 3, 1, 0, 0]
91.000000	-18843.313209
#[1, 2, 0, 0, 1, 2, 3, 1, 2, 1, 3, 1, 3, 3, 0, 3]
91.000000	-5362.198492
#[1, 3, 0, 0, 1, 2, 3, 1, 2, 1, 3, 1, 3, 3, 0, 0]
91.000000	-16215.498903
#[1, 3, 3, 0, 1, 2, 3, 1, 2, 1, 3, 1, 3, 3, 0, 3]
91.000000	-5342.433917
#[1, 3, 0, 0, 3, 2, 3, 1, 2, 1, 3, 1, 3, 3, 0, 1]
91.000000	-17870.680816
#[1, 3, 0, 0, 1, 2, 3, 1, 1, 2, 3, 1, 3, 3, 0, 3]
101.000000	-5332.439248
#[1, 3, 0, 0, 1, 2, 3, 1, 2, 2, 3, 1, 1, 3, 0, 3]
101.000000	-5332.118544
#[1, 3, 0, 0, 0, 2, 3, 1, 2, 3, 3, 1, 3, 3, 0, 3]
101.000000	-5330.655712
#[1, 3, 0, 0, 1, 2, 3, 1, 3, 2, 3, 0, 3, 3, 0, 3]
101.000000	-5313.364334
#[2, 3, 0, 0, 1, 2, 3, 1, 2, 2, 3, 1, 3, 3, 0, 3]
101.000000	-5269.839022
#[1, 3, 3, 0, 1, 2, 3, 1, 2, 2, 3, 1, 3, 3, 0, 3]
101.000000	-5340.941604
#[1, 3, 0, 0, 1, 2, 3, 1, 2, 2, 1, 1, 3, 3, 0, 3]
101.000000	-5356.906806
#[1, 3, 1, 0, 1, 2, 3, 1, 2, 2, 3, 1, 3, 1, 1, 3]
101.000000	-25265.851239
#[1, 3, 2, 0, 1, 1, 3, 1, 2, 2, 3, 1, 3, 3, 0, 3]
101.000000	-5353.240326
#[1, 3, 0, 0, 1, 2, 0, 1, 2, 2, 3, 1, 3, 3, 2, 3]
101.000000	-5318.337643
#[2, 3, 3, 0, 1, 2, 3, 0, 2, 2, 3, 1, 3, 3, 0, 3]
111.000000	-5251.761265
#[2, 2, 0, 3, 1, 2, 3, 1, 2, 2, 3, 1, 3, 3, 0, 3]
111.000000	-5289.613777
#[2, 3, 0, 0, 1, 2, 1, 1, 2, 2, 3, 1, 3, 3, 0, 3]
111.000000	-5291.409064
#[2, 3, 0, 0, 1, 2, 3, 1, 2, 2, 3, 1, 3, 2, 0, 3]
111.000000	-9916.801711
#[2, 3, 0, 0, 1, 2, 3, 0, 2, 2, 3, 1, 3, 3, 0, 3]
111.000000	-5255.147342
#[2, 3, 0, 0, 1, 0, 3, 1, 2, 2, 3, 1, 3, 3, 0, 3]
111.000000	-5288.556187
#[2, 3, 0, 0, 1, 2, 3, 1, 2, 2, 3, 1, 2, 3, 0, 3]
111.000000	-5270.000637
#[2, 3, 0, 0, 1, 2, 3, 0, 2, 2, 3, 1, 3, 3, 0, 0]
111.000000	-16168.721106
#[2, 3, 0, 0, 1, 2, 0, 1, 1, 2, 3, 1, 3, 3, 0, 3]
111.000000	-5273.048788
#[2, 3, 0, 0, 2, 2, 3, 1, 2, 2, 3, 1, 3, 3, 0, 3]
111.000000	-5257.080869
#[2, 3, 3, 0, 1, 2, 3, 0, 2, 2, 3, 1, 1, 3, 0, 3]
121.000000	-5252.007032
#[2, 3, 3, 0, 1, 2, 3, 0, 2, 2, 2, 1, 3, 3, 0, 3]
121.000000	-5262.611075
#[2, 3, 3, 0, 1, 3, 3, 0, 2, 2, 3, 1, 3, 3, 0, 3]
121.000000	-5250.252523
#[2, 3, 3, 1, 1, 2, 3, 0, 2, 0, 3, 1, 3, 3, 0, 3]
121.000000	-7394.394247
#[3, 3, 3, 0, 1, 2, 3, 0, 2, 2, 3, 1, 3, 3, 0, 3]
121.000000	-5201.212516
#[2, 3, 1, 0, 1, 1, 3, 0, 2, 2, 3, 1, 3, 3, 0, 1]
121.000000	-20408.772139
#[2, 3, 3, 0, 2, 1, 3, 0, 2, 2, 3, 1, 3, 3, 0, 3]
121.000000	-5253.337997
#[2, 3, 3, 0, 1, 2, 3, 0, 2, 3, 3, 1, 3, 3, 0, 3]
121.000000	-5251.123295
#[1, 3, 3, 0, 1, 2, 3, 0, 1, 2, 3, 1, 3, 3, 0, 3]
121.000000	-5305.388287
#[2, 3, 3, 0, 1, 2, 3, 0, 2, 1, 3, 1, 3, 3, 0, 3]
121.000000	-5254.919149
#[3, 3, 3, 0, 1, 2, 3, 0, 2, 2, 3, 3, 3, 3, 0, 3]
131.000000	-5173.982184
#[1, 3, 3, 0, 1, 2, 3, 0, 2, 2, 3, 1, 3, 3, 0, 3]
131.000000	-5305.089679
#[3, 3, 3, 0, 0, 2, 3, 0, 2, 2, 3, 1, 3, 3, 0, 3]
131.000000	-5208.764541
#[3, 1, 3, 0, 1, 2, 3, 0, 2, 2, 3, 1, 3, 3, 0, 3]
131.000000	-5231.237059
#[3, 3, 3, 0, 1, 2, 3, 0, 2, 1, 3, 1, 3, 3, 0, 3]
131.000000	-5205.703522
#[3, 3, 3, 0, 1, 2, 0, 0, 2, 2, 3, 1, 3, 3, 0, 3]
131.000000	-5211.824599
#[3, 3, 3, 1, 1, 2, 3, 0, 2, 2, 3, 1, 3, 3, 0, 3]
131.000000	-7281.519313
#[3, 3, 3, 0, 1, 2, 3, 3, 2, 2, 3, 1, 3, 3, 0, 3]
131.000000	-5196.356086
#[3, 3, 3, 0, 1, 2, 3, 0, 2, 2, 3, 1, 3, 2, 0, 3]
131.000000	-10127.952269
#[3, 3, 3, 0, 1, 1, 3, 0, 2, 2, 3, 1, 3, 3, 0, 3]
131.000000	-5209.079419
#[2, 3, 3, 0, 1, 2, 3, 0, 2, 2, 3, 2, 0, 3, 0, 3]
141.000000	-5475.172365
#[3, 3, 3, 2, 1, 0, 0, 0, 2, 2, 3, 3, 3, 3, 0, 3]
141.000000	-5204.357494
#[3, 3, 3, 0, 1, 2, 0, 0, 2, 2, 3, 3, 3, 3, 0, 3]
141.000000	-5192.018949
#[3, 0, 3, 0, 1, 2, 3, 0, 2, 2, 3, 3, 3, 3, 1, 3]
141.000000	-5183.634366
#[3, 3, 0, 0, 1, 2, 3, 0, 1, 2, 3, 3, 3, 3, 0, 3]
141.000000	-5180.566347
#[1, 3, 3, 0, 1, 2, 3, 0, 2, 2, 3, 3, 3, 0, 0, 3]
141.000000	-5275.812044
#[3, 3, 3, 0, 0, 2, 3, 0, 2, 2, 3, 3, 3, 3, 3, 3]
141.000000	-5156.385063
#[3, 1, 3, 3, 1, 2, 3, 0, 2, 2, 3, 3, 3, 3, 0, 3]
141.000000	-5196.931057
#[3, 3, 3, 0, 1, 2, 3, 0, 2, 0, 3, 3, 3, 3, 0, 2]
141.000000	-23638.273396
#[3, 3, 1, 0, 1, 2, 3, 0, 2, 2, 3, 3, 3, 3, 0, 3]
141.000000	-9244.195738
#[3, 3, 3, 0, 0, 2, 3, 0, 2, 2, 3, 3, 2, 3, 3, 3]
151.000000	-5164.678478
#[3, 3, 0, 0, 0, 2, 3, 0, 2, 2, 3, 3, 3, 3, 3, 3]
151.000000	-5160.981704
#[3, 3, 1, 0, 0, 2, 3, 0, 2, 2, 3, 3, 3, 3, 3, 3]
151.000000	-8615.250167
#[3, 3, 3, 0, 0, 2, 3, 0, 2, 2, 3, 3, 3, 1, 3, 3]
151.000000	-5168.849567
#[3, 3, 3, 0, 0, 2, 0, 0, 2, 2, 3, 3, 3, 3, 3, 3]
151.000000	-5164.321162
#[3, 3, 3, 2, 0, 1, 3, 0, 3, 2, 3, 3, 2, 3, 3, 3]
151.000000	-5167.224792
#[3, 3, 3, 0, 0, 2, 3, 0, 2, 2, 3, 0, 3, 3, 3, 3]
151.000000	-5164.099717
#[3, 3, 3, 0, 0, 2, 3, 0, 2, 2, 3, 3, 3, 3, 3, 1]
151.000000	-15951.633743
#[3, 3, 3, 0, 0, 2, 3, 0, 2, 2, 3, 3, 3, 3, 3, 2]
151.000000	-23645.389240
#[3, 3, 3, 0, 0, 2, 3, 0, 2, 2, 3, 3, 3, 0, 3, 3]
151.000000	-5179.397425
#[3, 3, 2, 0, 0, 2, 3, 0, 2, 2, 3, 3, 3, 3, 3, 3]
161.000000	-5159.840781
#[2, 3, 3, 0, 0, 2, 3, 0, 2, 2, 3, 3, 3, 3, 3, 2]
161.000000	-23689.329570
#[3, 3, 1, 0, 0, 2, 3, 0, 2, 2, 0, 3, 3, 3, 3, 3]
161.000000	-8621.970243
#[3, 3, 3, 0, 0, 2, 3, 0, 2, 2, 0, 3, 3, 3, 3, 3]
161.000000	-5166.227231
#[3, 3, 3, 0, 0, 2, 3, 0, 2, 2, 3, 3, 1, 3, 3, 3]
161.000000	-5168.407955
#[0, 3, 3, 0, 0, 2, 3, 0, 2, 2, 3, 3, 3, 3, 3, 3]
161.000000	-5266.463476
#[3, 3, 3, 0, 0, 2, 3, 0, 2, 2, 3, 3, 3, 3, 3, 0]
161.000000	-15951.395553
#[3, 3, 3, 2, 3, 2, 3, 0, 2, 2, 1, 3, 3, 1, 3, 3]
161.000000	-5171.977913
#[3, 3, 3, 0, 0, 2, 3, 0, 2, 2, 3, 2, 3, 3, 3, 3]
161.000000	-5162.856672
#[3, 3, 0, 0, 0, 2, 3, 0, 2, 2, 3, 3, 3, 3, 3, 2]
161.000000	-23648.857437
#[3, 0, 3, 0, 0, 2, 3, 0, 2, 2, 3, 3, 3, 3, 3, 3]
171.000000	-5170.917536
#[2, 3, 3, 0, 0, 2, 3, 3, 2, 2, 3, 3, 3, 3, 3, 3]
171.000000	-5200.008424
#[3, 3, 3, 0, 0, 2, 3, 0, 2, 2, 3, 3, 3, 2, 3, 3]
171.000000	-5165.833063
#[3, 3, 1, 0, 1, 1, 3, 0, 2, 2, 3, 3, 3, 3, 3, 3]
171.000000	-11124.565794
#[3, 3, 3, 0, 0, 3, 3, 0, 2, 2, 3, 3, 3, 3, 0, 3]
171.000000	-5185.530804
#[3, 3, 3, 0, 0, 2, 3, 0, 2, 2, 3, 3, 3, 3, 1, 3]
171.000000	-5174.860062
#[3, 3, 3, 0, 1, 2, 3, 0, 2, 2, 3, 3, 3, 3, 3, 3]
171.000000	-5152.816417
#[3, 3, 3, 0, 0, 2, 3, 0, 1, 2, 3, 3, 3, 3, 3, 3]
171.000000	-12519.583208
#[1, 3, 3, 0, 0, 2, 3, 0, 2, 2, 1, 3, 3, 3, 3, 3]
171.000000	-5271.938651
#[3, 3, 3, 0, 0, 1, 3, 0, 2, 2, 3, 3, 3, 3, 3, 3]
171.000000	-5161.491555
#[3, 3, 0, 0, 1, 2, 3, 0, 2, 2, 3, 3, 3, 3, 3, 3]
181.000000	-5158.321914
#[2, 3, 3, 0, 0, 2, 3, 0, 2, 0, 3, 3, 0, 3, 3, 3]
181.000000	-18014.853529
#[3, 3, 3, 0, 1, 2, 3, 3, 2, 2, 3, 3, 3, 3, 3, 3]
181.000000	-5144.833182
#[3, 3, 3, 2, 1, 2, 3, 0, 2, 2, 3, 3, 3, 3, 3, 3]
181.000000	-5153.116756
#[3, 3, 3, 0, 1, 2, 3, 0, 2, 2, 3, 3, 3, 3, 3, 1]
181.000000	-15950.725874
#[3, 3, 3, 2, 1, 2, 3, 0, 2, 0, 3, 3, 3, 3, 3, 3]
181.000000	-5156.325868
#[2, 3, 3, 3, 1, 2, 3, 0, 2, 2, 3, 3, 3, 3, 3, 3]
181.000000	-5201.500016
#[3, 3, 3, 0, 1, 3, 3, 0, 2, 2, 3, 3, 3, 3, 3, 3]
181.000000	-5148.004369
#[3, 3, 3, 0, 3, 2, 3, 0, 2, 2, 3, 3, 3, 3, 3, 2]
181.000000	-23642.526983
#[3, 3, 3, 0, 1, 2, 3, 0, 2, 2, 3, 3, 3, 2, 3, 3]
181.000000	-5155.484410
#[3, 3, 3, 0, 1, 2, 3, 3, 2, 2, 1, 3, 3, 3, 3, 3]
191.000000	-5154.234355
#[3, 3, 3, 0, 3, 2, 1, 3, 2, 2, 3, 3, 3, 3, 3, 3]
191.000000	-5149.889373
#[3, 3, 3, 0, 1, 2, 3, 3, 2, 0, 3, 3, 2, 3, 3, 3]
191.000000	-5150.871134
#[3, 3, 1, 0, 1, 2, 3, 3, 2, 1, 3, 3, 3, 3, 0, 3]
191.000000	-8903.358594
#[3, 3, 3, 0, 1, 2, 3, 3, 2, 2, 2, 3, 3, 3, 3, 2]
191.000000	-23646.063708
#[3, 3, 3, 0, 1, 2, 3, 3, 2, 2, 2, 3, 3, 3, 3, 3]
191.000000	-5150.875667
#[3, 3, 3, 0, 1, 2, 3, 3, 2, 1, 3, 3, 3, 3, 3, 3]
191.000000	-5147.265295
#[3, 3, 3, 0, 1, 3, 3, 3, 2, 3, 3, 3, 3, 3, 3, 3]
191.000000	-5134.106067
#[3, 3, 3, 0, 1, 2, 3, 3, 3, 2, 3, 3, 3, 3, 3, 3]
191.000000	-5144.545601
#[3, 2, 3, 0, 1, 2, 3, 3, 2, 2, 3, 3, 3, 3, 3, 3]
191.000000	-5154.043141
#[3, 1, 3, 1, 1, 2, 3, 3, 2, 3, 3, 3, 3, 3, 3, 3]
201.000000	-10279.778307
#[1, 3, 3, 0, 1, 3, 3, 0, 2, 3, 3, 3, 3, 3, 3, 3]
201.000000	-5252.660836
#[3, 3, 1, 0, 1, 3, 3, 3, 1, 3, 3, 3, 3, 3, 3, 3]
201.000000	-8924.996686
#[3, 1, 0, 0, 1, 2, 3, 3, 2, 3, 3, 3, 3, 3, 3, 3]
201.000000	-15074.991899
#[3, 3, 3, 0, 0, 3, 3, 3, 2, 3, 3, 3, 3, 3, 3, 3]
201.000000	-5141.352064
#[3, 1, 3, 0, 3, 3, 3, 1, 2, 3, 3, 3, 3, 3, 3, 3]
201.000000	-5163.744710
#[3, 3, 3, 0, 1, 0, 3, 3, 2, 3, 3, 3, 3, 3, 3, 3]
201.000000	-5151.806948
#[3, 3, 3, 0, 1, 3, 3, 3, 2, 3, 3, 3, 3, 1, 3, 3]
201.000000	-5138.437298
#[3, 3, 3, 0, 1, 3, 3, 3, 2, 3, 3, 3, 1, 3, 3, 3]
201.000000	-5134.933926
#[3, 3, 3, 0, 1, 3, 3, 3, 2, 3, 3, 2, 3, 3, 3, 3]
201.000000	-5151.249001
#[3, 3, 3, 0, 1, 3, 3, 3, 2, 3, 3, 3, 3, 0, 3, 3]
211.000000	-5142.622896
#[3, 3, 3, 0, 1, 3, 1, 3, 2, 3, 3, 3, 3, 3, 3, 3]
211.000000	-5155.156220
#[3, 3, 3, 2, 1, 3, 3, 3, 2, 3, 1, 3, 3, 3, 3, 3]
211.000000	-5146.784297
#[3, 3, 3, 2, 1, 3, 3, 3, 2, 3, 3, 3, 3, 3, 3, 3]
211.000000	-5133.197713
#[3, 3, 3, 0, 1, 3, 3, 3, 2, 3, 3, 3, 2, 1, 3, 3]
211.000000	-5138.875157
#[3, 3, 3, 0, 1, 3, 3, 3, 2, 3, 2, 3, 3, 3, 3, 3]
211.000000	-5143.691994
#[3, 3, 3, 0, 1, 3, 3, 3, 1, 0, 3, 3, 3, 3, 3, 3]
211.000000	-5143.430799
#[3, 3, 2, 0, 3, 3, 3, 3, 2, 3, 3, 3, 3, 3, 3, 3]
211.000000	-5124.855123
#[3, 3, 3, 0, 1, 3, 0, 3, 2, 3, 3, 3, 3, 3, 3, 3]
211.000000	-5150.814371
#[3, 3, 3, 0, 1, 3, 3, 3, 2, 3, 3, 3, 2, 3, 3, 3]
211.000000	-5134.683964
#[0, 3, 2, 0, 1, 3, 3, 3, 3, 3, 3, 3, 3, 3, 3, 3]
221.000000	-29674.498020
#[3, 0, 2, 2, 3, 3, 3, 3, 2, 3, 3, 3, 3, 3, 3, 3]
221.000000	-5137.578147
#[3, 3, 2, 0, 3, 3, 2, 3, 2, 3, 3, 3, 3, 3, 3, 3]
221.000000	-5133.004830
#[3, 3, 2, 0, 3, 3, 3, 3, 3, 3, 3, 3, 3, 3, 3, 3]
221.000000	-5118.078911
#[3, 3, 3, 0, 3, 3, 3, 3, 2, 3, 3, 3, 1, 3, 3, 3]
221.000000	-5122.476158
#[3, 3, 2, 0, 3, 3, 3, 3, 2, 3, 3, 3, 3, 3, 3, 0]
221.000000	-15930.687291
#[3, 1, 2, 0, 3, 3, 3, 3, 2, 3, 3, 3, 3, 1, 3, 3]
221.000000	-5159.613367
#[3, 3, 2, 0, 3, 2, 3, 3, 2, 3, 3, 3, 3, 3, 3, 3]
221.000000	-5137.604839
#[3, 3, 2, 0, 3, 1, 3, 3, 2, 3, 1, 3, 3, 3, 3, 3]
221.000000	-5152.008498
#[3, 1, 2, 0, 3, 3, 3, 3, 2, 3, 3, 3, 3, 3, 3, 3]
221.000000	-5152.591918
#[3, 3, 2, 0, 3, 3, 3, 3, 3, 3, 3, 3, 3, 0, 3, 3]
231.000000	-5137.195954
#[3, 3, 2, 0, 3, 3, 3, 3, 3, 3, 3, 0, 3, 3, 3, 3]
231.000000	-5134.764988
#[3, 1, 2, 0, 3, 0, 1, 3, 0, 3, 3, 3, 3, 3, 3, 3]
231.000000	-5206.828907
#[0, 3, 2, 0, 3, 3, 3, 3, 3, 3, 3, 3, 3, 3, 3, 3]
231.000000	-5217.638090
#[3, 3, 2, 0, 3, 3, 3, 3, 0, 3, 3, 3, 3, 3, 3, 3]
231.000000	-5130.651594
#[3, 3, 2, 3, 3, 3, 3, 3, 3, 3, 3, 3, 3, 3, 3, 3]
231.000000	-5115.713515
#[3, 3, 2, 0, 3, 3, 3, 3, 3, 2, 3, 3, 3, 3, 3, 3]
231.000000	-5128.056953
#[3, 3, 2, 0, 3, 3, 3, 3, 3, 3, 3, 3, 2, 3, 3, 3]
231.000000	-5121.724400
#[3, 3, 2, 0, 3, 2, 3, 3, 3, 3, 3, 3, 3, 3, 3, 3]
231.000000	-5130.828626
#[3, 3, 2, 0, 3, 3, 3, 3, 0, 3, 2, 3, 3, 2, 3, 3]
231.000000	-5147.592747
#[3, 0, 2, 3, 3, 3, 3, 3, 3, 3, 3, 3, 3, 3, 3, 3]
241.000000	-5129.019134
#[3, 3, 2, 3, 3, 3, 3, 3, 3, 3, 3, 3, 1, 3, 3, 3]
241.000000	-5120.110762
#[3, 3, 3, 3, 3, 3, 3, 3, 3, 3, 3, 3, 3, 3, 3, 3]
241.000000	-5108.937303
#[3, 3, 2, 3, 3, 3, 3, 3, 3, 1, 3, 3, 2, 3, 3, 3]
241.000000	-5133.910003
#[2, 3, 2, 3, 3, 3, 3, 3, 3, 3, 3, 3, 3, 3, 3, 3]
241.000000	-5167.258912
#[3, 3, 2, 3, 3, 3, 3, 1, 3, 3, 3, 3, 3, 3, 3, 3]
241.000000	-5130.541842
#[3, 3, 2, 3, 3, 3, 3, 3, 3, 3, 3, 2, 3, 3, 3, 3]
241.000000	-5130.223661
#[3, 3, 2, 3, 3, 3, 3, 3, 3, 3, 3, 1, 3, 3, 3, 2]
241.000000	-23616.925072
#[3, 3, 2, 3, 3, 3, 3, 3, 3, 3, 3, 3, 3, 0, 3, 2]
241.000000	-23624.848744
#[3, 3, 2, 3, 3, 3, 3, 3, 3, 3, 3, 3, 3, 0, 3, 3]
241.000000	-5134.830558
#[3, 3, 3, 3, 3, 3, 3, 3, 2, 3, 3, 3, 3, 3, 3, 3]
251.000000	-5115.713515
#[0, 3, 3, 3, 3, 3, 3, 0, 3, 3, 3, 3, 3, 3, 3, 3]
251.000000	-5218.523875
#[3, 3, 3, 0, 3, 3, 3, 3, 3, 3, 3, 3, 3, 3, 3, 3]
251.000000	-5113.334550
#[3, 3, 3, 3, 3, 1, 3, 3, 3, 3, 3, 3, 3, 3, 3, 3]
251.000000	-5127.603788
#[3, 3, 3, 3, 3, 3, 3, 2, 3, 3, 3, 3, 3, 3, 3, 3]
251.000000	-5118.111162
#[3, 3, 3, 3, 3, 3, 3, 3, 2, 3, 3, 2, 3, 3, 3, 3]
251.000000	-5131.800012
#[3, 0, 3, 3, 3, 3, 3, 3, 3, 3, 3, 3, 3, 3, 3, 3]
251.000000	-5128.760339
#[3, 3, 1, 3, 3, 3, 3, 3, 3, 3, 3, 3, 3, 3, 3, 3]
251.000000	-5121.509986
#[0, 3, 3, 3, 3, 1, 3, 3, 3, 3, 3, 3, 3, 3, 3, 3]
251.000000	-5221.821616
#[3, 3, 3, 3, 3, 3, 3, 3, 3, 3, 3, 3, 3, 3, 2, 3]
251.000000	-5125.215262
#[0, 3, 3, 3, 3, 3, 3, 3, 3, 3, 3, 3, 3, 3, 3, 3]
261.000000	-5217.076366
#[3, 3, 3, 3, 3, 3, 3, 3, 3, 3, 3, 3, 0, 3, 2, 3]
261.000000	-6643.505638
#[3, 3, 3, 3, 3, 3, 3, 3, 3, 3, 3, 0, 3, 3, 3, 3]
261.000000	-5128.452374
#[3, 3, 3, 3, 3, 3, 0, 3, 3, 3, 3, 3, 3, 3, 3, 3]
261.000000	-5123.488302
#[3, 3, 3, 3, 3, 3, 3, 0, 3, 3, 3, 3, 3, 3, 3, 3]
261.000000	-5120.117843
#[3, 3, 3, 3, 3, 3, 3, 3, 3, 3, 3, 3, 3, 3, 3, 2]
261.000000	-23617.467585
#[3, 3, 1, 3, 3, 3, 1, 3, 3, 3, 3, 3, 3, 3, 3, 3]
261.000000	-5134.388574
#[0, 3, 3, 3, 3, 3, 2, 1, 3, 3, 3, 0, 3, 3, 3, 3]
261.000000	-5224.573819
#[3, 3, 3, 3, 3, 3, 3, 3, 3, 3, 3, 1, 3, 3, 3, 3]
261.000000	-5142.608358
#[3, 3, 3, 3, 3, 2, 3, 3, 3, 3, 3, 3, 3, 3, 3, 3]
261.000000	-5121.687018
#[3, 3, 3, 3, 3, 3, 3, 3, 3, 3, 3, 3, 2, 3, 3, 3]
271.000000	-5112.582792
#[1, 3, 3, 3, 0, 3, 1, 3, 3, 3, 3, 3, 3, 3, 3, 3]
271.000000	-5231.141046
#[2, 3, 0, 3, 3, 3, 3, 3, 3, 3, 3, 3, 3, 3, 3, 3]
271.000000	-5168.973646
#[3, 3, 3, 3, 3, 3, 3, 3, 3, 3, 3, 3, 3, 1, 3, 3]
271.000000	-5120.117843
#[3, 3, 3, 3, 2, 3, 3, 3, 3, 3, 3, 3, 3, 3, 3, 3]
271.000000	-5122.708886
#[3, 3, 3, 3, 3, 3, 3, 3, 3, 3, 3, 2, 3, 3, 3, 3]
271.000000	-5125.215262
#[3, 3, 3, 3, 3, 3, 2, 3, 2, 3, 3, 3, 3, 0, 3, 3]
271.000000	-5140.519884
#[3, 3, 3, 3, 3, 3, 2, 3, 3, 3, 3, 3, 3, 3, 3, 3]
271.000000	-5118.915345
#[3, 3, 3, 3, 3, 3, 3, 3, 3, 3, 2, 3, 3, 3, 3, 3]
271.000000	-5119.750713
#[3, 3, 3, 3, 3, 3, 3, 3, 1, 3, 3, 3, 3, 3, 3, 3]
271.000000	-5118.718320
#[3, 3, 2, 3, 3, 3, 3, 0, 3, 3, 3, 3, 3, 3, 3, 3]
281.000000	-5123.658036
#[3, 3, 3, 3, 3, 3, 3, 3, 3, 2, 3, 3, 3, 3, 3, 3]
281.000000	-5118.915345
#[3, 3, 3, 3, 3, 3, 3, 3, 3, 3, 3, 3, 3, 0, 3, 3]
281.000000	-5128.054346
#[3, 1, 3, 3, 2, 3, 3, 3, 3, 3, 3, 3, 3, 3, 3, 3]
281.000000	-5148.026570
#[1, 3, 3, 3, 3, 3, 3, 3, 3, 3, 3, 3, 3, 3, 3, 3]
281.000000	-5217.076366
#[3, 1, 3, 3, 3, 3, 3, 3, 3, 3, 3, 1, 3, 3, 3, 3]
281.000000	-5169.233249
#[3, 3, 3, 3, 2, 3, 3, 3, 3, 3, 3, 3, 2, 3, 3, 3]
281.000000	-5124.930948
#[3, 3, 3, 3, 3, 3, 2, 3, 3, 3, 3, 3, 1, 3, 3, 1]
281.000000	-15927.853663
#[3, 3, 3, 3, 3, 0, 3, 3, 3, 3, 3, 3, 3, 3, 3, 3]
281.000000	-5127.603788
#[3, 3, 3, 3, 3, 1, 3, 0, 3, 3, 3, 1, 3, 3, 3, 3]
281.000000	-5162.404650
#[3, 3, 3, 3, 2, 3, 3, 3, 3, 3, 1, 3, 3, 3, 3, 3]
291.000000	-5135.265946
#[3, 3, 3, 3, 3, 2, 3, 3, 3, 3, 2, 3, 3, 3, 3, 3]
291.000000	-5127.940301
#[3, 3, 3, 3, 3, 3, 1, 3, 3, 3, 3, 3, 3, 3, 3, 3]
291.000000	-5123.662619
#[3, 3, 3, 3, 3, 3, 3, 3, 3, 3, 3, 3, 3, 3, 2, 2]
291.000000	-23629.032605
#[3, 3, 3, 3, 3, 3, 3, 3, 0, 3, 3, 3, 3, 3, 3, 2]
291.000000	-23622.630671
#[3, 3, 1, 3, 3, 3, 3, 3, 2, 3, 3, 1, 3, 3, 3, 3]
291.000000	-5159.880706
#[3, 3, 3, 3, 3, 3, 3, 3, 3, 3, 3, 3, 3, 3, 3, 1]
291.000000	-15916.618598
#[3, 3, 3, 1, 3, 3, 3, 3, 3, 3, 3, 3, 3, 3, 3, 3]
291.000000	-6629.836316
#[3, 3, 3, 3, 0, 3, 3, 2, 3, 3, 3, 3, 3, 3, 3, 3]
291.000000	-5142.706446
#[2, 3, 3, 3, 3, 3, 3, 3, 3, 3, 3, 1, 3, 3, 3, 3]
291.000000	-5194.516133
#[3, 3, 3, 1, 3, 3, 3, 1, 3, 3, 3, 1, 3, 3, 3, 3]
301.000000	-14777.580623
#[3, 3, 0, 3, 3, 3, 3, 3, 3, 3, 2, 3, 3, 3, 3, 1]
301.000000	-15931.311555
#[3, 3, 3, 3, 3, 3, 3, 3, 3, 1, 0, 3, 3, 3, 3, 3]
301.000000	-5137.038425
#[3, 3, 3, 3, 3, 3, 3, 1, 3, 3, 3, 3, 3, 3, 3, 3]
301.000000	-5128.054346
#[3, 3, 1, 3, 3, 1, 3, 3, 3, 3, 3, 3, 3, 3, 3, 1]
301.000000	-15938.948259
#[3, 3, 3, 3, 3, 3, 3, 3, 3, 3, 3, 3, 3, 2, 3, 3]
301.000000	-5118.111162
#[3, 1, 3, 3, 3, 3, 3, 3, 3, 3, 3, 3, 3, 3, 3, 3]
301.000000	-5134.254987
#[3, 3, 3, 3, 3, 3, 3, 3, 3, 3, 3, 3, 3, 3, 3, 0]
301.000000	-15916.618598
#[3, 3, 3, 3, 3, 3, 3, 3, 3, 3, 3, 3, 3, 3, 0, 3]
301.000000	-5142.608358
#[3, 3, 3, 3, 1, 3, 3, 3, 3, 3, 3, 3, 3, 3, 3, 3]
301.000000	-5128.760339
#[3, 3, 3, 3, 3, 3, 3, 3, 3, 3, 0, 3, 3, 3, 3, 3]
311.000000	-5124.789846
#[3, 3, 3, 3, 1, 3, 3, 3, 3, 3, 3, 3, 3, 1, 3, 3]
311.000000	-5133.672955
#[3, 3, 3, 3, 3, 3, 3, 2, 3, 3, 3, 3, 0, 3, 3, 3]
311.000000	-6639.010175
#[0, 3, 3, 3, 3, 3, 3, 3, 3, 2, 3, 3, 3, 3, 3, 3]
311.000000	-5225.475900
#[0, 3, 3, 3, 3, 3, 3, 3, 3, 3, 3, 3, 3, 0, 3, 3]
311.000000	-5263.603038
#[3, 0, 3, 3, 3, 1, 3, 3, 3, 3, 3, 3, 3, 3, 3, 3]
311.000000	-5145.223065
#[3, 3, 0, 3, 3, 3, 3, 3, 3, 3, 3, 3, 3, 3, 3, 3]
311.000000	-5118.718320
#[3, 3, 3, 3, 3, 3, 3, 3, 0, 3, 3, 3, 3, 3, 3, 3]
311.000000	-5121.509986
#[3, 3, 3, 3, 0, 3, 3, 3, 3, 3, 3, 3, 3, 3, 3, 3]
311.000000	-5134.254987
#[3, 3, 3, 3, 3, 3, 3, 3, 3, 0, 3, 3, 3, 3, 3, 3]
311.000000	-5123.662619
#[3, 3, 1, 3, 3, 3, 3, 3, 3, 3, 3, 0, 3, 3, 2, 3]
321.000000	-5158.983339
#[3, 3, 0, 3, 3, 3, 3, 3, 0, 3, 3, 3, 3, 3, 3, 3]
321.000000	-5131.291003
#[3, 3, 3, 2, 3, 3, 3, 3, 3, 3, 3, 3, 3, 3, 3, 3]
321.000000	-5112.582792
#[0, 3, 3, 3, 3, 3, 3, 3, 3, 3, 3, 3, 3, 1, 0, 3]
321.000000	-5274.944674
#[3, 0, 3, 3, 3, 3, 3, 3, 3, 3, 3, 1, 3, 3, 3, 3]
321.000000	-5152.296669
#[2, 3, 3, 3, 3, 3, 3, 3, 3, 3, 3, 3, 3, 3, 3, 3]
321.000000	-5163.101379
#[3, 2, 3, 3, 3, 3, 3, 3, 3, 3, 3, 3, 3, 3, 3, 3]
321.000000	-5122.708886
#[3, 1, 3, 3, 3, 3, 3, 1, 3, 3, 3, 3, 3, 3, 3, 3]
321.000000	-5156.997320
#[3, 3, 3, 3, 3, 3, 3, 3, 3, 3, 1, 3, 3, 3, 3, 3]
321.000000	-5124.789846
#[3, 3, 3, 3, 3, 3, 2, 1, 3, 3, 3, 3, 3, 3, 3, 3]
321.000000	-5134.533254
#[3, 3, 3, 3, 3, 3, 3, 3, 1, 0, 3, 3, 3, 3, 3, 3]
331.000000	-5132.465442
#[3, 3, 3, 3, 3, 3, 3, 3, 3, 3, 3, 3, 3, 3, 1, 3]
331.000000	-5128.452374
#[3, 3, 3, 3, 3, 1, 3, 3, 3, 0, 3, 3, 3, 3, 3, 3]
331.000000	-5133.754392
#[3, 1, 3, 3, 3, 3, 3, 3, 3, 2, 3, 3, 3, 3, 3, 3]
331.000000	-5142.064701
#[3, 3, 2, 3, 3, 3, 1, 3, 3, 3, 3, 3, 0, 3, 0, 3]
331.000000	-6674.265476
#[3, 3, 2, 3, 3, 3, 0, 3, 3, 3, 3, 3, 2, 3, 3, 3]
331.000000	-5130.403785
#[3, 1, 3, 3, 3, 3, 3, 3, 3, 3, 3, 3, 3, 0, 3, 3]
331.000000	-5151.983849
#[3, 3, 3, 3, 3, 3, 3, 3, 1, 3, 0, 3, 3, 1, 3, 3]
331.000000	-5146.899968
#[3, 3, 3, 3, 3, 3, 3, 3, 0, 3, 3, 3, 2, 3, 3, 3]
331.000000	-5126.176578
#[3, 3, 0, 3, 3, 3, 3, 3, 3, 3, 3, 3, 3, 1, 3, 3]
331.000000	-5130.210691
#[3, 0, 3, 3, 3, 3, 0, 3, 3, 3, 3, 3, 3, 3, 3, 3]
341.000000	-5135.778327
#[3, 3, 3, 3, 3, 3, 1, 3, 3, 3, 3, 3, 3, 3, 3, 2]
341.000000	-23621.613877
#[3, 3, 3, 3, 3, 3, 3, 3, 3, 3, 2, 2, 3, 3, 3, 3]
341.000000	-5132.471807
#[3, 3, 3, 3, 3, 3, 3, 0, 3, 1, 3, 3, 3, 3, 3, 3]
341.000000	-5135.858884
#[3, 3, 3, 3, 3, 3, 3, 3, 3, 3, 3, 3, 2, 3, 1, 3]
341.000000	-5130.720264
#[3, 1, 3, 3, 3, 3, 3, 0, 3, 3, 3, 3, 1, 3, 3, 3]
341.000000	-5151.324614
#[3, 3, 3, 3, 3, 3, 3, 3, 3, 3, 3, 2, 3, 3, 1, 3]
341.000000	-5148.291940
#[3, 3, 3, 3, 3, 3, 3, 3, 3, 3, 3, 3, 0, 3, 3, 3]
341.000000	-6629.836316
#[3, 3, 3, 3, 3, 3, 2, 3, 3, 3, 3, 3, 1, 3, 3, 3]
341.000000	-5123.312592
#[3, 3, 3, 3, 3, 3, 3, 2, 3, 3, 3, 3, 1, 3, 3, 3]
341.000000	-5122.508409
#[3, 0, 3, 3, 3, 3, 3, 3, 3, 1, 3, 3, 3, 3, 3, 3]
351.000000	-5144.130468
#[3, 3, 3, 3, 3, 3, 2, 3, 3, 3, 3, 3, 2, 3, 3, 3]
351.000000	-5122.560834
#[3, 1, 3, 3, 3, 3, 3, 3, 0, 3, 3, 3, 3, 3, 3, 3]
351.000000	-5146.827670
#[3, 3, 3, 3, 3, 2, 3, 0, 3, 3, 3, 3, 3, 3, 3, 3]
351.000000	-5131.087760
#[3, 3, 3, 3, 0, 3, 3, 3, 3, 3, 3, 0, 3, 3, 3, 3]
351.000000	-5150.657977
#[3, 3, 0, 3, 3, 3, 3, 3, 3, 3, 3, 3, 3, 2, 3, 3]
351.000000	-5128.133170
#[0, 3, 3, 3, 3, 3, 3, 3, 0, 3, 3, 3, 3, 3, 3, 3]
351.000000	-5246.959660
#[3, 3, 3, 3, 3, 1, 3, 3, 3, 3, 2, 3, 3, 3, 3, 3]
351.000000	-5132.463118
#[3, 3, 2, 3, 3, 3, 3, 3, 3, 2, 3, 3, 0, 3, 3, 3]
351.000000	-6646.590570
#[3, 3, 3, 3, 3, 3, 3, 3, 3, 3, 1, 3, 3, 1, 3, 3]
351.000000	-5138.181690
#[3, 3, 3, 0, 3, 3, 3, 1, 3, 3, 3, 3, 3, 3, 3, 3]
361.000000	-5127.322521
#[3, 3, 1, 3, 3, 3, 3, 3, 3, 3, 3, 1, 3, 1, 3, 2]
361.000000	-23622.147996
#[3, 3, 3, 3, 3, 3, 3, 3, 3, 3, 3, 3, 1, 3, 3, 3]
361.000000	-5113.334550
#[3, 0, 0, 3, 3, 3, 3, 3, 3, 3, 3, 3, 3, 3, 3, 3]
361.000000	-5129.466540
#[3, 3, 3, 1, 3, 3, 3, 2, 3, 3, 3, 3, 3, 3, 3, 3]
361.000000	-7014.295005
#[3, 2, 3, 3, 3, 3, 3, 3, 3, 3, 3, 3, 3, 3, 1, 3]
361.000000	-5141.078182
#[3, 2, 3, 3, 3, 2, 3, 3, 3, 3, 3, 3, 3, 3, 3, 3]
361.000000	-5131.140723
#[3, 2, 3, 1, 3, 3, 3, 3, 3, 3, 3, 3, 3, 3, 3, 3]
361.000000	-6401.788834
#[2, 3, 3, 3, 3, 3, 3, 3, 3, 2, 3, 3, 3, 3, 3, 3]
361.000000	-5170.356807
#[3, 3, 3, 2, 3, 3, 3, 3, 2, 3, 3, 3, 3, 3, 2, 3]
361.000000	-5133.869150
#[3, 3, 3, 2, 3, 3, 3, 3, 3, 1, 3, 3, 3, 3, 3, 3]
371.000000	-5127.133791
#[3, 3, 3, 3, 0, 3, 1, 3, 3, 3, 3, 3, 3, 3, 2, 3]
371.000000	-5161.058378
#[3, 2, 1, 3, 3, 3, 3, 3, 3, 3, 3, 2, 3, 3, 3, 3]
371.000000	-5145.340437
#[3, 3, 3, 3, 3, 3, 3, 3, 0, 3, 3, 3, 3, 2, 3, 3]
371.000000	-5129.305059
#[3, 3, 3, 3, 3, 3, 3, 3, 0, 3, 3, 3, 3, 3, 0, 3]
371.000000	-5153.460837
#[3, 3, 3, 3, 3, 3, 3, 3, 3, 1, 3, 3, 3, 3, 3, 3]
371.000000	-5123.488302
#[3, 3, 3, 3, 3, 3, 3, 3, 3, 3, 3, 3, 3, 1, 1, 3]
371.000000	-5131.207046
#[3, 3, 3, 3, 0, 3, 1, 3, 3, 3, 3, 3, 3, 3, 3, 3]
371.000000	-5145.951146
#[3, 2, 3, 3, 3, 3, 3, 3, 3, 3, 3, 2, 3, 3, 3, 3]
371.000000	-5136.912811
#[3, 3, 3, 3, 2, 3, 3, 3, 3, 3, 3, 3, 3, 3, 0, 3]
371.000000	-5152.571273
#[3, 3, 3, 1, 3, 3, 3, 3, 3, 3, 3, 2, 3, 3, 3, 3]
381.000000	-6643.505638
#[3, 3, 3, 3, 3, 3, 0, 3, 3, 3, 3, 3, 3, 3, 0, 3]
381.000000	-5160.076827
#[3, 3, 3, 3, 3, 3, 3, 3, 0, 3, 3, 3, 3, 0, 3, 3]
381.000000	-5138.969004
#[3, 3, 1, 3, 3, 3, 3, 3, 3, 3, 3, 3, 3, 1, 3, 1]
381.000000	-15932.179995
#[3, 3, 3, 3, 3, 3, 2, 3, 3, 3, 3, 1, 3, 3, 3, 3]
381.000000	-5145.735827
#[3, 1, 3, 3, 3, 3, 3, 3, 3, 3, 3, 3, 3, 2, 3, 3]
381.000000	-5142.706446
#[3, 3, 1, 3, 2, 3, 3, 3, 3, 3, 0, 3, 3, 3, 3, 3]
381.000000	-5146.138691
#[3, 3, 3, 3, 3, 2, 2, 3, 3, 3, 3, 3, 3, 3, 2, 3]
381.000000	-5140.798092
#[3, 3, 3, 3, 3, 3, 3, 3, 3, 3, 0, 3, 2, 3, 3, 3]
381.000000	-5128.435335
#[3, 3, 3, 3, 3, 0, 3, 3, 2, 3, 3, 3, 3, 3, 3, 3]
381.000000	-5136.253324
#[3, 3, 3, 3, 3, 2, 3, 3, 1, 3, 3, 3, 3, 3, 3, 3]
391.000000	-5132.514338
#[2, 3, 3, 3, 3, 3, 0, 3, 3, 3, 3, 3, 3, 3, 3, 3]
391.000000	-5173.547712
#[3, 3, 3, 3, 3, 3, 3, 3, 3, 2, 3, 3, 3, 1, 3, 3]
391.000000	-5126.942475
#[3, 3, 3, 3, 3, 3, 3, 3, 2, 3, 3, 3, 3, 3, 3, 2]
391.000000	-23623.088633
#[1, 3, 3, 3, 3, 3, 1, 3, 3, 3, 3, 3, 3, 3, 3, 3]
391.000000	-5229.279599
#[3, 3, 3, 3, 3, 3, 3, 3, 3, 3, 0, 3, 3, 3, 3, 2]
391.000000	-23620.821436
#[3, 3, 2, 3, 3, 3, 0, 3, 3, 3, 3, 3, 3, 3, 3, 3]
391.000000	-5126.758296
#[3, 3, 1, 3, 3, 3, 3, 3, 3, 3, 3, 3, 3, 3, 3, 1]
391.000000	-15924.658711
#[3, 3, 3, 3, 3, 3, 3, 0, 0, 3, 3, 3, 3, 3, 3, 3]
391.000000	-5132.690526
#[3, 3, 3, 1, 1, 3, 3, 3, 3, 3, 3, 3, 3, 3, 3, 3]
391.000000	-6837.831835
#[3, 0, 3, 1, 3, 3, 3, 3, 3, 3, 3, 3, 3, 3, 3, 3]
401.000000	-5813.949986
#[3, 3, 3, 3, 3, 3, 3, 3, 2, 3, 3, 3, 3, 2, 3, 1]
401.000000	-15927.683293
#[3, 3, 3, 3, 3, 3, 2, 3, 3, 3, 3, 3, 3, 3, 3, 0]
401.000000	-15924.131017
#[3, 2, 3, 3, 3, 3, 3, 3, 3, 3, 3, 3, 3, 3, 0, 3]
401.000000	-5154.783279
#[3, 3, 3, 0, 3, 3, 3, 3, 3, 3, 3, 3, 0, 3, 3, 2]
401.000000	-24203.888639
#[3, 3, 3, 3, 3, 3, 3, 3, 3, 2, 3, 3, 3, 3, 3, 0]
401.000000	-15924.141540
#[3, 3, 3, 3, 3, 3, 3, 3, 3, 1, 1, 3, 3, 3, 3, 3]
401.000000	-5133.959191
#[3, 1, 3, 0, 3, 1, 3, 3, 0, 3, 3, 3, 3, 3, 3, 1]
401.000000	-15959.687124
#[3, 3, 3, 3, 3, 1, 3, 3, 3, 3, 3, 3, 1, 3, 3, 3]
401.000000	-5132.001035
#[1, 3, 3, 3, 3, 0, 3, 3, 3, 3, 3, 3, 3, 3, 3, 3]
401.000000	-5221.821616
#[3, 3, 2, 3, 1, 3, 3, 3, 3, 3, 3, 3, 3, 3, 3, 3]
411.000000	-5136.610920
#[3, 3, 3, 3, 1, 3, 1, 3, 3, 3, 3, 3, 3, 3, 3, 3]
411.000000	-5144.143614
#[3, 3, 3, 3, 3, 3, 3, 3, 0, 3, 1, 3, 2, 3, 3, 3]
411.000000	-5140.285061
#[3, 3, 2, 3, 3, 3, 3, 2, 3, 3, 3, 3, 3, 3, 3, 3]
411.000000	-5122.408892
#[1, 3, 3, 3, 3, 3, 3, 3, 0, 3, 3, 3, 3, 3, 3, 3]
411.000000	-5217.963571
#[3, 3, 0, 3, 3, 3, 3, 3, 3, 3, 2, 1, 3, 3, 3, 1]
411.000000	-16092.409726
#[3, 3, 0, 3, 3, 3, 3, 3, 3, 3, 3, 2, 3, 3, 3, 3]
411.000000	-5131.746512
#[3, 3, 3, 3, 3, 3, 3, 3, 3, 3, 3, 0, 3, 2, 3, 3]
411.000000	-5137.626234
#[3, 3, 3, 0, 3, 3, 3, 3, 3, 3, 1, 3, 3, 3, 3, 3]
411.000000	-5129.626643
#[3, 3, 0, 2, 3, 3, 2, 3, 3, 3, 3, 3, 3, 3, 3, 3]
411.000000	-5126.426641
#[3, 3, 3, 3, 3, 3, 0, 3, 3, 3, 3, 3, 3, 3, 1, 3]
421.000000	-5144.244102
#[3, 3, 3, 3, 3, 1, 3, 2, 0, 3, 3, 3, 3, 3, 3, 3]
421.000000	-5151.034844
#[3, 3, 3, 3, 3, 3, 3, 3, 3, 0, 3, 3, 3, 3, 1, 3]
421.000000	-5140.134420
#[3, 3, 3, 3, 0, 3, 0, 3, 3, 3, 3, 3, 3, 3, 3, 3]
421.000000	-5145.802795
#[0, 3, 3, 3, 3, 3, 3, 3, 1, 2, 3, 3, 3, 1, 0, 3]
421.000000	-5289.267967
#[3, 3, 3, 2, 3, 3, 3, 3, 3, 3, 3, 0, 3, 3, 3, 3]
421.000000	-5130.720264
#[3, 3, 3, 3, 3, 3, 3, 3, 3, 1, 2, 1, 3, 3, 3, 3]
421.000000	-5164.337329
#[3, 3, 3, 3, 3, 3, 1, 3, 3, 3, 0, 3, 3, 3, 3, 3]
421.000000	-5132.239452
#[3, 3, 3, 3, 3, 3, 3, 3, 2, 3, 3, 3, 2, 3, 3, 3]
421.000000	-5117.555273
#[3, 3, 1, 3, 3, 0, 3, 3, 3, 3, 3, 3, 3, 3, 3, 3]
421.000000	-5140.176471
