#[1, 3, 2, 2, 0, 2, 2, 1, 0, 1, 3, 0, 1, 0, 2, 1]
1.000000	-2186.246759
#[1, 3, 2, 2, 0, 2, 2, 1, 0, 1, 3, 2, 1, 0, 2, 1]
11.000000	-2729.522575
#[1, 3, 2, 2, 0, 2, 2, 1, 0, 3, 3, 0, 1, 0, 2, 1]
11.000000	-2170.292096
#[1, 3, 2, 2, 0, 2, 2, 1, 0, 1, 3, 0, 1, 0, 2, 3]
11.000000	-3809.947542
#[1, 3, 2, 2, 0, 2, 2, 1, 1, 1, 1, 0, 1, 0, 2, 1]
11.000000	-2733.838111
#[1, 3, 2, 2, 0, 2, 2, 1, 0, 1, 3, 0, 2, 0, 2, 1]
11.000000	-2292.680311
#[1, 3, 2, 2, 0, 2, 2, 2, 0, 1, 3, 0, 1, 0, 2, 1]
11.000000	-1377.980139
#[1, 3, 2, 2, 0, 2, 2, 0, 0, 1, 3, 0, 1, 0, 2, 1]
11.000000	-1377.460209
#[1, 3, 2, 0, 2, 2, 2, 1, 0, 0, 3, 0, 1, 0, 2, 1]
11.000000	-1339.864312
#[1, 0, 2, 2, 0, 2, 0, 1, 0, 1, 3, 0, 1, 0, 2, 1]
11.000000	-107.714494
#[3, 3, 2, 2, 0, 2, 2, 1, 0, 1, 3, 0, 1, 0, 2, 1]
11.000000	-1264.765452
#[0, 0, 2, 2, 0, 2, 0, 1, 0, 2, 3, 0, 1, 0, 2, 1]
21.000000	-61.244176
#[1, 0, 2, 2, 0, 2, 0, 1, 0, 1, 0, 0, 1, 1, 2, 1]
21.000000	-43.490678
#[1, 0, 2, 2, 0, 2, 0, 1, 0, 3, 3, 0, 1, 0, 2, 1]
21.000000	-103.592315
#[1, 0, 2, 3, 0, 2, 0, 1, 0, 1, 3, 0, 1, 0, 2, 1]
21.000000	-80.821384
#[1, 0, 2, 2, 0, 2, 0, 1, 0, 1, 3, 0, 1, 1, 2, 1]
21.000000	-113.593084
#[1, 0, 2, 2, 0, 2, 0, 1, 0, 1, 3, 0, 0, 0, 2, 1]
21.000000	-223.602721
#[0, 0, 2, 2, 0, 2, 0, 1, 0, 1, 3, 0, 3, 0, 2, 1]
21.000000	-1453.418090
#[1, 0, 2, 2, 0, 2, 0, 1, 0, 1, 3, 0, 1, 0, 3, 1]
21.000000	-122.319135
#[1, 0, 1, 2, 0, 2, 0, 1, 0, 1, 3, 0, 1, 0, 2, 1]
21.000000	-113.375259
#[1, 1, 2, 2, 0, 2, 0, 1, 0, 1, 3, 0, 1, 0, 2, 1]
21.000000	-2504.609924
#[1, 1, 2, 2, 0, 2, 0, 1, 0, 3, 0, 0, 1, 1, 2, 1]
31.000000	-2456.653951
#[1, 0, 2, 2, 0, 2, 0, 1, 0, 1, 1, 0, 1, 1, 3, 1]
31.000000	-187.654124
#[3, 0, 1, 2, 0, 2, 0, 1, 0, 1, 0, 0, 1, 1, 2, 1]
31.000000	-249.174493
#[1, 0, 2, 2, 0, 2, 0, 1, 2, 1, 1, 0, 1, 1, 2, 1]
31.000000	-285.220211
#[1, 0, 2, 2, 0, 2, 0, 3, 0, 1, 0, 0, 1, 1, 2, 1]
31.000000	0.984768
#[1, 0, 2, 2, 0, 3, 0, 1, 0, 1, 0, 2, 1, 1, 2, 1]
31.000000	-210.373451
#[1, 0, 0, 2, 0, 2, 0, 1, 0, 1, 0, 0, 1, 1, 2, 1]
31.000000	-17.608225
#[1, 0, 2, 2, 0, 2, 0, 1, 0, 1, 0, 0, 1, 2, 2, 1]
31.000000	-44.467434
#[1, 0, 2, 2, 0, 2, 0, 2, 0, 1, 0, 0, 1, 2, 2, 1]
31.000000	0.634783
#[1, 0, 2, 2, 0, 2, 0, 1, 0, 1, 0, 0, 1, 1, 3, 1]
31.000000	-43.519001
#[1, 0, 2, 2, 0, 2, 0, 3, 2, 1, 0, 0, 1, 1, 2, 1]
41.000000	0.984768
#[1, 0, 2, 0, 0, 2, 0, 3, 0, 1, 0, 0, 1, 1, 0, 1]
41.000000	0.992233
#[1, 1, 2, 2, 0, 2, 0, 3, 3, 1, 0, 0, 1, 1, 2, 1]
41.000000	0.429920
#[1, 0, 2, 2, 2, 2, 0, 3, 0, 1, 1, 0, 1, 1, 2, 1]
41.000000	-4.278083
#[1, 0, 2, 2, 2, 2, 0, 3, 3, 1, 0, 0, 1, 1, 2, 1]
41.000000	0.979371
#[1, 0, 3, 2, 0, 2, 0, 3, 0, 1, 0, 0, 1, 1, 2, 1]
41.000000	0.983444
#[1, 0, 2, 3, 0, 2, 0, 3, 0, 1, 0, 0, 1, 1, 2, 1]
41.000000	0.985611
#[1, 0, 2, 1, 0, 2, 0, 3, 0, 1, 0, 0, 1, 1, 2, 1]
41.000000	-24.256124
#[1, 0, 2, 1, 0, 2, 0, 3, 0, 1, 0, 0, 1, 2, 2, 1]
41.000000	-25.355939
#[1, 0, 1, 2, 0, 2, 0, 3, 0, 1, 0, 0, 1, 1, 0, 1]
41.000000	0.980075
#[1, 0, 2, 0, 0, 2, 0, 3, 0, 1, 0, 0, 1, 2, 0, 1]
51.000000	-185.974071
#[1, 0, 2, 0, 0, 2, 0, 3, 2, 0, 1, 0, 1, 1, 0, 1]
51.000000	0.848894
#[1, 0, 2, 0, 2, 3, 2, 3, 0, 1, 2, 0, 1, 1, 0, 1]
51.000000	-37.679151
#[1, 0, 2, 0, 0, 3, 0, 3, 0, 1, 0, 0, 1, 1, 0, 1]
51.000000	-38.450374
#[1, 0, 2, 0, 0, 2, 0, 3, 0, 1, 1, 0, 1, 1, 0, 1]
51.000000	-1.647648
#[2, 0, 2, 0, 0, 2, 0, 3, 3, 1, 0, 2, 1, 1, 0, 2]
51.000000	-1246.515043
#[1, 0, 2, 0, 0, 2, 0, 3, 0, 1, 0, 0, 2, 1, 0, 1]
51.000000	0.982051
#[1, 0, 2, 0, 0, 1, 0, 0, 0, 1, 0, 0, 1, 1, 0, 1]
51.000000	0.996645
#[1, 0, 2, 0, 0, 1, 0, 3, 0, 1, 0, 0, 1, 1, 0, 1]
51.000000	0.991385
#[1, 0, 2, 0, 0, 1, 0, 3, 0, 2, 1, 0, 1, 2, 0, 1]
51.000000	-39.519564
#[1, 0, 2, 0, 0, 1, 0, 0, 0, 1, 0, 0, 1, 3, 0, 1]
61.000000	0.981285
#[1, 0, 2, 1, 0, 1, 0, 0, 0, 1, 0, 0, 1, 1, 0, 1]
61.000000	-36.722204
#[1, 0, 2, 0, 0, 1, 0, 0, 0, 1, 3, 0, 1, 1, 0, 1]
61.000000	0.973077
#[3, 0, 2, 0, 0, 1, 0, 0, 0, 1, 0, 0, 1, 1, 0, 1]
61.000000	0.843376
#[1, 3, 2, 0, 0, 1, 0, 0, 0, 1, 0, 0, 1, 1, 0, 1]
61.000000	-396.754511
#[1, 0, 2, 0, 0, 1, 0, 0, 0, 1, 0, 0, 3, 1, 0, 1]
61.000000	0.974084
#[1, 0, 2, 0, 0, 1, 0, 0, 0, 1, 2, 0, 1, 1, 0, 0]
61.000000	0.996184
#[1, 0, 2, 0, 0, 1, 0, 0, 0, 1, 0, 0, 1, 1, 1, 1]
61.000000	0.996732
#[1, 0, 2, 0, 0, 1, 0, 1, 0, 1, 0, 0, 1, 1, 0, 1]
61.000000	0.996530
#[1, 0, 2, 0, 0, 1, 1, 0, 0, 1, 0, 0, 1, 1, 0, 1]
61.000000	0.996645
#[2, 0, 2, 0, 0, 1, 0, 0, 0, 0, 0, 0, 1, 3, 1, 1]
71.000000	0.990390
#[1, 0, 2, 3, 0, 1, 0, 0, 3, 1, 0, 0, 1, 1, 1, 1]
71.000000	0.980517
#[1, 0, 2, 0, 0, 2, 0, 0, 0, 1, 0, 0, 1, 1, 1, 1]
71.000000	0.996732
#[1, 0, 3, 0, 0, 1, 0, 0, 0, 1, 0, 0, 1, 3, 2, 1]
71.000000	0.984284
#[1, 0, 2, 0, 0, 1, 3, 0, 0, 1, 0, 0, 1, 1, 1, 1]
71.000000	0.984722
#[1, 0, 2, 0, 0, 1, 0, 0, 0, 1, 0, 0, 1, 1, 3, 1]
71.000000	0.992953
#[1, 0, 2, 0, 0, 1, 0, 0, 0, 1, 0, 1, 1, 1, 1, 1]
71.000000	0.996385
#[1, 0, 3, 0, 0, 3, 0, 0, 0, 1, 0, 0, 1, 1, 1, 1]
71.000000	-33.358632
#[1, 0, 0, 0, 0, 1, 0, 0, 0, 1, 0, 0, 1, 1, 1, 1]
71.000000	0.996732
#[1, 0, 2, 0, 0, 1, 0, 1, 0, 1, 0, 0, 1, 1, 1, 1]
71.000000	0.996616
#[1, 0, 0, 0, 0, 1, 0, 0, 0, 1, 0, 0, 2, 1, 1, 1]
81.000000	0.984220
#[1, 0, 0, 0, 0, 1, 0, 0, 2, 1, 0, 0, 1, 1, 1, 1]
81.000000	0.996732
#[1, 0, 0, 3, 0, 1, 0, 0, 0, 1, 0, 0, 1, 1, 1, 1]
81.000000	0.994560
#[1, 0, 3, 0, 0, 1, 0, 0, 0, 1, 0, 0, 1, 1, 3, 1]
81.000000	0.984813
#[3, 0, 0, 0, 0, 1, 0, 0, 0, 1, 0, 0, 1, 1, 0, 1]
81.000000	0.847410
#[1, 0, 0, 0, 0, 1, 0, 1, 0, 1, 0, 0, 1, 1, 1, 1]
81.000000	0.996616
#[1, 0, 0, 0, 0, 1, 2, 0, 0, 1, 0, 0, 1, 1, 1, 1]
81.000000	0.996732
#[1, 0, 0, 0, 0, 1, 0, 0, 0, 1, 0, 0, 0, 1, 1, 1]
81.000000	-110.117016
#[1, 0, 0, 0, 0, 1, 0, 3, 0, 1, 0, 0, 1, 1, 1, 1]
81.000000	0.994011
#[1, 0, 0, 0, 0, 1, 0, 0, 3, 1, 0, 0, 1, 1, 1, 0]
81.000000	0.987557
#[1, 0, 0, 0, 0, 1, 2, 0, 0, 1, 1, 0, 1, 1, 1, 1]
91.000000	0.996732
#[1, 0, 0, 0, 0, 3, 0, 0, 0, 1, 0, 0, 1, 1, 2, 1]
91.000000	-26.389501
#[1, 0, 2, 0, 0, 1, 2, 0, 0, 1, 0, 0, 1, 1, 1, 1]
91.000000	0.996732
#[1, 2, 0, 1, 0, 1, 2, 0, 0, 1, 0, 0, 1, 1, 1, 1]
91.000000	-2297.839133
#[1, 0, 0, 0, 0, 1, 2, 0, 1, 1, 0, 0, 1, 1, 1, 1]
91.000000	0.996732
#[1, 0, 0, 0, 0, 1, 2, 0, 0, 1, 0, 1, 1, 0, 1, 1]
91.000000	0.996178
#[1, 0, 0, 0, 0, 3, 2, 0, 0, 1, 0, 0, 1, 1, 1, 1]
91.000000	-18.548913
#[1, 0, 0, 0, 0, 1, 2, 0, 0, 1, 0, 0, 1, 1, 3, 1]
91.000000	0.991180
#[1, 0, 0, 0, 0, 1, 2, 2, 0, 3, 0, 0, 1, 1, 1, 0]
91.000000	-25.957521
#[3, 0, 0, 0, 0, 1, 2, 0, 0, 1, 0, 0, 1, 1, 1, 1]
91.000000	0.852078
#[1, 0, 0, 0, 0, 1, 2, 0, 1, 1, 0, 0, 1, 3, 1, 1]
101.000000	0.991386
#[1, 0, 0, 0, 0, 1, 2, 0, 1, 1, 0, 1, 1, 1, 1, 1]
101.000000	0.996385
#[2, 0, 0, 0, 0, 1, 2, 0, 1, 1, 0, 0, 1, 1, 1, 1]
101.000000	0.996455
#[1, 0, 0, 0, 3, 1, 2, 0, 1, 1, 0, 2, 1, 1, 1, 1]
101.000000	-89.444959
#[1, 0, 0, 0, 0, 2, 2, 0, 1, 1, 0, 1, 1, 1, 1, 1]
101.000000	0.996385
#[1, 0, 0, 0, 0, 1, 2, 0, 1, 1, 0, 0, 1, 1, 1, 2]
101.000000	-22.225527
#[1, 0, 0, 0, 0, 0, 2, 0, 1, 1, 0, 0, 1, 1, 1, 1]
101.000000	0.996732
#[1, 0, 0, 0, 0, 1, 2, 0, 1, 1, 0, 0, 3, 1, 1, 1]
101.000000	0.995775
#[1, 0, 0, 0, 0, 1, 2, 0, 1, 1, 0, 0, 1, 1, 0, 1]
101.000000	0.996645
#[1, 0, 0, 0, 0, 1, 2, 0, 2, 1, 0, 3, 1, 1, 1, 1]
101.000000	-57.419237
#[1, 0, 0, 0, 0, 0, 2, 0, 1, 1, 0, 3, 1, 1, 1, 1]
111.000000	-42.813580
#[1, 0, 0, 0, 0, 0, 2, 0, 1, 1, 0, 0, 3, 1, 1, 2]
111.000000	-28.344903
#[1, 0, 0, 0, 0, 0, 2, 0, 3, 1, 0, 0, 1, 1, 1, 1]
111.000000	-37.925045
#[1, 0, 0, 0, 0, 0, 2, 0, 1, 1, 0, 0, 1, 1, 3, 1]
111.000000	0.991316
#[1, 0, 0, 0, 3, 0, 2, 0, 1, 3, 0, 0, 1, 1, 1, 1]
111.000000	-93.149810
#[1, 0, 0, 3, 0, 0, 2, 0, 1, 1, 0, 0, 1, 1, 1, 1]
111.000000	0.994480
#[1, 0, 0, 0, 0, 2, 2, 0, 0, 1, 0, 3, 1, 1, 1, 1]
111.000000	-181.410039
#[1, 0, 0, 0, 0, 0, 2, 0, 1, 2, 0, 0, 1, 1, 1, 1]
111.000000	0.996732
#[1, 0, 0, 0, 0, 0, 2, 0, 1, 1, 0, 2, 1, 1, 1, 1]
111.000000	-31.680978
#[1, 0, 1, 0, 0, 0, 2, 0, 1, 1, 0, 0, 1, 1, 1, 1]
111.000000	0.996732
#[1, 0, 1, 3, 0, 0, 2, 0, 1, 1, 0, 0, 1, 3, 1, 1]
121.000000	0.980465
#[1, 0, 3, 0, 0, 0, 2, 0, 1, 3, 0, 0, 1, 1, 1, 1]
121.000000	-46.273492
#[1, 0, 1, 0, 0, 0, 2, 0, 1, 0, 0, 0, 1, 1, 1, 1]
121.000000	0.996732
#[1, 0, 1, 0, 0, 1, 2, 0, 1, 1, 0, 3, 1, 1, 1, 1]
121.000000	-43.187492
#[1, 0, 1, 0, 0, 0, 2, 0, 1, 1, 0, 1, 1, 1, 1, 3]
121.000000	-25.244332
#[1, 0, 1, 0, 0, 0, 2, 0, 1, 1, 0, 0, 1, 1, 1, 2]
121.000000	-22.225527
#[1, 0, 1, 3, 0, 0, 2, 0, 2, 1, 0, 0, 1, 1, 1, 1]
121.000000	0.987302
#[1, 0, 3, 0, 0, 0, 2, 0, 3, 1, 0, 0, 1, 1, 1, 1]
121.000000	-48.118723
#[1, 0, 1, 0, 0, 0, 2, 0, 1, 1, 0, 1, 1, 1, 1, 1]
121.000000	0.996385
#[1, 0, 1, 0, 1, 0, 2, 0, 1, 1, 0, 0, 1, 1, 1, 1]
121.000000	0.996732
#[1, 0, 1, 0, 1, 0, 2, 0, 1, 1, 2, 0, 1, 1, 1, 1]
131.000000	0.996732
#[1, 0, 1, 0, 1, 0, 1, 0, 1, 3, 0, 0, 1, 1, 1, 1]
131.000000	-14.358718
#[1, 0, 1, 0, 1, 0, 2, 0, 1, 1, 0, 1, 1, 1, 1, 1]
131.000000	0.996385
#[1, 0, 1, 0, 1, 0, 2, 0, 1, 2, 1, 0, 1, 1, 1, 1]
131.000000	0.996732
#[1, 0, 1, 0, 1, 0, 2, 0, 1, 0, 0, 0, 1, 1, 1, 1]
131.000000	0.996732
#[1, 0, 1, 0, 1, 0, 2, 0, 2, 1, 0, 0, 3, 1, 1, 1]
131.000000	0.993947
#[1, 0, 1, 0, 1, 3, 2, 0, 1, 1, 0, 2, 1, 1, 1, 1]
131.000000	-166.866664
#[1, 0, 1, 0, 1, 0, 2, 0, 1, 1, 0, 2, 1, 1, 1, 1]
131.000000	-31.511793
#[1, 0, 2, 0, 1, 0, 1, 0, 1, 1, 0, 0, 1, 1, 1, 1]
131.000000	0.996732
#[1, 0, 1, 0, 1, 0, 1, 0, 1, 1, 0, 0, 1, 1, 1, 1]
131.000000	0.996732
#[1, 0, 1, 0, 1, 0, 1, 0, 1, 1, 0, 1, 1, 1, 1, 1]
141.000000	0.996385
#[1, 0, 1, 0, 1, 0, 1, 0, 0, 1, 0, 0, 1, 1, 1, 1]
141.000000	0.996732
#[1, 0, 1, 0, 1, 0, 1, 0, 1, 1, 0, 0, 1, 1, 1, 0]
141.000000	0.996804
#[0, 0, 1, 0, 1, 0, 1, 0, 1, 1, 0, 0, 1, 1, 1, 1]
141.000000	0.996804
#[1, 0, 1, 0, 1, 0, 1, 1, 1, 1, 0, 0, 1, 1, 1, 1]
141.000000	0.996616
#[1, 0, 1, 0, 1, 0, 1, 1, 1, 1, 2, 0, 1, 1, 1, 1]
141.000000	0.996604
#[1, 0, 1, 0, 1, 0, 1, 0, 1, 1, 0, 0, 1, 1, 1, 2]
141.000000	-22.225527
#[1, 0, 1, 0, 1, 0, 1, 0, 1, 1, 2, 0, 1, 1, 1, 1]
141.000000	0.996732
#[1, 0, 1, 0, 0, 0, 1, 0, 1, 1, 0, 0, 1, 1, 1, 1]
141.000000	0.996732
#[1, 0, 1, 0, 1, 0, 1, 0, 1, 1, 0, 0, 1, 3, 1, 1]
141.000000	0.993796
#[0, 2, 1, 0, 1, 0, 1, 0, 1, 1, 0, 0, 1, 1, 1, 1]
151.000000	0.996804
#[0, 0, 1, 1, 1, 0, 1, 0, 1, 1, 0, 0, 1, 1, 1, 1]
151.000000	-44.706577
#[0, 0, 1, 0, 1, 0, 1, 0, 2, 1, 0, 0, 1, 1, 1, 1]
151.000000	0.996804
#[0, 0, 1, 0, 1, 0, 1, 1, 1, 1, 0, 0, 1, 1, 1, 1]
151.000000	0.996745
#[0, 0, 1, 0, 0, 0, 1, 0, 1, 1, 0, 0, 1, 1, 1, 3]
151.000000	-27.513889
#[0, 0, 3, 0, 1, 0, 1, 0, 1, 1, 0, 0, 1, 1, 1, 1]
151.000000	0.989812
#[0, 0, 1, 1, 1, 0, 1, 0, 1, 1, 0, 0, 0, 1, 1, 1]
151.000000	-49.028911
#[3, 0, 1, 0, 1, 0, 1, 0, 1, 1, 0, 0, 1, 0, 1, 1]
151.000000	0.698177
#[0, 0, 1, 0, 3, 0, 1, 0, 1, 1, 0, 0, 1, 1, 1, 0]
151.000000	-2.516401
#[0, 0, 1, 0, 1, 0, 1, 0, 1, 1, 3, 0, 1, 1, 1, 1]
151.000000	-14.367885
#[0, 0, 1, 0, 1, 0, 1, 0, 2, 1, 0, 2, 1, 1, 1, 1]
161.000000	-21.454503
#[0, 0, 1, 0, 3, 0, 1, 0, 0, 1, 0, 0, 1, 1, 1, 1]
161.000000	0.800706
#[0, 0, 1, 0, 0, 0, 1, 0, 2, 1, 0, 0, 1, 1, 1, 1]
161.000000	0.996804
#[0, 3, 1, 0, 0, 0, 1, 0, 1, 1, 0, 0, 1, 1, 1, 1]
161.000000	0.992981
#[0, 0, 1, 0, 1, 0, 1, 0, 2, 1, 1, 0, 1, 1, 1, 1]
161.000000	0.996804
#[0, 0, 1, 0, 1, 0, 1, 1, 2, 3, 0, 0, 1, 1, 1, 1]
161.000000	-36.673550
#[0, 0, 1, 0, 1, 0, 1, 0, 2, 2, 0, 0, 1, 1, 1, 1]
161.000000	0.996804
#[0, 0, 1, 0, 1, 3, 1, 0, 2, 1, 1, 0, 1, 1, 1, 1]
161.000000	0.990774
#[0, 0, 1, 0, 1, 0, 1, 0, 0, 1, 0, 0, 2, 1, 1, 1]
161.000000	0.990428
#[0, 0, 1, 0, 1, 0, 1, 0, 2, 1, 0, 0, 1, 1, 1, 0]
161.000000	0.996732
#[0, 0, 1, 0, 1, 0, 0, 0, 2, 2, 0, 0, 1, 1, 1, 1]
171.000000	0.996804
#[0, 0, 0, 0, 1, 0, 1, 0, 2, 3, 0, 0, 1, 1, 1, 1]
171.000000	-38.610120
#[0, 0, 1, 0, 1, 0, 1, 0, 1, 2, 0, 0, 1, 1, 1, 1]
171.000000	0.996804
#[0, 0, 1, 0, 2, 2, 1, 0, 2, 2, 3, 0, 1, 0, 1, 1]
171.000000	-1347.252060
#[0, 0, 1, 0, 1, 0, 1, 2, 2, 2, 0, 2, 1, 1, 1, 2]
171.000000	-290.741383
#[0, 0, 1, 0, 1, 0, 1, 2, 2, 2, 0, 1, 1, 1, 1, 1]
171.000000	-103.031361
#[0, 0, 1, 2, 1, 0, 1, 0, 2, 2, 0, 0, 1, 1, 1, 1]
171.000000	0.987547
#[0, 0, 1, 0, 1, 0, 1, 0, 0, 2, 0, 0, 1, 1, 1, 1]
171.000000	0.996804
#[0, 3, 1, 0, 1, 0, 1, 0, 2, 2, 0, 0, 1, 1, 1, 1]
171.000000	0.992411
#[1, 0, 1, 0, 3, 0, 1, 0, 2, 2, 0, 0, 1, 1, 1, 1]
171.000000	0.990926
#[2, 0, 1, 0, 1, 0, 1, 0, 0, 2, 0, 0, 2, 1, 1, 1]
181.000000	0.747036
#[0, 0, 1, 3, 1, 0, 1, 0, 0, 2, 0, 0, 1, 1, 1, 1]
181.000000	0.985980
#[0, 0, 1, 0, 1, 0, 0, 0, 0, 2, 0, 0, 1, 1, 1, 1]
181.000000	0.996804
#[0, 0, 1, 0, 1, 0, 2, 0, 0, 2, 0, 0, 1, 1, 2, 1]
181.000000	0.528329
#[0, 0, 1, 0, 1, 0, 1, 0, 0, 3, 0, 0, 1, 1, 1, 1]
181.000000	-17.632575
#[0, 0, 1, 0, 1, 0, 1, 0, 0, 2, 0, 0, 1, 1, 2, 1]
181.000000	0.627318
#[3, 0, 1, 0, 1, 0, 1, 0, 0, 2, 3, 0, 1, 1, 1, 1]
181.000000	-881.613911
#[0, 0, 1, 0, 1, 0, 1, 0, 0, 2, 0, 2, 1, 1, 1, 1]
181.000000	-78.502894
#[0, 0, 1, 2, 1, 0, 3, 0, 0, 2, 0, 0, 1, 1, 1, 1]
181.000000	0.991809
#[0, 0, 1, 0, 1, 0, 1, 0, 0, 2, 2, 0, 1, 1, 1, 1]
181.000000	0.996804
#[3, 0, 1, 0, 1, 0, 1, 0, 0, 2, 2, 0, 1, 1, 1, 1]
191.000000	0.927257
#[0, 0, 1, 0, 1, 0, 1, 0, 0, 2, 2, 1, 1, 1, 1, 1]
191.000000	0.995977
#[1, 0, 1, 0, 1, 0, 1, 0, 0, 2, 2, 0, 1, 1, 0, 1]
191.000000	0.859714
#[0, 0, 2, 0, 1, 0, 1, 0, 0, 2, 2, 0, 1, 1, 1, 1]
191.000000	0.996804
#[0, 0, 1, 0, 1, 0, 1, 1, 2, 2, 2, 0, 1, 1, 1, 1]
191.000000	0.996743
#[0, 0, 1, 0, 1, 0, 1, 0, 0, 2, 2, 0, 1, 1, 3, 1]
191.000000	-39.773137
#[0, 0, 1, 3, 1, 0, 1, 0, 0, 2, 2, 0, 1, 1, 1, 1]
191.000000	0.985839
#[0, 0, 1, 0, 1, 0, 1, 0, 0, 2, 3, 0, 1, 1, 1, 1]
191.000000	-28.978759
#[0, 0, 1, 0, 1, 1, 1, 0, 0, 2, 2, 0, 1, 1, 1, 1]
191.000000	0.996804
#[0, 0, 2, 0, 1, 0, 1, 0, 0, 0, 2, 0, 1, 1, 1, 1]
191.000000	0.996804
#[0, 0, 2, 0, 1, 0, 1, 0, 0, 1, 2, 0, 1, 2, 1, 1]
201.000000	0.996244
#[0, 0, 0, 0, 2, 0, 1, 0, 1, 0, 2, 0, 1, 1, 1, 1]
201.000000	0.996804
#[0, 0, 2, 0, 1, 0, 1, 0, 0, 0, 3, 0, 1, 1, 1, 0]
201.000000	-35.328429
#[0, 0, 2, 0, 1, 0, 2, 0, 0, 0, 2, 0, 1, 1, 1, 1]
201.000000	0.996804
#[0, 0, 2, 0, 1, 0, 0, 0, 0, 0, 2, 0, 1, 1, 1, 1]
201.000000	0.996804
#[0, 0, 2, 0, 2, 0, 1, 0, 0, 0, 2, 0, 1, 1, 1, 1]
201.000000	0.996804
#[0, 0, 2, 0, 1, 0, 1, 0, 0, 0, 2, 0, 1, 1, 1, 0]
201.000000	0.996732
#[0, 0, 3, 0, 1, 0, 1, 0, 0, 0, 2, 0, 1, 1, 1, 1]
201.000000	0.991290
#[0, 0, 2, 0, 1, 0, 3, 0, 0, 0, 2, 3, 1, 1, 1, 1]
201.000000	-117.911063
#[0, 0, 1, 0, 1, 0, 1, 0, 0, 0, 2, 0, 3, 1, 1, 1]
201.000000	0.972251
#[1, 0, 2, 0, 2, 0, 1, 0, 0, 0, 2, 0, 1, 1, 1, 1]
211.000000	0.996732
#[0, 0, 0, 0, 2, 0, 1, 0, 0, 0, 2, 0, 1, 1, 1, 1]
211.000000	0.996804
#[0, 0, 2, 0, 2, 0, 1, 0, 0, 0, 0, 0, 1, 1, 1, 1]
211.000000	0.996804
#[0, 0, 0, 0, 2, 1, 1, 3, 0, 0, 2, 0, 1, 1, 1, 1]
211.000000	0.995085
#[0, 2, 2, 0, 2, 0, 1, 0, 0, 0, 2, 0, 1, 1, 1, 1]
211.000000	0.996804
#[1, 0, 2, 0, 2, 0, 1, 1, 0, 0, 2, 0, 1, 1, 1, 1]
211.000000	0.996607
#[0, 0, 2, 3, 2, 0, 1, 0, 0, 0, 2, 0, 1, 1, 1, 1]
211.000000	0.989686
#[0, 0, 2, 0, 2, 0, 1, 0, 0, 2, 2, 0, 1, 1, 1, 1]
211.000000	0.996804
#[0, 0, 2, 1, 2, 0, 1, 0, 0, 0, 2, 0, 1, 1, 3, 1]
211.000000	-64.033616
#[0, 1, 2, 0, 2, 0, 0, 0, 0, 0, 2, 0, 1, 1, 1, 1]
211.000000	0.996804
#[0, 1, 2, 0, 2, 0, 1, 2, 0, 0, 2, 0, 1, 1, 1, 3]
221.000000	-325.507410
#[0, 3, 2, 0, 2, 0, 0, 0, 0, 0, 2, 3, 1, 1, 1, 1]
221.000000	-120.478306
#[0, 3, 2, 0, 2, 0, 1, 0, 0, 0, 2, 0, 0, 1, 1, 1]
221.000000	-2645.359739
#[0, 1, 2, 0, 2, 0, 0, 0, 0, 3, 2, 0, 1, 1, 1, 1]
221.000000	0.962333
#[0, 1, 3, 3, 2, 0, 0, 1, 0, 0, 2, 0, 1, 1, 1, 1]
221.000000	0.967364
#[0, 1, 2, 0, 2, 0, 0, 3, 0, 0, 2, 0, 1, 1, 1, 1]
221.000000	0.992153
#[0, 1, 2, 0, 2, 0, 0, 0, 0, 0, 2, 1, 1, 1, 3, 1]
221.000000	0.990077
#[0, 1, 2, 0, 2, 0, 0, 0, 0, 0, 2, 1, 1, 1, 1, 1]
221.000000	0.996200
#[0, 1, 2, 0, 2, 0, 0, 0, 0, 0, 2, 3, 1, 1, 1, 1]
221.000000	-64.652884
#[0, 1, 2, 0, 2, 0, 0, 0, 2, 0, 2, 0, 1, 1, 1, 1]
221.000000	0.996804
#[0, 1, 2, 1, 2, 0, 0, 0, 2, 0, 2, 0, 1, 0, 1, 1]
231.000000	-60.324032
#[0, 1, 0, 0, 2, 0, 0, 0, 2, 0, 2, 0, 1, 0, 1, 1]
231.000000	0.996677
#[0, 1, 2, 0, 2, 0, 0, 0, 2, 0, 2, 0, 1, 2, 1, 1]
231.000000	0.911412
#[0, 1, 2, 0, 3, 0, 0, 0, 2, 0, 2, 0, 1, 1, 1, 1]
231.000000	0.909660
#[0, 1, 2, 0, 0, 0, 0, 0, 2, 0, 2, 0, 1, 1, 1, 1]
231.000000	0.996804
#[0, 1, 2, 0, 2, 0, 1, 0, 2, 0, 2, 0, 1, 1, 1, 1]
231.000000	0.996804
#[0, 2, 1, 0, 2, 0, 0, 0, 2, 0, 2, 0, 2, 1, 1, 1]
231.000000	0.815230
#[0, 1, 2, 0, 2, 0, 0, 0, 2, 1, 2, 0, 1, 1, 1, 1]
231.000000	0.996804
#[0, 1, 2, 0, 2, 0, 0, 0, 1, 0, 2, 0, 1, 1, 1, 1]
231.000000	0.996804
#[3, 1, 2, 0, 2, 0, 0, 0, 2, 0, 2, 0, 3, 1, 1, 1]
231.000000	0.616618
#[1, 1, 2, 0, 2, 0, 0, 0, 1, 0, 2, 0, 1, 1, 1, 1]
241.000000	0.996732
#[0, 1, 2, 0, 2, 0, 2, 0, 1, 0, 2, 0, 1, 1, 1, 1]
241.000000	0.996804
#[0, 1, 2, 0, 2, 0, 0, 0, 1, 0, 2, 0, 0, 1, 1, 1]
241.000000	-2591.063269
#[0, 1, 2, 0, 2, 0, 0, 0, 1, 0, 2, 1, 1, 1, 1, 1]
241.000000	0.996200
#[0, 1, 2, 3, 2, 0, 0, 0, 1, 0, 2, 0, 1, 1, 1, 1]
241.000000	0.986734
#[0, 1, 2, 0, 2, 0, 0, 0, 1, 0, 2, 3, 1, 1, 1, 1]
241.000000	-64.652884
#[0, 1, 1, 0, 2, 0, 0, 0, 1, 0, 2, 0, 1, 1, 1, 1]
241.000000	0.996804
#[0, 1, 2, 0, 2, 1, 0, 0, 2, 0, 2, 0, 1, 1, 1, 1]
241.000000	0.996804
#[0, 1, 2, 0, 2, 2, 0, 0, 1, 0, 2, 0, 1, 1, 1, 1]
241.000000	0.996804
#[0, 1, 2, 0, 2, 0, 0, 0, 1, 0, 3, 0, 1, 1, 1, 1]
241.000000	-21.562773
#[0, 1, 2, 0, 2, 2, 3, 0, 1, 0, 2, 3, 1, 1, 0, 1]
251.000000	-3493.018808
#[0, 1, 2, 0, 1, 2, 0, 0, 1, 0, 2, 0, 1, 1, 3, 1]
251.000000	-44.107002
#[0, 1, 3, 0, 2, 2, 0, 0, 1, 0, 2, 0, 1, 1, 1, 1]
251.000000	0.990367
#[3, 1, 2, 0, 2, 2, 0, 0, 1, 0, 2, 0, 1, 1, 1, 3]
251.000000	-5544.721327
#[0, 1, 2, 0, 1, 2, 0, 0, 1, 0, 2, 0, 1, 1, 1, 1]
251.000000	0.996804
#[0, 1, 2, 0, 2, 2, 0, 0, 3, 0, 2, 0, 1, 1, 1, 0]
251.000000	0.696630
#[0, 1, 2, 0, 2, 2, 0, 0, 1, 2, 2, 0, 1, 1, 1, 1]
251.000000	0.996804
#[0, 1, 2, 0, 2, 2, 0, 0, 2, 0, 2, 0, 1, 0, 1, 1]
251.000000	0.996495
#[0, 3, 2, 0, 2, 2, 0, 0, 1, 1, 2, 0, 1, 1, 1, 1]
251.000000	0.993095
#[0, 1, 2, 0, 2, 2, 0, 0, 0, 0, 2, 0, 1, 1, 1, 1]
251.000000	0.996804
#[0, 1, 2, 0, 2, 2, 0, 0, 3, 0, 3, 0, 1, 1, 1, 1]
261.000000	-1428.158393
#[0, 1, 2, 0, 2, 2, 0, 0, 0, 0, 2, 3, 1, 1, 1, 1]
261.000000	-158.723421
#[0, 1, 3, 0, 2, 2, 0, 0, 0, 0, 2, 0, 1, 1, 1, 1]
261.000000	0.990367
#[2, 1, 2, 0, 2, 2, 0, 1, 0, 0, 2, 0, 1, 1, 1, 1]
261.000000	0.996322
#[0, 1, 2, 3, 2, 2, 0, 0, 0, 0, 2, 0, 1, 1, 1, 1]
261.000000	0.986669
#[2, 1, 2, 0, 2, 1, 0, 0, 0, 0, 2, 0, 1, 1, 1, 1]
261.000000	0.996455
#[0, 1, 2, 0, 2, 2, 0, 0, 0, 0, 2, 1, 1, 1, 1, 1]
261.000000	0.995277
#[0, 1, 2, 0, 2, 2, 0, 0, 0, 0, 2, 0, 1, 1, 1, 2]
261.000000	-264.046112
#[0, 3, 3, 0, 2, 2, 0, 0, 0, 0, 2, 0, 1, 1, 1, 1]
261.000000	0.991070
#[0, 1, 2, 0, 2, 2, 0, 1, 3, 0, 2, 0, 1, 1, 1, 1]
261.000000	0.697350
#[0, 1, 1, 0, 2, 2, 0, 0, 0, 0, 2, 0, 1, 1, 1, 1]
271.000000	0.996804
#[0, 1, 2, 0, 2, 2, 0, 0, 0, 0, 1, 0, 1, 1, 1, 1]
271.000000	0.996804
#[0, 1, 2, 0, 2, 1, 2, 0, 3, 0, 2, 0, 1, 1, 1, 1]
271.000000	0.738133
#[0, 2, 2, 0, 2, 2, 0, 0, 0, 0, 2, 0, 1, 1, 1, 1]
271.000000	0.996804
#[0, 1, 2, 0, 2, 2, 1, 0, 0, 0, 2, 0, 1, 1, 1, 1]
271.000000	0.996804
#[3, 1, 0, 0, 2, 2, 0, 0, 0, 0, 2, 0, 1, 1, 1, 1]
271.000000	0.973715
#[0, 1, 2, 0, 2, 0, 0, 0, 0, 0, 2, 0, 0, 1, 1, 1]
271.000000	-2768.635668
#[0, 1, 2, 0, 2, 2, 0, 2, 0, 0, 2, 0, 1, 0, 1, 1]
271.000000	0.995874
#[2, 1, 2, 0, 2, 2, 0, 0, 0, 0, 2, 0, 1, 2, 1, 1]
271.000000	0.989602
#[0, 1, 1, 0, 0, 2, 0, 0, 0, 0, 2, 0, 1, 1, 1, 1]
271.000000	0.996804
#[0, 1, 1, 0, 1, 2, 0, 0, 0, 0, 2, 0, 1, 1, 1, 1]
281.000000	0.996804
#[0, 1, 1, 0, 0, 2, 0, 0, 0, 0, 2, 0, 1, 1, 2, 1]
281.000000	0.412124
#[0, 1, 2, 0, 0, 2, 0, 0, 0, 0, 2, 0, 1, 1, 1, 0]
281.000000	0.996732
#[0, 1, 1, 0, 0, 2, 0, 0, 0, 0, 2, 0, 1, 1, 1, 2]
281.000000	-114.270495
#[0, 1, 1, 0, 0, 2, 0, 0, 0, 2, 2, 0, 1, 1, 1, 1]
281.000000	0.996804
#[0, 1, 1, 0, 0, 1, 0, 0, 0, 0, 2, 0, 1, 1, 1, 1]
281.000000	0.996804
#[0, 1, 1, 0, 0, 2, 0, 0, 0, 1, 2, 0, 1, 1, 1, 1]
281.000000	0.996804
#[0, 2, 1, 0, 0, 2, 0, 0, 0, 0, 2, 0, 1, 1, 1, 1]
281.000000	0.996804
#[0, 1, 1, 0, 1, 2, 0, 1, 0, 0, 3, 0, 1, 1, 1, 1]
281.000000	-19.690662
#[0, 1, 1, 0, 0, 2, 0, 0, 0, 0, 0, 0, 1, 1, 1, 1]
281.000000	0.996804
#[0, 3, 1, 0, 0, 2, 0, 0, 0, 0, 2, 0, 1, 1, 1, 1]
291.000000	0.993100
#[0, 1, 2, 0, 0, 2, 0, 0, 0, 0, 0, 0, 1, 1, 1, 1]
291.000000	0.996804
#[0, 1, 1, 2, 0, 2, 0, 0, 0, 0, 0, 0, 1, 1, 1, 1]
291.000000	0.988042
#[2, 1, 1, 0, 0, 2, 0, 0, 0, 0, 0, 1, 1, 1, 1, 0]
291.000000	0.996287
#[0, 1, 1, 0, 0, 2, 0, 0, 0, 0, 0, 0, 2, 1, 1, 1]
291.000000	-918.219240
#[0, 1, 1, 0, 0, 2, 0, 0, 0, 0, 0, 0, 1, 1, 1, 0]
291.000000	0.996732
#[0, 1, 1, 1, 0, 2, 0, 0, 0, 0, 0, 0, 1, 1, 1, 1]
291.000000	-82.531146
#[0, 1, 1, 3, 0, 2, 0, 0, 0, 0, 0, 0, 1, 1, 1, 1]
291.000000	0.980854
#[0, 2, 1, 0, 0, 2, 0, 0, 0, 0, 0, 0, 1, 1, 1, 1]
291.000000	0.996804
#[1, 1, 1, 0, 0, 2, 0, 0, 0, 0, 0, 0, 1, 1, 3, 1]
291.000000	0.992953
#[0, 2, 1, 0, 0, 2, 0, 0, 0, 0, 0, 1, 1, 1, 1, 1]
301.000000	0.996548
#[2, 2, 1, 0, 0, 2, 0, 0, 0, 0, 0, 0, 1, 1, 1, 0]
301.000000	0.996455
#[0, 2, 2, 0, 0, 2, 0, 0, 0, 0, 0, 0, 1, 1, 1, 1]
301.000000	0.996804
#[0, 2, 1, 2, 0, 2, 0, 0, 0, 0, 0, 0, 1, 1, 1, 1]
301.000000	0.991530
#[0, 2, 1, 0, 1, 2, 0, 0, 0, 0, 0, 0, 2, 1, 1, 2]
301.000000	-99.513901
#[0, 2, 1, 0, 0, 2, 0, 1, 0, 0, 0, 0, 1, 1, 1, 1]
301.000000	0.996745
#[0, 2, 1, 0, 0, 2, 0, 2, 0, 0, 0, 1, 1, 1, 1, 1]
301.000000	-28.950052
#[0, 2, 1, 0, 0, 2, 0, 2, 0, 0, 0, 0, 1, 1, 1, 1]
301.000000	0.996544
#[0, 2, 3, 0, 0, 2, 0, 0, 0, 0, 0, 0, 1, 1, 1, 1]
301.000000	0.992950
#[0, 2, 1, 0, 0, 1, 2, 0, 0, 0, 0, 0, 1, 1, 1, 1]
301.000000	0.996804
#[0, 2, 1, 0, 0, 1, 2, 0, 0, 0, 0, 0, 1, 1, 1, 0]
311.000000	0.996732
#[0, 2, 1, 0, 3, 1, 2, 0, 0, 0, 0, 0, 1, 1, 1, 1]
311.000000	0.916709
#[0, 2, 1, 0, 0, 1, 3, 0, 0, 0, 0, 0, 1, 1, 0, 1]
311.000000	0.992070
#[0, 2, 3, 0, 0, 1, 2, 0, 0, 0, 0, 0, 1, 1, 1, 1]
311.000000	0.989003
#[0, 2, 1, 0, 3, 1, 2, 0, 0, 0, 0, 1, 1, 1, 1, 1]
311.000000	0.912818
#[0, 2, 1, 0, 0, 1, 2, 0, 1, 0, 0, 0, 1, 1, 1, 1]
311.000000	0.996804
#[0, 0, 1, 0, 0, 1, 2, 0, 0, 0, 0, 0, 1, 1, 1, 1]
311.000000	0.996804
#[0, 1, 1, 0, 0, 1, 2, 0, 0, 0, 0, 0, 1, 1, 1, 1]
311.000000	0.996804
#[0, 2, 1, 0, 0, 1, 2, 0, 0, 0, 0, 0, 1, 0, 1, 1]
311.000000	0.996589
#[0, 2, 1, 3, 0, 1, 2, 0, 0, 0, 0, 0, 1, 1, 1, 1]
311.000000	0.977428
#[0, 1, 1, 0, 0, 1, 2, 0, 2, 0, 0, 0, 1, 1, 1, 1]
321.000000	0.996804
#[0, 1, 1, 0, 0, 1, 3, 0, 0, 0, 0, 0, 1, 1, 1, 1]
321.000000	0.994325
#[0, 1, 1, 0, 0, 1, 2, 0, 0, 0, 0, 0, 1, 3, 1, 1]
321.000000	0.990557
#[0, 1, 1, 0, 0, 1, 2, 0, 0, 0, 0, 0, 1, 2, 1, 1]
321.000000	0.995646
#[0, 1, 1, 1, 0, 1, 2, 0, 0, 0, 0, 0, 1, 1, 1, 1]
321.000000	-117.479346
#[0, 1, 1, 0, 1, 1, 2, 0, 0, 0, 0, 0, 1, 1, 1, 1]
321.000000	0.996804
#[3, 1, 1, 0, 0, 1, 2, 0, 0, 0, 0, 0, 1, 1, 1, 1]
321.000000	0.974035
#[0, 1, 2, 0, 0, 1, 2, 0, 0, 0, 0, 0, 1, 1, 1, 1]
321.000000	0.996804
#[0, 1, 1, 0, 0, 1, 2, 0, 0, 0, 0, 1, 2, 1, 1, 1]
321.000000	-866.949879
#[0, 1, 1, 0, 0, 3, 2, 0, 0, 2, 0, 0, 1, 2, 1, 1]
321.000000	-10.728853
#[0, 1, 2, 0, 0, 1, 2, 0, 0, 0, 2, 1, 1, 1, 1, 2]
331.000000	-385.229460
#[0, 1, 2, 0, 0, 1, 2, 0, 0, 0, 3, 0, 1, 1, 1, 1]
331.000000	-89.493106
#[0, 1, 2, 3, 2, 1, 2, 0, 0, 0, 0, 0, 1, 1, 1, 1]
331.000000	0.952617
#[0, 1, 2, 3, 0, 1, 2, 0, 0, 0, 0, 0, 1, 1, 1, 1]
331.000000	0.982788
#[3, 1, 2, 0, 0, 1, 2, 0, 0, 0, 0, 0, 1, 1, 1, 1]
331.000000	0.974034
#[0, 1, 3, 0, 0, 1, 2, 0, 0, 0, 0, 0, 1, 1, 1, 1]
331.000000	0.987654
#[0, 1, 2, 0, 0, 1, 2, 0, 0, 0, 0, 0, 1, 1, 1, 0]
331.000000	0.996732
#[0, 1, 2, 0, 0, 1, 2, 2, 0, 0, 0, 0, 1, 1, 1, 1]
331.000000	0.994407
#[0, 1, 1, 0, 0, 3, 2, 0, 0, 0, 0, 0, 1, 1, 1, 1]
331.000000	0.994072
#[0, 1, 2, 2, 0, 1, 2, 0, 0, 0, 0, 0, 1, 1, 1, 1]
331.000000	0.991482
#[0, 1, 2, 0, 0, 2, 2, 0, 0, 0, 0, 2, 1, 1, 1, 1]
341.000000	-43.279322
#[0, 1, 2, 0, 0, 0, 2, 0, 0, 0, 0, 0, 1, 1, 1, 1]
341.000000	0.996804
#[0, 1, 2, 0, 0, 1, 2, 0, 3, 0, 0, 0, 1, 1, 1, 1]
341.000000	-792.196843
#[0, 1, 2, 0, 0, 1, 2, 0, 0, 0, 0, 1, 1, 1, 1, 1]
341.000000	0.996548
#[0, 1, 2, 0, 0, 1, 2, 0, 0, 0, 0, 0, 1, 2, 1, 1]
341.000000	0.994491
#[0, 1, 2, 2, 0, 1, 2, 0, 0, 0, 0, 0, 1, 1, 0, 1]
341.000000	0.991322
#[0, 1, 2, 0, 0, 1, 2, 0, 0, 0, 0, 0, 2, 1, 1, 1]
341.000000	-948.375430
#[0, 1, 2, 1, 0, 1, 2, 0, 0, 0, 0, 2, 1, 1, 1, 1]
341.000000	-127.417950
#[1, 1, 2, 0, 0, 1, 2, 0, 0, 0, 0, 3, 1, 1, 1, 1]
341.000000	-1002.020208
#[2, 1, 2, 0, 0, 1, 2, 0, 3, 0, 0, 0, 1, 1, 1, 1]
341.000000	-790.729598
#[0, 1, 2, 0, 0, 0, 2, 0, 0, 0, 0, 0, 1, 1, 2, 1]
351.000000	0.995195
#[0, 1, 2, 0, 0, 0, 2, 0, 3, 0, 0, 0, 1, 1, 1, 1]
351.000000	-792.256687
#[0, 1, 2, 0, 0, 0, 2, 1, 0, 0, 0, 0, 1, 1, 1, 1]
351.000000	0.995729
#[0, 1, 2, 0, 0, 0, 2, 0, 0, 0, 0, 0, 1, 1, 1, 2]
351.000000	-22.225527
#[0, 1, 2, 0, 0, 0, 1, 0, 1, 0, 0, 0, 1, 1, 1, 1]
351.000000	0.996804
#[0, 1, 2, 0, 0, 0, 2, 3, 0, 0, 0, 0, 1, 1, 1, 1]
351.000000	0.986581
#[0, 1, 2, 0, 0, 0, 2, 0, 0, 0, 3, 0, 1, 1, 0, 1]
351.000000	0.937753
#[0, 1, 2, 0, 0, 0, 2, 0, 3, 0, 0, 0, 1, 1, 1, 0]
351.000000	-795.263764
#[0, 1, 2, 0, 0, 0, 2, 0, 0, 0, 1, 0, 1, 1, 1, 1]
351.000000	0.996804
#[0, 1, 2, 1, 0, 0, 2, 0, 0, 0, 0, 0, 1, 1, 2, 1]
351.000000	-60.045161
#[0, 1, 2, 0, 0, 0, 2, 0, 0, 0, 1, 0, 0, 1, 1, 1]
361.000000	-2666.897432
#[3, 1, 2, 0, 0, 0, 2, 0, 0, 0, 1, 0, 1, 1, 1, 1]
361.000000	0.974031
#[0, 1, 2, 1, 0, 0, 2, 0, 0, 0, 1, 0, 1, 2, 1, 1]
361.000000	-60.039207
#[0, 1, 2, 0, 0, 0, 3, 0, 0, 0, 1, 0, 1, 1, 1, 1]
361.000000	-45.371662
#[0, 1, 2, 1, 0, 0, 2, 0, 0, 0, 1, 0, 1, 1, 1, 1]
361.000000	-60.038435
#[0, 1, 2, 0, 0, 0, 2, 2, 0, 0, 0, 0, 1, 1, 2, 1]
361.000000	0.992970
#[0, 1, 2, 0, 0, 0, 2, 0, 3, 0, 1, 0, 1, 0, 1, 1]
361.000000	0.590529
#[0, 1, 3, 0, 0, 0, 0, 0, 0, 0, 1, 0, 1, 1, 1, 1]
361.000000	0.990472
#[0, 1, 2, 0, 0, 0, 2, 2, 2, 0, 1, 0, 1, 1, 1, 1]
361.000000	-319.050243
#[0, 1, 2, 0, 0, 0, 2, 0, 0, 0, 1, 0, 1, 1, 0, 1]
361.000000	0.996667
#[2, 1, 2, 0, 0, 0, 2, 0, 0, 0, 1, 0, 1, 1, 1, 1]
371.000000	0.996455
#[0, 1, 2, 0, 0, 0, 2, 0, 0, 2, 1, 0, 1, 2, 1, 1]
371.000000	0.995970
#[0, 0, 2, 0, 0, 0, 2, 0, 0, 0, 1, 0, 1, 1, 1, 1]
371.000000	0.996804
#[0, 1, 2, 3, 0, 0, 2, 0, 0, 0, 1, 2, 1, 1, 1, 1]
371.000000	-158.222658
#[0, 1, 2, 0, 3, 0, 2, 0, 0, 0, 1, 0, 1, 1, 1, 1]
371.000000	0.912977
#[0, 1, 2, 0, 0, 0, 2, 0, 0, 2, 1, 0, 1, 1, 1, 1]
371.000000	0.996804
#[2, 1, 2, 0, 0, 2, 2, 3, 0, 0, 1, 0, 1, 1, 1, 1]
371.000000	-687.633163
#[0, 1, 2, 0, 0, 0, 2, 0, 0, 0, 1, 2, 1, 1, 1, 1]
371.000000	-157.746008
#[0, 1, 2, 0, 0, 0, 2, 0, 0, 0, 1, 0, 3, 1, 1, 1]
371.000000	-3.849435
#[0, 1, 2, 0, 0, 0, 2, 3, 0, 0, 1, 0, 2, 1, 1, 1]
371.000000	-1346.249217
#[0, 1, 2, 0, 0, 0, 1, 0, 0, 2, 1, 0, 1, 1, 1, 1]
381.000000	0.996804
#[0, 1, 3, 0, 0, 0, 2, 0, 0, 2, 1, 0, 1, 1, 1, 1]
381.000000	0.990371
#[0, 1, 2, 0, 0, 0, 2, 1, 0, 1, 1, 0, 1, 1, 1, 1]
381.000000	0.702622
#[0, 1, 2, 0, 1, 0, 2, 0, 0, 2, 3, 0, 1, 1, 1, 1]
381.000000	-93.031898
#[0, 1, 2, 3, 0, 0, 2, 0, 0, 2, 1, 0, 1, 1, 1, 1]
381.000000	0.986781
#[0, 1, 2, 0, 2, 0, 2, 0, 0, 2, 1, 0, 2, 1, 1, 1]
381.000000	0.756870
#[0, 0, 2, 0, 0, 0, 2, 0, 0, 2, 1, 0, 1, 1, 1, 1]
381.000000	0.996804
#[0, 1, 0, 0, 0, 0, 2, 0, 0, 2, 1, 1, 1, 1, 1, 1]
381.000000	0.996548
#[0, 2, 1, 0, 0, 0, 2, 0, 0, 2, 1, 0, 1, 1, 1, 1]
381.000000	0.996804
#[0, 2, 2, 0, 0, 0, 2, 0, 0, 2, 1, 0, 1, 1, 1, 1]
381.000000	0.996804
#[0, 2, 3, 0, 0, 0, 2, 0, 0, 2, 1, 0, 1, 1, 1, 1]
391.000000	0.992872
#[2, 2, 2, 0, 0, 0, 2, 0, 0, 2, 1, 1, 1, 1, 1, 1]
391.000000	0.996033
#[0, 2, 2, 0, 0, 0, 2, 0, 0, 2, 1, 0, 1, 1, 2, 1]
391.000000	0.874507
#[0, 2, 2, 0, 0, 0, 2, 0, 2, 2, 1, 0, 1, 1, 1, 0]
391.000000	0.996732
#[0, 2, 2, 0, 0, 0, 2, 0, 0, 2, 1, 0, 1, 1, 1, 3]
391.000000	-27.513889
#[0, 2, 2, 0, 0, 0, 2, 0, 2, 2, 1, 0, 1, 1, 1, 3]
391.000000	-27.513889
#[0, 2, 3, 0, 0, 0, 2, 0, 0, 2, 1, 3, 1, 1, 1, 1]
391.000000	-205.327087
#[0, 2, 2, 0, 0, 0, 2, 0, 0, 2, 1, 2, 1, 1, 1, 1]
391.000000	-166.760798
#[0, 2, 2, 0, 0, 0, 2, 0, 0, 0, 1, 0, 1, 1, 1, 1]
391.000000	0.996804
#[0, 2, 2, 0, 0, 0, 2, 0, 0, 2, 1, 0, 1, 1, 1, 0]
391.000000	0.996732
#[0, 2, 2, 0, 0, 1, 2, 0, 0, 0, 1, 0, 1, 1, 2, 1]
401.000000	0.852678
#[2, 2, 2, 0, 0, 0, 2, 0, 0, 0, 1, 0, 1, 1, 1, 1]
401.000000	0.996455
#[0, 2, 2, 0, 2, 0, 2, 0, 0, 0, 1, 0, 1, 1, 1, 1]
401.000000	0.996804
#[0, 0, 2, 0, 0, 0, 2, 0, 0, 0, 1, 0, 3, 1, 1, 1]
401.000000	-4.183802
#[0, 2, 2, 0, 0, 0, 2, 0, 0, 0, 1, 2, 1, 1, 1, 1]
401.000000	-130.111580
#[0, 2, 2, 0, 1, 0, 2, 0, 0, 0, 1, 0, 1, 3, 1, 1]
401.000000	0.993845
#[0, 2, 2, 3, 0, 0, 2, 0, 0, 0, 1, 0, 1, 1, 0, 1]
401.000000	0.992951
#[0, 2, 2, 0, 0, 3, 2, 0, 0, 0, 1, 2, 1, 1, 1, 1]
401.000000	-200.365132
#[0, 2, 2, 0, 0, 0, 2, 0, 0, 1, 1, 0, 1, 1, 1, 1]
401.000000	0.996804
#[2, 3, 2, 0, 0, 0, 2, 0, 0, 0, 1, 0, 1, 1, 1, 1]
401.000000	0.948171
#[0, 2, 3, 0, 0, 2, 2, 0, 0, 1, 1, 0, 1, 1, 1, 1]
411.000000	0.992871
#[0, 2, 2, 0, 0, 0, 2, 0, 0, 1, 1, 0, 1, 0, 1, 1]
411.000000	0.996688
#[0, 2, 2, 0, 1, 2, 2, 0, 0, 1, 1, 0, 1, 1, 1, 1]
411.000000	0.996804
#[0, 2, 2, 0, 0, 0, 2, 0, 0, 1, 1, 3, 1, 1, 2, 0]
411.000000	-138.535176
#[0, 2, 2, 0, 0, 0, 2, 0, 0, 1, 2, 0, 1, 2, 1, 1]
411.000000	0.996244
#[0, 2, 2, 0, 0, 0, 2, 0, 0, 1, 1, 0, 1, 1, 0, 1]
411.000000	0.996667
#[0, 2, 2, 0, 0, 1, 2, 0, 0, 1, 3, 0, 1, 1, 1, 1]
411.000000	-104.471653
#[0, 2, 2, 1, 0, 0, 2, 0, 0, 1, 1, 0, 1, 1, 1, 1]
411.000000	-18.828747
#[0, 2, 2, 0, 0, 0, 2, 0, 0, 1, 1, 2, 1, 1, 1, 1]
411.000000	-138.022871
#[3, 2, 2, 0, 0, 0, 2, 0, 0, 3, 1, 0, 1, 1, 1, 1]
411.000000	0.944197
#[0, 2, 2, 0, 1, 2, 2, 0, 0, 1, 1, 3, 1, 1, 1, 1]
421.000000	-301.932074
#[0, 2, 2, 0, 1, 2, 2, 0, 0, 2, 1, 0, 0, 1, 1, 1]
421.000000	-48.701267
#[0, 2, 2, 0, 1, 2, 1, 0, 0, 1, 1, 0, 1, 1, 1, 1]
421.000000	0.996804
#[0, 2, 2, 0, 2, 2, 2, 0, 0, 1, 1, 0, 1, 1, 1, 1]
421.000000	0.996804
#[0, 2, 2, 0, 1, 1, 2, 0, 0, 1, 1, 0, 1, 1, 1, 1]
421.000000	0.996804
#[0, 2, 2, 1, 1, 2, 2, 0, 0, 3, 1, 0, 1, 1, 1, 1]
421.000000	-20.905178
#[0, 2, 2, 0, 1, 2, 2, 0, 0, 1, 1, 0, 1, 1, 3, 1]
421.000000	-5.770096
#[1, 2, 2, 0, 1, 2, 2, 0, 0, 1, 1, 0, 1, 1, 1, 1]
421.000000	0.996732
#[0, 2, 2, 0, 1, 2, 2, 0, 0, 3, 1, 0, 1, 1, 1, 1]
421.000000	0.990473
#[0, 2, 2, 0, 1, 2, 2, 0, 3, 0, 1, 0, 1, 1, 1, 1]
421.000000	0.983922
#[0, 2, 2, 0, 2, 1, 2, 0, 0, 1, 1, 0, 1, 1, 1, 1]
431.000000	0.996804
#[0, 0, 2, 0, 1, 2, 2, 0, 0, 1, 1, 0, 1, 1, 1, 1]
431.000000	0.996804
#[0, 2, 2, 0, 1, 2, 2, 0, 0, 1, 1, 1, 2, 1, 1, 1]
431.000000	0.991880
#[0, 2, 2, 0, 1, 1, 2, 0, 0, 1, 1, 0, 1, 1, 1, 2]
431.000000	-22.225527
#[0, 2, 2, 0, 1, 0, 2, 0, 0, 1, 1, 0, 1, 1, 1, 1]
431.000000	0.996804
#[1, 2, 2, 0, 1, 1, 2, 0, 0, 1, 1, 0, 1, 1, 1, 1]
431.000000	0.996732
#[0, 2, 2, 0, 1, 1, 2, 0, 0, 1, 1, 0, 1, 1, 1, 0]
431.000000	0.996732
#[0, 2, 2, 0, 1, 1, 2, 0, 0, 1, 1, 1, 1, 1, 1, 1]
431.000000	0.996548
#[0, 0, 3, 0, 1, 1, 2, 0, 0, 1, 1, 0, 1, 1, 1, 1]
431.000000	0.994038
#[0, 2, 2, 0, 0, 1, 2, 0, 0, 1, 1, 0, 1, 1, 1, 1]
431.000000	0.996804
#[2, 2, 2, 0, 0, 1, 2, 0, 0, 1, 1, 0, 1, 1, 1, 1]
441.000000	0.996455
#[0, 2, 2, 0, 0, 1, 2, 0, 0, 1, 1, 0, 2, 3, 1, 1]
441.000000	-3.736763
#[0, 2, 2, 0, 0, 1, 2, 2, 2, 1, 1, 0, 1, 1, 1, 1]
441.000000	-339.893214
#[0, 2, 2, 1, 0, 1, 2, 0, 0, 1, 1, 0, 1, 1, 1, 1]
441.000000	-50.301115
#[0, 1, 2, 0, 0, 1, 2, 0, 0, 1, 1, 0, 1, 1, 1, 1]
441.000000	0.996804
#[0, 2, 2, 0, 0, 1, 2, 0, 0, 1, 1, 0, 0, 1, 1, 1]
441.000000	-2597.376307
#[0, 2, 2, 0, 0, 1, 2, 0, 2, 1, 1, 0, 1, 1, 1, 1]
441.000000	0.996804
#[0, 2, 2, 0, 0, 1, 2, 0, 3, 1, 1, 0, 1, 1, 1, 1]
441.000000	0.794873
#[0, 3, 2, 0, 0, 1, 3, 0, 0, 1, 1, 0, 1, 1, 1, 1]
441.000000	-82.485052
#[0, 2, 2, 0, 0, 1, 2, 0, 0, 1, 1, 0, 1, 1, 2, 1]
441.000000	0.831611
#[0, 2, 2, 0, 0, 1, 2, 0, 2, 1, 1, 0, 2, 1, 1, 1]
451.000000	0.862732
#[0, 2, 2, 3, 0, 1, 0, 0, 2, 1, 1, 0, 1, 1, 1, 1]
451.000000	-515.651052
#[0, 2, 2, 0, 0, 1, 2, 0, 2, 1, 1, 0, 1, 0, 1, 2]
451.000000	-22.227847
#[0, 2, 2, 0, 0, 1, 2, 0, 1, 1, 1, 0, 1, 1, 1, 0]
451.000000	0.996732
#[0, 2, 3, 0, 0, 1, 2, 0, 2, 1, 1, 0, 1, 1, 2, 1]
451.000000	-23.044490
#[0, 2, 2, 0, 0, 1, 2, 1, 2, 1, 1, 0, 1, 1, 1, 1]
451.000000	-85.472515
#[3, 2, 2, 0, 0, 1, 2, 0, 2, 1, 1, 0, 0, 1, 1, 1]
451.000000	-667.781047
#[0, 2, 2, 0, 0, 1, 2, 0, 2, 1, 1, 0, 1, 1, 1, 0]
451.000000	0.996732
#[0, 2, 2, 1, 0, 1, 3, 0, 2, 1, 1, 0, 1, 1, 1, 1]
451.000000	-1349.297828
#[0, 2, 3, 1, 0, 1, 2, 0, 2, 1, 1, 0, 1, 1, 1, 1]
451.000000	-215.229140
#[3, 2, 2, 0, 0, 1, 2, 0, 2, 2, 1, 0, 1, 1, 1, 1]
461.000000	0.973158
#[0, 2, 2, 0, 0, 1, 2, 0, 2, 1, 1, 0, 1, 2, 1, 1]
461.000000	0.985113
#[0, 2, 2, 0, 0, 1, 2, 0, 2, 2, 1, 0, 1, 1, 1, 1]
461.000000	0.996804
#[2, 2, 2, 0, 0, 1, 2, 0, 2, 1, 1, 0, 1, 1, 1, 1]
461.000000	0.996455
#[0, 2, 2, 0, 0, 0, 2, 0, 2, 1, 1, 0, 1, 1, 1, 1]
461.000000	0.996804
#[3, 2, 2, 0, 0, 1, 2, 0, 2, 1, 1, 0, 1, 1, 1, 1]
461.000000	0.973162
#[0, 2, 2, 0, 0, 1, 2, 0, 2, 1, 1, 0, 0, 1, 1, 1]
461.000000	-2170.323402
#[3, 0, 2, 0, 2, 1, 2, 0, 2, 1, 1, 0, 1, 1, 1, 1]
461.000000	0.927307
#[0, 3, 2, 0, 0, 1, 2, 0, 2, 1, 1, 0, 1, 1, 1, 1]
461.000000	0.940504
#[0, 2, 2, 3, 0, 1, 2, 0, 2, 1, 1, 0, 1, 1, 1, 1]
461.000000	0.919477
#[0, 2, 2, 0, 0, 0, 2, 0, 2, 1, 1, 0, 0, 1, 1, 1]
471.000000	-2484.749056
#[0, 2, 2, 0, 0, 0, 2, 2, 2, 1, 1, 0, 2, 1, 2, 1]
471.000000	-428.026573
#[0, 2, 3, 0, 0, 0, 2, 0, 2, 1, 1, 0, 1, 1, 1, 1]
471.000000	0.992873
#[0, 0, 2, 0, 0, 0, 2, 0, 2, 1, 1, 0, 1, 1, 1, 1]
471.000000	0.996804
#[0, 2, 2, 0, 0, 0, 2, 0, 2, 2, 1, 0, 1, 1, 1, 1]
471.000000	0.996804
#[0, 2, 2, 0, 0, 0, 2, 0, 2, 1, 1, 0, 1, 1, 0, 1]
471.000000	0.996667
#[0, 2, 2, 1, 0, 0, 2, 0, 2, 1, 1, 0, 1, 1, 1, 1]
471.000000	-18.828747
#[0, 2, 2, 0, 0, 2, 2, 0, 2, 1, 3, 0, 1, 1, 1, 1]
471.000000	-1425.274687
#[0, 2, 2, 0, 0, 0, 2, 3, 2, 1, 1, 0, 1, 1, 1, 1]
471.000000	-1335.394716
#[0, 2, 2, 0, 2, 0, 2, 0, 2, 1, 1, 0, 0, 1, 1, 1]
471.000000	-1902.861832
#[0, 2, 2, 0, 0, 0, 2, 0, 1, 2, 1, 0, 1, 0, 1, 1]
481.000000	0.996571
#[3, 2, 2, 0, 0, 0, 2, 0, 2, 2, 1, 0, 1, 1, 1, 1]
481.000000	0.973956
#[0, 2, 2, 2, 0, 0, 2, 0, 2, 2, 1, 0, 1, 1, 1, 1]
481.000000	0.995947
#[0, 1, 2, 0, 0, 0, 2, 0, 2, 2, 1, 0, 1, 1, 1, 1]
481.000000	0.996804
#[0, 2, 2, 0, 0, 0, 2, 2, 2, 2, 1, 0, 1, 1, 1, 1]
481.000000	-339.979294
#[0, 2, 2, 0, 3, 0, 2, 0, 2, 2, 1, 0, 1, 1, 1, 1]
481.000000	0.911310
#[0, 0, 2, 0, 0, 0, 2, 0, 2, 2, 1, 0, 1, 1, 1, 1]
481.000000	0.996804
#[0, 2, 2, 3, 0, 0, 2, 0, 2, 2, 1, 0, 1, 1, 1, 1]
481.000000	0.993103
#[0, 2, 2, 0, 0, 0, 2, 0, 0, 2, 1, 0, 1, 1, 0, 1]
481.000000	0.996667
#[0, 2, 2, 0, 0, 0, 2, 1, 2, 3, 1, 0, 1, 1, 1, 1]
481.000000	-87.314688
#[0, 0, 3, 0, 0, 1, 2, 1, 2, 2, 1, 0, 1, 1, 1, 1]
491.000000	-587.977311
#[0, 0, 2, 0, 0, 0, 2, 3, 2, 2, 1, 0, 1, 1, 1, 1]
491.000000	-1344.406656
#[0, 0, 2, 0, 0, 3, 2, 0, 2, 2, 1, 0, 1, 1, 1, 1]
491.000000	0.993708
#[0, 0, 2, 0, 0, 0, 2, 0, 2, 1, 1, 0, 3, 1, 1, 1]
491.000000	0.500811
#[0, 0, 2, 0, 0, 1, 2, 0, 2, 2, 1, 0, 1, 1, 1, 1]
491.000000	0.996804
#[0, 0, 2, 0, 0, 0, 2, 0, 2, 2, 1, 0, 1, 3, 1, 1]
491.000000	0.751147
#[0, 0, 2, 0, 0, 0, 2, 0, 2, 2, 1, 0, 1, 1, 2, 1]
491.000000	-21.175758
#[0, 0, 2, 0, 0, 0, 2, 0, 3, 2, 1, 0, 1, 1, 1, 1]
491.000000	0.784634
#[0, 0, 2, 0, 0, 2, 2, 0, 2, 2, 1, 0, 1, 1, 1, 1]
491.000000	0.996804
#[0, 0, 2, 0, 0, 0, 2, 1, 2, 2, 1, 0, 1, 1, 0, 2]
491.000000	-111.681671
#[0, 0, 2, 0, 2, 2, 2, 3, 2, 2, 1, 0, 1, 1, 1, 1]
501.000000	-1346.315068
#[0, 0, 2, 0, 0, 2, 2, 0, 2, 2, 1, 0, 1, 3, 1, 1]
501.000000	0.753782
#[0, 0, 2, 0, 0, 2, 2, 0, 2, 2, 1, 3, 1, 1, 1, 1]
501.000000	-3492.711629
#[0, 0, 2, 0, 2, 2, 2, 0, 2, 2, 1, 0, 1, 1, 1, 1]
501.000000	0.996804
#[0, 0, 2, 0, 0, 2, 2, 0, 2, 0, 1, 0, 1, 1, 3, 1]
501.000000	-228.309854
#[0, 0, 2, 0, 0, 2, 0, 0, 2, 2, 1, 0, 1, 1, 1, 1]
501.000000	0.996804
#[0, 0, 2, 0, 0, 2, 2, 0, 2, 2, 1, 0, 1, 1, 3, 1]
501.000000	-243.995848
#[0, 0, 2, 0, 0, 2, 2, 1, 2, 2, 1, 0, 1, 1, 1, 1]
501.000000	-85.496553
#[0, 0, 1, 0, 0, 2, 2, 0, 2, 2, 1, 0, 1, 1, 1, 1]
501.000000	0.996804
#[0, 0, 3, 0, 0, 2, 2, 0, 2, 2, 1, 0, 1, 1, 1, 1]
501.000000	0.994876
