#[0, 0, 3, 2, 1, 2, 0, 2, 2, 0, 0, 1, 3, 2, 2, 3]
1.000000	-31124.231393
#[0, 0, 3, 2, 2, 2, 0, 2, 2, 0, 0, 1, 3, 2, 2, 3]
11.000000	-5541.047531
#[0, 0, 3, 0, 1, 2, 0, 2, 2, 3, 0, 1, 3, 2, 2, 3]
11.000000	-31106.696501
#[1, 0, 3, 2, 1, 2, 0, 2, 2, 0, 0, 1, 3, 2, 3, 3]
11.000000	-31411.387528
#[0, 0, 3, 2, 1, 0, 0, 2, 2, 0, 0, 1, 3, 2, 2, 3]
11.000000	-31577.436860
#[0, 0, 3, 1, 1, 2, 0, 2, 2, 0, 0, 1, 3, 2, 2, 3]
11.000000	-31171.275588
#[0, 0, 2, 2, 1, 2, 0, 2, 2, 0, 0, 1, 3, 2, 2, 3]
11.000000	-31183.340092
#[0, 3, 3, 2, 1, 2, 0, 2, 2, 0, 0, 1, 3, 2, 2, 3]
11.000000	-30267.274677
#[0, 0, 3, 2, 1, 2, 2, 2, 2, 0, 0, 1, 3, 2, 2, 0]
11.000000	-32468.574634
#[0, 0, 3, 2, 1, 2, 0, 2, 2, 0, 0, 0, 3, 1, 2, 3]
11.000000	-30889.433735
#[0, 0, 3, 2, 1, 2, 0, 2, 2, 0, 0, 1, 0, 2, 2, 3]
11.000000	-32526.628173
#[0, 0, 3, 1, 2, 2, 0, 2, 2, 0, 0, 1, 3, 2, 2, 3]
21.000000	-5588.027328
#[0, 0, 2, 2, 2, 2, 0, 2, 2, 0, 0, 1, 3, 2, 2, 3]
21.000000	-5510.076078
#[0, 0, 3, 2, 2, 2, 0, 1, 2, 0, 0, 1, 3, 0, 2, 3]
21.000000	-5578.041413
#[0, 0, 3, 2, 2, 2, 0, 2, 2, 0, 0, 3, 3, 2, 2, 3]
21.000000	-5304.142907
#[0, 0, 3, 2, 2, 3, 0, 2, 2, 0, 0, 1, 3, 2, 2, 3]
21.000000	-5803.848055
#[0, 0, 3, 2, 0, 2, 0, 2, 2, 0, 0, 1, 3, 2, 2, 3]
21.000000	-5555.990428
#[0, 0, 3, 2, 2, 2, 0, 2, 2, 0, 0, 1, 3, 2, 1, 3]
21.000000	-7593.710102
#[0, 0, 3, 2, 2, 2, 0, 2, 2, 0, 0, 2, 3, 2, 2, 3]
21.000000	-5304.486041
#[0, 0, 3, 2, 2, 0, 0, 2, 2, 2, 0, 1, 3, 2, 2, 3]
21.000000	-5538.086718
#[3, 3, 3, 0, 2, 2, 0, 2, 2, 0, 0, 1, 3, 2, 2, 3]
21.000000	-8005.020305
#[0, 3, 3, 2, 2, 2, 0, 2, 2, 0, 0, 3, 3, 2, 2, 3]
31.000000	-5301.786636
#[0, 0, 3, 2, 2, 2, 1, 2, 1, 0, 0, 3, 3, 2, 2, 3]
31.000000	-5374.151808
#[2, 3, 3, 2, 2, 2, 0, 2, 2, 0, 0, 3, 1, 2, 2, 3]
31.000000	-5333.682503
#[0, 0, 3, 2, 1, 2, 0, 2, 2, 0, 0, 3, 3, 3, 2, 3]
31.000000	-30885.646199
#[0, 0, 3, 2, 2, 2, 0, 2, 2, 0, 1, 3, 3, 2, 2, 3]
31.000000	-5305.590230
#[0, 0, 3, 2, 1, 2, 0, 2, 2, 0, 0, 3, 3, 2, 2, 3]
31.000000	-30886.488537
#[0, 0, 3, 3, 2, 2, 0, 2, 2, 0, 0, 3, 3, 2, 2, 3]
31.000000	-5304.072487
#[0, 0, 3, 2, 2, 2, 0, 2, 0, 0, 0, 3, 0, 2, 2, 3]
31.000000	-33820.652467
#[0, 0, 3, 2, 2, 2, 0, 2, 2, 0, 0, 3, 2, 2, 2, 3]
31.000000	-5329.724370
#[0, 0, 3, 2, 2, 2, 0, 2, 2, 0, 0, 3, 3, 2, 2, 1]
31.000000	-16071.062426
#[0, 3, 3, 2, 2, 2, 0, 2, 2, 3, 0, 3, 3, 2, 2, 3]
41.000000	-5286.856472
#[0, 3, 3, 2, 2, 2, 0, 2, 2, 0, 1, 3, 3, 2, 2, 3]
41.000000	-5303.349736
#[0, 3, 3, 2, 2, 2, 0, 2, 2, 0, 0, 3, 3, 2, 2, 2]
41.000000	-23752.525621
#[0, 3, 3, 2, 3, 2, 0, 2, 2, 0, 0, 3, 3, 2, 2, 3]
41.000000	-5287.355182
#[0, 3, 3, 2, 2, 2, 0, 2, 1, 0, 0, 3, 3, 2, 2, 3]
41.000000	-5431.269699
#[0, 3, 3, 2, 2, 0, 0, 2, 2, 0, 0, 3, 3, 2, 2, 3]
41.000000	-5301.441835
#[0, 3, 3, 2, 2, 2, 0, 2, 2, 0, 0, 3, 3, 1, 2, 1]
41.000000	-16071.694716
#[0, 3, 3, 2, 2, 1, 0, 2, 2, 0, 0, 3, 3, 2, 2, 3]
41.000000	-5299.305205
#[0, 3, 3, 2, 2, 2, 0, 2, 2, 1, 0, 3, 3, 2, 2, 3]
41.000000	-5732.429901
#[0, 3, 3, 2, 0, 2, 0, 2, 2, 0, 0, 3, 3, 2, 2, 3]
41.000000	-5316.203301
#[0, 0, 3, 2, 2, 2, 0, 2, 2, 3, 0, 3, 3, 2, 2, 3]
51.000000	-5289.052314
#[0, 3, 3, 2, 2, 2, 1, 2, 2, 3, 0, 3, 3, 2, 2, 3]
51.000000	-5286.489376
#[0, 3, 3, 2, 2, 2, 0, 2, 2, 3, 0, 3, 3, 2, 2, 1]
51.000000	-16062.890788
#[1, 3, 3, 2, 2, 2, 0, 2, 2, 3, 0, 3, 3, 2, 2, 3]
51.000000	-5272.489009
#[0, 3, 3, 2, 2, 2, 0, 2, 2, 3, 0, 3, 3, 1, 2, 3]
51.000000	-5290.286996
#[0, 3, 3, 2, 2, 2, 3, 2, 2, 3, 0, 3, 3, 2, 2, 3]
51.000000	-5284.355888
#[0, 3, 3, 2, 2, 2, 0, 2, 2, 3, 0, 2, 3, 2, 2, 3]
51.000000	-5288.007322
#[0, 3, 3, 2, 2, 2, 0, 2, 2, 3, 0, 3, 3, 3, 3, 3]
51.000000	-5249.312609
#[0, 3, 3, 2, 2, 0, 0, 2, 2, 3, 0, 3, 3, 2, 2, 3]
51.000000	-5289.684510
#[0, 3, 3, 2, 2, 2, 0, 2, 2, 3, 0, 3, 3, 2, 2, 0]
51.000000	-23760.204440
#[0, 3, 3, 2, 2, 2, 0, 0, 2, 3, 0, 3, 3, 3, 3, 3]
61.000000	-5249.580139
#[0, 3, 3, 2, 2, 2, 0, 2, 2, 3, 0, 3, 3, 3, 3, 2]
61.000000	-23716.714746
#[0, 0, 3, 2, 2, 2, 3, 2, 2, 3, 0, 3, 3, 3, 3, 3]
61.000000	-5249.703845
#[0, 3, 3, 2, 2, 2, 0, 2, 2, 3, 0, 3, 2, 3, 2, 3]
61.000000	-5287.589517
#[0, 3, 3, 2, 2, 2, 1, 2, 2, 3, 0, 0, 3, 3, 3, 2]
61.000000	-23716.649221
#[0, 3, 3, 2, 0, 2, 0, 2, 2, 3, 0, 3, 3, 3, 3, 3]
61.000000	-5266.659013
#[0, 3, 3, 2, 2, 2, 0, 2, 2, 3, 0, 3, 2, 3, 3, 3]
61.000000	-5263.884403
#[0, 3, 3, 2, 2, 2, 0, 2, 2, 3, 0, 3, 3, 2, 3, 3]
61.000000	-5268.796708
#[0, 3, 3, 2, 2, 2, 0, 2, 2, 3, 3, 3, 3, 3, 0, 3]
61.000000	-5298.627565
#[0, 3, 3, 2, 2, 2, 0, 2, 2, 3, 2, 2, 3, 3, 3, 3]
61.000000	-5249.433066
#[0, 3, 3, 2, 2, 2, 0, 2, 1, 3, 0, 3, 3, 3, 3, 3]
71.000000	-5289.123886
#[0, 3, 3, 2, 2, 2, 0, 2, 2, 0, 0, 3, 3, 3, 3, 3]
71.000000	-5257.742101
#[0, 3, 3, 2, 2, 1, 0, 2, 2, 3, 0, 3, 3, 2, 3, 3]
71.000000	-5272.268928
#[0, 3, 3, 2, 2, 0, 0, 2, 2, 1, 0, 3, 3, 3, 3, 3]
71.000000	-5294.039124
#[0, 3, 3, 2, 2, 2, 0, 2, 2, 3, 0, 2, 1, 3, 3, 3]
71.000000	-5272.062750
#[0, 3, 3, 2, 2, 2, 1, 2, 2, 3, 0, 1, 3, 3, 3, 3]
71.000000	-6772.227604
#[0, 3, 3, 2, 2, 3, 0, 2, 2, 3, 0, 3, 3, 3, 3, 3]
71.000000	-5247.692487
#[0, 3, 3, 1, 2, 2, 0, 2, 2, 3, 0, 3, 3, 3, 3, 3]
71.000000	-5455.932632
#[0, 3, 3, 2, 0, 2, 0, 2, 2, 3, 1, 3, 3, 3, 3, 3]
71.000000	-5267.463722
#[0, 2, 3, 2, 2, 2, 0, 2, 2, 3, 0, 3, 3, 3, 3, 3]
71.000000	-5249.970264
#[0, 3, 0, 2, 2, 3, 0, 2, 2, 3, 0, 3, 0, 3, 3, 3]
81.000000	-18678.822802
#[0, 3, 3, 1, 2, 3, 0, 2, 2, 3, 0, 3, 3, 3, 3, 3]
81.000000	-5454.313025
#[0, 3, 3, 3, 2, 3, 0, 2, 2, 3, 0, 3, 3, 3, 3, 3]
81.000000	-5247.530491
#[0, 3, 3, 1, 2, 0, 0, 2, 2, 3, 0, 3, 3, 1, 3, 3]
81.000000	-5487.967425
#[0, 3, 3, 2, 2, 3, 1, 2, 2, 3, 0, 3, 3, 3, 3, 3]
81.000000	-5248.303835
#[0, 3, 3, 2, 1, 3, 0, 2, 2, 3, 0, 3, 3, 3, 3, 3]
81.000000	-29702.191134
#[0, 3, 3, 2, 2, 3, 0, 2, 2, 3, 1, 3, 3, 0, 3, 3]
81.000000	-5287.469418
#[0, 3, 3, 2, 2, 3, 0, 2, 2, 3, 0, 3, 3, 3, 1, 3]
81.000000	-5289.998605
#[0, 3, 3, 2, 2, 3, 0, 2, 2, 3, 0, 3, 3, 3, 3, 0]
81.000000	-16030.773272
#[0, 3, 3, 2, 2, 3, 0, 2, 2, 3, 0, 3, 3, 3, 2, 3]
81.000000	-5272.881273
#[0, 3, 3, 3, 2, 3, 0, 1, 2, 3, 0, 3, 3, 3, 3, 0]
91.000000	-16030.670106
#[0, 3, 3, 3, 2, 3, 0, 2, 2, 3, 0, 0, 3, 3, 3, 1]
91.000000	-15555.528258
#[0, 3, 3, 3, 1, 3, 0, 1, 2, 3, 0, 3, 3, 3, 3, 3]
91.000000	-29702.831745
#[0, 0, 1, 3, 2, 3, 0, 2, 2, 3, 0, 3, 3, 3, 3, 3]
91.000000	-5249.533934
#[0, 3, 3, 3, 2, 3, 0, 2, 2, 3, 1, 3, 3, 3, 3, 3]
91.000000	-5248.921833
#[0, 3, 3, 3, 2, 3, 3, 2, 2, 3, 0, 3, 3, 3, 3, 3]
91.000000	-5247.015467
#[0, 3, 3, 3, 2, 3, 0, 3, 2, 3, 3, 3, 2, 3, 3, 3]
91.000000	-5256.919576
#[0, 3, 3, 3, 2, 3, 0, 2, 3, 3, 2, 3, 3, 3, 3, 3]
91.000000	-5232.167371
#[2, 3, 3, 3, 2, 3, 2, 2, 2, 3, 0, 3, 3, 3, 3, 3]
91.000000	-5195.341467
#[0, 3, 3, 0, 2, 3, 0, 2, 1, 3, 0, 3, 3, 3, 0, 3]
91.000000	-5315.461283
#[2, 2, 1, 3, 2, 3, 2, 2, 2, 3, 0, 3, 3, 3, 3, 3]
101.000000	-5213.177513
#[0, 3, 3, 3, 2, 3, 2, 2, 2, 3, 0, 3, 3, 3, 3, 3]
101.000000	-5247.212571
#[2, 3, 3, 3, 2, 3, 1, 2, 2, 3, 0, 3, 3, 3, 3, 3]
101.000000	-5198.547307
#[2, 0, 3, 3, 2, 3, 2, 2, 2, 3, 0, 3, 3, 3, 3, 3]
101.000000	-5210.214080
#[2, 3, 3, 3, 2, 3, 2, 0, 2, 3, 2, 0, 3, 3, 3, 3]
101.000000	-5204.610859
#[2, 3, 3, 3, 2, 3, 2, 2, 2, 3, 0, 3, 3, 3, 3, 1]
101.000000	-15994.251539
#[2, 3, 3, 3, 2, 3, 2, 2, 2, 3, 0, 3, 2, 3, 3, 3]
101.000000	-5197.763820
#[2, 3, 3, 3, 2, 0, 2, 2, 3, 3, 0, 3, 3, 3, 2, 3]
101.000000	-5215.256934
#[2, 3, 3, 3, 0, 3, 2, 2, 2, 3, 0, 3, 3, 3, 1, 3]
101.000000	-5236.870380
#[2, 3, 3, 3, 0, 3, 2, 2, 2, 3, 0, 3, 3, 3, 3, 3]
101.000000	-5206.839008
#[2, 3, 3, 3, 2, 3, 2, 2, 2, 3, 0, 3, 1, 3, 3, 3]
111.000000	-5199.377486
#[2, 3, 3, 3, 2, 3, 2, 2, 2, 3, 2, 3, 3, 3, 3, 3]
111.000000	-5192.612688
#[2, 3, 3, 3, 2, 3, 2, 2, 2, 3, 0, 3, 3, 2, 3, 3]
111.000000	-5204.027873
#[2, 3, 3, 3, 2, 3, 2, 2, 2, 3, 0, 3, 3, 1, 3, 3]
111.000000	-5209.010226
#[2, 3, 3, 3, 2, 3, 2, 2, 2, 1, 0, 3, 3, 3, 3, 3]
111.000000	-5208.211756
#[2, 3, 3, 0, 2, 3, 2, 2, 2, 3, 0, 3, 2, 3, 3, 2]
111.000000	-23694.566270
#[2, 3, 3, 3, 2, 3, 2, 2, 2, 3, 0, 2, 3, 3, 3, 3]
111.000000	-5202.990696
#[2, 3, 3, 3, 2, 3, 2, 0, 2, 3, 0, 3, 3, 3, 3, 3]
111.000000	-5199.516787
#[2, 3, 3, 3, 2, 3, 2, 2, 2, 3, 3, 3, 3, 3, 0, 3]
111.000000	-5215.121328
#[2, 3, 3, 3, 2, 3, 2, 2, 2, 3, 0, 1, 3, 3, 3, 3]
111.000000	-10184.693352
#[2, 3, 3, 3, 2, 3, 2, 1, 2, 3, 2, 3, 3, 3, 3, 3]
121.000000	-5201.189388
#[2, 3, 3, 3, 2, 3, 2, 2, 3, 3, 2, 3, 3, 3, 3, 3]
121.000000	-5189.283307
#[2, 3, 3, 3, 2, 3, 2, 2, 2, 3, 2, 3, 3, 0, 3, 3]
121.000000	-5206.560115
#[2, 3, 3, 0, 2, 3, 2, 2, 2, 1, 2, 3, 3, 3, 3, 3]
121.000000	-5203.832554
#[2, 3, 3, 3, 2, 3, 2, 0, 2, 3, 2, 3, 3, 3, 3, 3]
121.000000	-5195.692651
#[2, 3, 3, 3, 2, 3, 2, 2, 2, 3, 2, 3, 3, 1, 3, 3]
121.000000	-5201.724177
#[2, 0, 3, 3, 2, 3, 2, 2, 2, 3, 2, 3, 3, 0, 3, 3]
121.000000	-5228.461217
#[2, 3, 3, 3, 0, 3, 2, 2, 2, 3, 2, 3, 3, 3, 3, 3]
121.000000	-5205.057132
#[2, 3, 3, 3, 2, 2, 2, 2, 2, 3, 2, 3, 3, 3, 3, 3]
121.000000	-5197.322552
#[2, 1, 3, 3, 2, 3, 2, 2, 2, 3, 2, 3, 3, 3, 3, 3]
121.000000	-5216.470042
#[2, 3, 3, 3, 2, 3, 2, 2, 3, 3, 2, 1, 3, 3, 3, 3]
131.000000	-11281.522352
#[2, 3, 3, 3, 2, 3, 2, 3, 3, 3, 2, 3, 3, 3, 3, 0]
131.000000	-15986.326112
#[2, 2, 3, 3, 2, 1, 2, 2, 3, 3, 2, 3, 3, 3, 3, 3]
131.000000	-5211.300132
#[2, 3, 3, 3, 2, 3, 3, 2, 3, 3, 2, 3, 1, 3, 3, 3]
131.000000	-5189.954960
#[2, 3, 3, 1, 2, 3, 2, 2, 3, 3, 2, 3, 3, 3, 3, 3]
131.000000	-6789.954114
#[2, 3, 3, 3, 2, 3, 0, 2, 3, 3, 2, 3, 3, 3, 3, 3]
131.000000	-5190.879520
#[2, 3, 3, 3, 2, 1, 2, 2, 2, 3, 2, 3, 3, 3, 3, 3]
131.000000	-5203.491598
#[2, 3, 0, 3, 2, 3, 2, 2, 3, 3, 2, 3, 3, 3, 3, 3]
131.000000	-5192.184756
#[2, 0, 3, 3, 2, 3, 2, 2, 3, 3, 2, 3, 3, 3, 3, 3]
131.000000	-5202.189990
#[2, 3, 3, 3, 3, 3, 2, 2, 3, 3, 2, 3, 3, 3, 3, 3]
131.000000	-5182.656363
#[2, 3, 3, 0, 3, 3, 2, 2, 3, 3, 2, 3, 3, 3, 3, 3]
141.000000	-5184.449479
#[2, 3, 1, 3, 3, 1, 2, 2, 3, 3, 2, 3, 2, 3, 3, 3]
141.000000	-5201.810292
#[2, 3, 3, 3, 3, 3, 2, 2, 3, 3, 2, 3, 3, 2, 3, 3]
141.000000	-5190.745753
#[2, 3, 3, 3, 3, 3, 1, 2, 3, 3, 2, 3, 3, 3, 3, 3]
141.000000	-5186.593716
#[2, 3, 3, 3, 2, 3, 2, 2, 3, 3, 2, 3, 3, 3, 3, 2]
141.000000	-23689.829891
#[2, 3, 3, 0, 3, 3, 2, 2, 3, 3, 2, 3, 2, 3, 3, 3]
141.000000	-5187.417493
#[2, 3, 3, 2, 3, 3, 2, 2, 3, 3, 2, 3, 3, 3, 3, 3]
141.000000	-5184.356112
#[2, 3, 3, 3, 3, 3, 0, 2, 3, 3, 2, 3, 3, 3, 3, 3]
141.000000	-5184.358385
#[2, 3, 3, 3, 3, 3, 2, 2, 3, 3, 3, 3, 3, 3, 3, 3]
141.000000	-5176.327925
#[2, 3, 3, 3, 3, 0, 2, 2, 3, 3, 2, 3, 3, 3, 3, 3]
141.000000	-5187.140314
#[2, 3, 3, 3, 3, 1, 2, 2, 3, 3, 3, 3, 3, 3, 3, 3]
151.000000	-5185.870462
#[2, 3, 3, 3, 2, 3, 2, 2, 3, 3, 3, 3, 3, 3, 3, 3]
151.000000	-5183.341864
#[2, 3, 3, 2, 3, 3, 2, 2, 3, 0, 3, 3, 3, 3, 3, 3]
151.000000	-5188.593789
#[3, 3, 3, 3, 3, 3, 2, 2, 3, 3, 3, 3, 3, 3, 3, 3]
151.000000	-5125.090230
#[1, 3, 3, 3, 3, 3, 2, 2, 3, 3, 3, 3, 3, 3, 3, 3]
151.000000	-5244.894993
#[2, 3, 3, 3, 3, 3, 2, 2, 3, 3, 3, 3, 0, 3, 3, 3]
151.000000	-6489.531929
#[2, 3, 3, 3, 3, 3, 0, 2, 3, 3, 3, 3, 3, 3, 3, 3]
151.000000	-5177.996760
#[2, 3, 3, 0, 3, 3, 2, 2, 3, 3, 3, 3, 3, 2, 3, 3]
151.000000	-5186.072965
#[2, 3, 3, 3, 3, 3, 2, 2, 2, 3, 3, 3, 3, 3, 3, 3]
151.000000	-5180.485457
#[2, 3, 3, 3, 3, 3, 2, 2, 3, 2, 3, 3, 3, 3, 3, 3]
151.000000	-5183.583353
#[3, 3, 3, 3, 2, 3, 2, 2, 3, 3, 3, 3, 0, 3, 3, 3]
161.000000	-6416.629330
#[3, 3, 3, 3, 3, 3, 2, 3, 3, 3, 3, 3, 3, 3, 3, 3]
161.000000	-5118.915345
#[3, 3, 3, 3, 3, 3, 2, 2, 3, 3, 3, 3, 1, 3, 3, 3]
161.000000	-5129.487477
#[3, 3, 2, 3, 3, 3, 2, 2, 3, 3, 3, 0, 3, 3, 3, 3]
161.000000	-5140.436983
#[3, 3, 1, 3, 3, 3, 2, 2, 3, 3, 3, 3, 3, 3, 3, 3]
161.000000	-5134.722717
#[3, 3, 3, 3, 3, 1, 2, 2, 3, 3, 3, 3, 1, 3, 3, 3]
161.000000	-5146.272052
#[3, 3, 3, 3, 3, 3, 2, 2, 3, 3, 3, 3, 2, 3, 3, 3]
161.000000	-5128.735719
#[3, 3, 0, 3, 3, 3, 2, 2, 3, 3, 3, 3, 3, 3, 3, 3]
161.000000	-5129.036260
#[3, 3, 3, 3, 3, 3, 2, 2, 3, 3, 3, 3, 3, 0, 3, 3]
161.000000	-5144.207274
#[3, 3, 3, 3, 3, 3, 2, 2, 3, 0, 3, 3, 3, 3, 3, 3]
161.000000	-5139.815546
#[2, 3, 3, 3, 3, 1, 2, 3, 3, 3, 3, 3, 3, 3, 3, 3]
171.000000	-5178.317049
#[3, 3, 3, 0, 3, 3, 2, 3, 3, 3, 3, 3, 3, 0, 3, 3]
171.000000	-5143.024912
#[3, 3, 3, 3, 3, 3, 0, 3, 3, 3, 3, 3, 3, 3, 3, 3]
171.000000	-5123.488302
#[3, 3, 3, 3, 3, 3, 2, 1, 3, 3, 3, 3, 3, 3, 3, 3]
171.000000	-5134.533254
#[3, 3, 3, 2, 3, 3, 2, 3, 3, 3, 1, 3, 3, 3, 3, 3]
171.000000	-5134.368680
#[2, 3, 3, 2, 3, 3, 2, 0, 3, 3, 3, 3, 3, 3, 3, 3]
171.000000	-5179.416037
#[3, 3, 3, 3, 3, 3, 2, 3, 3, 3, 0, 3, 3, 3, 3, 3]
171.000000	-5129.529858
#[3, 3, 3, 3, 3, 1, 2, 3, 3, 3, 3, 2, 3, 3, 3, 3]
171.000000	-5147.446063
#[3, 3, 3, 3, 1, 3, 2, 3, 1, 3, 3, 3, 3, 3, 3, 3]
171.000000	-5140.601247
#[3, 3, 3, 3, 3, 3, 2, 3, 3, 0, 3, 3, 3, 3, 3, 3]
171.000000	-5133.640661
#[3, 3, 3, 3, 2, 3, 2, 3, 3, 3, 3, 3, 3, 3, 3, 3]
181.000000	-5131.343744
#[3, 3, 3, 3, 3, 3, 2, 3, 3, 3, 3, 2, 3, 3, 3, 3]
181.000000	-5131.189022
#[3, 3, 3, 3, 3, 2, 2, 3, 3, 0, 3, 2, 3, 3, 1, 2]
181.000000	-23648.231811
#[3, 3, 3, 3, 3, 3, 2, 3, 3, 2, 2, 2, 3, 3, 3, 3]
181.000000	-5143.338617
#[0, 3, 3, 3, 3, 3, 2, 3, 3, 3, 3, 3, 3, 3, 3, 3]
181.000000	-5218.578935
#[3, 3, 3, 3, 0, 3, 2, 3, 3, 3, 3, 3, 3, 3, 3, 3]
181.000000	-5142.064701
#[3, 3, 3, 3, 3, 3, 2, 3, 3, 3, 3, 3, 3, 3, 0, 3]
181.000000	-5150.591842
#[3, 2, 3, 2, 3, 3, 2, 3, 3, 3, 0, 3, 3, 3, 3, 3]
181.000000	-5140.585694
#[3, 3, 2, 3, 3, 3, 2, 3, 3, 3, 3, 3, 3, 3, 3, 3]
181.000000	-5123.194357
#[3, 1, 3, 3, 3, 3, 2, 3, 3, 0, 3, 3, 3, 3, 3, 3]
181.000000	-5150.074325
#[3, 3, 3, 3, 3, 3, 2, 3, 3, 3, 3, 3, 0, 3, 3, 3]
191.000000	-6639.814358
#[3, 3, 2, 1, 3, 3, 2, 3, 3, 3, 3, 3, 2, 3, 3, 3]
191.000000	-7095.702779
#[3, 3, 3, 1, 3, 3, 2, 3, 3, 3, 3, 3, 3, 3, 3, 3]
191.000000	-6639.814358
#[3, 3, 3, 3, 3, 3, 2, 3, 3, 3, 3, 3, 3, 3, 3, 2]
191.000000	-23624.243809
#[3, 1, 3, 3, 3, 3, 2, 3, 3, 3, 3, 3, 3, 3, 3, 3]
191.000000	-5138.409260
#[3, 3, 3, 3, 3, 3, 2, 3, 3, 3, 3, 3, 3, 3, 2, 3]
191.000000	-5134.077486
#[3, 3, 1, 3, 2, 3, 2, 3, 3, 3, 3, 3, 3, 3, 3, 3]
191.000000	-5140.731510
#[3, 3, 3, 3, 3, 3, 1, 3, 3, 3, 3, 3, 3, 3, 3, 3]
191.000000	-5123.662619
#[3, 3, 2, 3, 3, 3, 2, 3, 2, 1, 3, 3, 3, 3, 3, 3]
191.000000	-5142.645734
#[3, 3, 3, 0, 3, 3, 2, 3, 3, 3, 3, 3, 3, 3, 3, 3]
191.000000	-5123.907868
#[3, 3, 0, 3, 3, 3, 2, 3, 3, 3, 3, 3, 3, 3, 0, 3]
201.000000	-5159.719161
#[3, 2, 3, 3, 3, 3, 2, 3, 3, 3, 3, 3, 3, 3, 3, 3]
201.000000	-5128.511891
#[3, 3, 3, 3, 2, 3, 2, 3, 3, 3, 3, 3, 3, 2, 3, 3]
201.000000	-5138.272528
#[3, 3, 3, 3, 3, 3, 2, 3, 3, 3, 2, 3, 3, 3, 3, 3]
201.000000	-5126.009984
#[3, 3, 3, 3, 1, 3, 2, 3, 3, 3, 3, 3, 3, 3, 3, 3]
201.000000	-5139.231642
#[3, 3, 2, 3, 3, 3, 2, 3, 3, 3, 3, 0, 3, 3, 3, 3]
201.000000	-5136.878178
#[3, 3, 3, 3, 3, 3, 2, 3, 3, 3, 3, 3, 3, 0, 3, 3]
201.000000	-5138.032388
#[1, 3, 3, 3, 3, 3, 2, 3, 3, 3, 3, 3, 3, 3, 3, 3]
201.000000	-5225.475900
#[3, 3, 3, 3, 3, 3, 2, 3, 0, 3, 3, 3, 3, 3, 3, 3]
201.000000	-5131.488028
#[3, 3, 3, 0, 3, 3, 2, 3, 3, 3, 3, 3, 3, 3, 3, 0]
201.000000	-15928.307169
#[3, 3, 3, 3, 3, 3, 2, 3, 3, 3, 1, 3, 3, 3, 3, 3]
211.000000	-5130.723191
#[3, 3, 3, 3, 3, 3, 2, 3, 3, 3, 3, 3, 1, 3, 3, 3]
211.000000	-5123.312592
#[3, 3, 3, 3, 3, 3, 2, 3, 3, 3, 3, 3, 3, 3, 3, 0]
211.000000	-15924.131017
#[3, 3, 3, 3, 3, 3, 2, 3, 3, 3, 3, 0, 3, 3, 3, 3]
211.000000	-5133.200123
#[3, 3, 3, 3, 3, 3, 2, 3, 3, 1, 3, 3, 3, 3, 3, 3]
211.000000	-5134.963455
#[3, 3, 3, 3, 3, 3, 2, 3, 2, 2, 3, 3, 3, 3, 2, 3]
211.000000	-5143.822477
#[3, 3, 3, 3, 3, 3, 1, 3, 1, 3, 3, 3, 3, 3, 3, 3]
211.000000	-5134.254628
#[3, 3, 3, 3, 3, 3, 2, 3, 3, 3, 3, 3, 3, 1, 3, 3]
211.000000	-5130.095885
#[3, 3, 3, 3, 0, 3, 2, 3, 3, 0, 3, 3, 3, 3, 3, 3]
211.000000	-5148.675853
#[2, 3, 3, 2, 3, 3, 2, 2, 3, 3, 3, 3, 3, 3, 3, 3]
211.000000	-5178.027674
#[3, 1, 0, 3, 3, 3, 2, 3, 3, 3, 3, 3, 3, 3, 3, 3]
221.000000	-11845.937043
#[3, 3, 3, 3, 3, 3, 2, 3, 3, 3, 3, 3, 3, 3, 1, 3]
221.000000	-5136.874967
#[3, 3, 0, 3, 3, 3, 2, 3, 3, 3, 3, 3, 3, 3, 3, 3]
221.000000	-5126.073260
#[3, 3, 1, 3, 3, 3, 2, 3, 3, 3, 3, 3, 3, 3, 3, 3]
221.000000	-5128.303111
#[0, 3, 0, 3, 1, 3, 3, 3, 3, 3, 3, 3, 3, 3, 3, 3]
221.000000	-29674.452087
#[3, 3, 3, 3, 0, 3, 2, 3, 1, 3, 3, 3, 3, 3, 3, 3]
221.000000	-11542.043835
#[3, 3, 0, 3, 3, 3, 2, 3, 3, 3, 3, 2, 3, 3, 3, 1]
221.000000	-23644.750952
#[3, 1, 3, 3, 3, 3, 2, 3, 3, 3, 3, 3, 3, 3, 1, 3]
221.000000	-5154.079110
#[3, 3, 3, 3, 3, 3, 2, 3, 0, 3, 3, 3, 0, 3, 3, 3]
221.000000	-8795.866828
#[3, 3, 3, 3, 3, 3, 2, 3, 3, 3, 3, 3, 3, 3, 3, 1]
221.000000	-15924.141540
#[3, 3, 3, 3, 3, 3, 2, 3, 2, 3, 3, 3, 3, 3, 3, 3]
231.000000	-5125.691557
#[3, 3, 3, 3, 3, 1, 2, 3, 3, 3, 3, 3, 3, 2, 3, 3]
231.000000	-5140.105619
#[3, 3, 3, 3, 3, 3, 2, 3, 3, 0, 3, 3, 3, 3, 3, 2]
231.000000	-23628.390101
#[2, 3, 1, 3, 3, 3, 2, 3, 3, 3, 3, 3, 3, 3, 0, 3]
231.000000	-5206.231351
#[3, 3, 3, 3, 3, 3, 2, 0, 3, 3, 3, 3, 3, 3, 3, 3]
231.000000	-5126.942475
#[3, 3, 3, 3, 3, 3, 2, 3, 3, 2, 3, 3, 3, 3, 3, 3]
231.000000	-5128.893387
#[3, 3, 3, 3, 3, 3, 0, 3, 3, 3, 3, 2, 3, 3, 3, 3]
231.000000	-5132.800846
#[3, 3, 3, 3, 3, 2, 2, 3, 3, 3, 3, 3, 3, 3, 0, 3]
231.000000	-5155.914823
#[3, 3, 3, 3, 3, 2, 2, 3, 3, 3, 3, 0, 3, 3, 3, 3]
231.000000	-5141.069169
#[3, 3, 3, 3, 3, 3, 2, 3, 3, 2, 3, 2, 3, 3, 3, 3]
231.000000	-5140.051245
#[3, 2, 3, 3, 3, 3, 2, 3, 3, 3, 3, 3, 1, 3, 3, 3]
241.000000	-5132.909138
#[3, 0, 3, 3, 3, 3, 2, 3, 1, 3, 3, 3, 3, 3, 3, 3]
241.000000	-5145.226169
#[3, 3, 3, 3, 3, 3, 2, 3, 1, 3, 3, 3, 3, 3, 3, 3]
241.000000	-5129.236048
#[3, 3, 3, 3, 3, 1, 2, 3, 3, 3, 3, 3, 3, 3, 3, 3]
241.000000	-5133.204347
#[3, 3, 3, 3, 3, 3, 2, 3, 3, 3, 3, 3, 2, 3, 3, 3]
241.000000	-5122.560834
#[3, 2, 3, 3, 3, 3, 2, 3, 3, 3, 3, 3, 3, 3, 3, 0]
241.000000	-15933.641668
#[3, 3, 3, 1, 3, 3, 2, 3, 3, 1, 3, 3, 3, 3, 3, 3]
241.000000	-6655.862469
#[3, 3, 3, 3, 1, 3, 2, 3, 3, 3, 3, 3, 3, 3, 0, 0]
241.000000	-16101.230156
#[3, 3, 1, 3, 3, 3, 2, 3, 3, 3, 3, 0, 3, 3, 3, 3]
241.000000	-5143.228030
#[3, 3, 3, 3, 2, 3, 2, 3, 3, 3, 1, 3, 3, 3, 3, 3]
241.000000	-5140.900391
#[3, 3, 3, 3, 3, 0, 2, 3, 3, 3, 3, 3, 3, 3, 3, 3]
251.000000	-5131.317091
#[3, 3, 3, 3, 3, 3, 3, 3, 3, 3, 3, 3, 3, 3, 3, 3]
251.000000	-5108.937303
#[3, 3, 3, 2, 3, 3, 2, 3, 3, 3, 3, 3, 3, 3, 3, 3]
251.000000	-5122.560834
#[3, 3, 3, 3, 3, 3, 2, 0, 3, 3, 3, 3, 3, 3, 2, 3]
251.000000	-5143.136414
#[3, 1, 3, 3, 3, 3, 2, 3, 3, 3, 3, 3, 3, 2, 3, 3]
251.000000	-5146.860719
#[3, 3, 3, 3, 3, 3, 2, 3, 3, 3, 3, 3, 3, 2, 3, 3]
251.000000	-5128.089204
#[3, 2, 3, 3, 1, 1, 2, 3, 3, 3, 2, 3, 3, 3, 3, 0]
251.000000	-15955.343210
#[3, 3, 3, 3, 1, 3, 2, 2, 3, 3, 3, 3, 3, 3, 3, 3]
251.000000	-5146.811947
#[3, 3, 3, 3, 3, 3, 2, 3, 3, 3, 3, 3, 3, 3, 2, 2]
251.000000	-23635.475164
#[3, 3, 3, 3, 3, 3, 2, 0, 3, 2, 3, 3, 3, 3, 3, 3]
251.000000	-5136.920517
#[0, 3, 3, 3, 3, 3, 3, 3, 3, 3, 2, 3, 3, 3, 3, 3]
261.000000	-5222.071021
#[3, 1, 3, 3, 3, 3, 3, 3, 3, 3, 3, 3, 3, 3, 3, 3]
261.000000	-5134.254987
#[3, 3, 1, 3, 3, 3, 3, 3, 3, 3, 3, 3, 3, 3, 3, 3]
261.000000	-5121.509986
#[3, 3, 3, 3, 1, 3, 3, 3, 3, 3, 3, 3, 3, 3, 3, 3]
261.000000	-5128.760339
#[3, 3, 3, 3, 3, 3, 3, 3, 3, 3, 3, 3, 3, 2, 3, 3]
261.000000	-5118.111162
#[2, 3, 3, 3, 2, 3, 3, 3, 3, 3, 3, 3, 3, 3, 3, 3]
261.000000	-5170.455714
#[3, 3, 3, 3, 3, 2, 3, 3, 3, 3, 2, 3, 3, 3, 3, 3]
261.000000	-5127.940301
#[2, 3, 3, 3, 3, 3, 3, 3, 3, 3, 3, 3, 3, 3, 3, 3]
261.000000	-5163.101379
#[3, 3, 3, 3, 3, 3, 3, 3, 3, 3, 3, 2, 3, 3, 3, 3]
261.000000	-5125.215262
#[3, 3, 3, 3, 3, 2, 3, 3, 3, 3, 3, 3, 3, 3, 3, 1]
261.000000	-15927.147978
#[3, 3, 3, 3, 3, 3, 3, 3, 1, 3, 3, 3, 2, 3, 3, 3]
271.000000	-5118.999416
#[3, 3, 3, 3, 3, 3, 3, 3, 3, 3, 3, 3, 3, 3, 3, 2]
271.000000	-23617.467585
#[3, 3, 3, 3, 3, 3, 3, 3, 3, 0, 0, 3, 3, 3, 3, 3]
271.000000	-5132.259984
#[3, 3, 3, 1, 3, 3, 3, 3, 3, 0, 3, 3, 3, 3, 3, 3]
271.000000	-6644.561632
#[3, 3, 3, 3, 3, 3, 3, 3, 3, 3, 3, 0, 3, 3, 3, 3]
271.000000	-5128.452374
#[3, 3, 3, 3, 3, 3, 3, 3, 3, 3, 3, 3, 1, 3, 3, 3]
271.000000	-5113.334550
#[3, 3, 3, 3, 3, 3, 3, 3, 2, 3, 3, 3, 3, 2, 3, 3]
271.000000	-5122.408892
#[3, 3, 3, 3, 3, 3, 3, 3, 3, 3, 3, 3, 3, 3, 0, 3]
271.000000	-5142.608358
#[1, 3, 3, 3, 3, 3, 1, 3, 3, 1, 3, 3, 3, 3, 3, 3]
271.000000	-5231.974198
#[3, 3, 3, 3, 3, 1, 3, 2, 3, 3, 3, 3, 3, 3, 3, 3]
271.000000	-5138.462161
#[3, 3, 3, 3, 3, 3, 3, 3, 3, 3, 3, 3, 3, 3, 2, 3]
281.000000	-5125.215262
#[0, 3, 3, 3, 3, 3, 3, 3, 3, 3, 3, 3, 3, 3, 0, 3]
281.000000	-5274.438849
#[3, 3, 3, 3, 3, 3, 3, 3, 0, 3, 3, 3, 3, 3, 3, 3]
281.000000	-5121.509986
#[3, 0, 3, 3, 3, 3, 3, 3, 3, 0, 3, 3, 3, 3, 3, 3]
281.000000	-5144.143614
#[3, 3, 3, 3, 3, 3, 3, 3, 3, 3, 3, 3, 3, 3, 3, 0]
281.000000	-15916.618598
#[3, 3, 3, 3, 3, 3, 3, 3, 3, 3, 3, 3, 0, 3, 3, 3]
281.000000	-6629.836316
#[3, 3, 3, 3, 3, 3, 3, 3, 3, 3, 3, 3, 3, 0, 3, 3]
281.000000	-5128.054346
#[3, 2, 3, 3, 3, 3, 3, 3, 3, 3, 3, 3, 3, 3, 3, 3]
281.000000	-5122.708886
#[3, 3, 3, 3, 0, 3, 3, 3, 3, 3, 3, 3, 3, 3, 3, 3]
281.000000	-5134.254987
#[3, 3, 3, 3, 3, 3, 3, 3, 3, 3, 3, 1, 3, 3, 3, 2]
281.000000	-23610.948800
#[3, 3, 3, 3, 3, 3, 3, 3, 3, 3, 1, 3, 3, 3, 3, 1]
291.000000	-15923.393737
#[3, 3, 3, 1, 3, 3, 3, 3, 3, 3, 3, 3, 3, 3, 3, 3]
291.000000	-6629.836316
#[3, 3, 3, 3, 3, 3, 3, 3, 3, 3, 3, 2, 0, 3, 3, 3]
291.000000	-6646.114276
#[3, 3, 3, 3, 3, 3, 3, 3, 2, 3, 3, 3, 3, 3, 3, 3]
291.000000	-5115.713515
#[3, 3, 3, 3, 3, 3, 3, 3, 1, 3, 3, 3, 3, 3, 3, 3]
291.000000	-5118.718320
#[3, 3, 3, 3, 3, 1, 3, 3, 3, 3, 3, 3, 3, 0, 3, 3]
291.000000	-5142.690773
#[3, 3, 3, 3, 3, 3, 3, 3, 3, 3, 3, 3, 2, 1, 3, 3]
291.000000	-5121.504484
#[3, 3, 3, 3, 3, 3, 3, 3, 3, 0, 3, 3, 3, 3, 3, 3]
291.000000	-5123.662619
#[3, 3, 3, 3, 3, 3, 3, 3, 3, 3, 3, 3, 3, 1, 3, 3]
291.000000	-5120.117843
#[2, 3, 3, 3, 3, 3, 3, 3, 3, 3, 3, 3, 3, 1, 3, 0]
291.000000	-15976.728040
#[3, 3, 3, 3, 3, 3, 3, 2, 3, 3, 3, 3, 3, 3, 3, 3]
301.000000	-5118.111162
#[3, 1, 3, 3, 3, 3, 3, 1, 3, 3, 3, 3, 3, 3, 3, 3]
301.000000	-5156.997320
#[3, 3, 3, 3, 2, 3, 3, 3, 3, 3, 3, 3, 3, 3, 3, 3]
301.000000	-5122.708886
#[3, 3, 3, 0, 3, 3, 3, 3, 3, 3, 3, 3, 3, 3, 3, 3]
301.000000	-5113.334550
#[3, 3, 3, 3, 3, 0, 3, 3, 3, 3, 3, 3, 3, 3, 3, 3]
301.000000	-5127.603788
#[3, 3, 3, 1, 3, 3, 3, 3, 2, 3, 3, 3, 3, 3, 3, 3]
301.000000	-6636.612528
#[3, 3, 3, 1, 3, 3, 3, 3, 3, 3, 1, 3, 3, 3, 3, 3]
301.000000	-6645.688859
#[3, 3, 3, 3, 3, 3, 3, 1, 3, 0, 3, 3, 3, 3, 3, 3]
301.000000	-5142.779662
#[3, 3, 3, 3, 3, 3, 3, 3, 3, 3, 0, 3, 3, 3, 3, 3]
301.000000	-5124.789846
#[3, 0, 3, 1, 3, 3, 3, 3, 2, 3, 3, 3, 3, 3, 3, 3]
301.000000	-5821.800568
#[3, 3, 3, 3, 3, 3, 3, 3, 3, 3, 3, 3, 2, 3, 2, 3]
311.000000	-5127.769376
#[3, 3, 3, 3, 3, 3, 3, 3, 3, 1, 3, 3, 3, 3, 3, 2]
311.000000	-23624.955116
#[3, 3, 3, 3, 3, 3, 3, 1, 3, 3, 3, 3, 3, 3, 3, 3]
311.000000	-5128.054346
#[3, 3, 3, 3, 3, 3, 3, 3, 3, 3, 3, 3, 2, 3, 3, 3]
311.000000	-5112.582792
#[3, 3, 0, 3, 3, 3, 3, 0, 0, 3, 3, 0, 3, 3, 3, 3]
311.000000	-5147.515570
#[2, 3, 3, 3, 3, 3, 3, 1, 3, 3, 3, 3, 3, 3, 3, 3]
311.000000	-5180.025392
#[3, 3, 3, 0, 3, 3, 3, 3, 3, 3, 3, 3, 2, 3, 3, 0]
311.000000	-15923.525341
#[0, 3, 3, 3, 3, 3, 3, 3, 3, 2, 3, 3, 3, 3, 3, 3]
311.000000	-5225.475900
#[1, 3, 3, 3, 3, 3, 3, 3, 3, 3, 3, 3, 3, 3, 3, 3]
311.000000	-5217.076366
#[3, 3, 3, 2, 3, 3, 3, 3, 3, 3, 0, 3, 3, 3, 3, 3]
311.000000	-5128.435335
#[3, 3, 2, 3, 3, 3, 3, 3, 3, 3, 3, 3, 3, 3, 3, 1]
321.000000	-15922.553642
#[3, 3, 3, 3, 3, 3, 3, 3, 3, 3, 2, 3, 3, 3, 3, 3]
321.000000	-5119.750713
#[3, 3, 2, 3, 3, 3, 3, 1, 3, 3, 3, 3, 3, 3, 3, 3]
321.000000	-5130.541842
#[0, 3, 3, 3, 3, 3, 3, 3, 3, 3, 3, 3, 3, 3, 3, 3]
321.000000	-5217.076366
#[3, 3, 3, 3, 3, 3, 3, 3, 3, 3, 3, 3, 0, 3, 0, 3]
321.000000	-6658.707348
#[3, 3, 3, 3, 3, 3, 3, 3, 3, 2, 3, 3, 3, 3, 3, 0]
321.000000	-15924.141540
#[3, 3, 3, 3, 3, 3, 3, 3, 3, 3, 1, 3, 3, 3, 3, 3]
321.000000	-5124.789846
#[3, 0, 3, 3, 3, 3, 3, 3, 3, 3, 3, 3, 3, 3, 3, 3]
321.000000	-5128.760339
#[3, 3, 3, 3, 3, 3, 3, 1, 0, 3, 3, 3, 3, 3, 3, 3]
321.000000	-5140.627029
#[3, 3, 2, 3, 3, 3, 1, 3, 3, 3, 3, 3, 3, 3, 3, 3]
321.000000	-5128.012401
#[3, 3, 3, 3, 3, 3, 3, 0, 3, 3, 3, 3, 3, 3, 3, 3]
331.000000	-5120.117843
#[3, 3, 2, 3, 3, 3, 3, 3, 3, 3, 3, 3, 3, 3, 3, 3]
331.000000	-5115.713515
#[3, 3, 3, 3, 0, 3, 3, 3, 3, 3, 3, 0, 3, 1, 3, 3]
331.000000	-5164.747369
#[3, 3, 3, 3, 1, 2, 3, 3, 3, 3, 3, 3, 3, 3, 3, 3]
331.000000	-5137.218717
#[3, 3, 3, 3, 2, 0, 3, 3, 3, 3, 3, 3, 3, 3, 2, 3]
331.000000	-5153.198041
#[0, 3, 1, 3, 3, 3, 3, 3, 3, 3, 3, 3, 3, 3, 3, 3]
331.000000	-5217.963571
#[3, 3, 3, 0, 3, 1, 3, 3, 3, 3, 3, 3, 3, 3, 2, 0]
331.000000	-23646.139991
#[3, 1, 3, 3, 3, 3, 1, 3, 3, 3, 3, 3, 3, 3, 3, 3]
331.000000	-5140.850094
#[3, 3, 3, 3, 3, 1, 3, 3, 3, 3, 3, 3, 3, 3, 3, 3]
331.000000	-5127.603788
#[3, 3, 3, 3, 3, 3, 3, 3, 3, 1, 3, 3, 3, 3, 3, 3]
331.000000	-5123.488302
#[3, 3, 3, 3, 3, 3, 3, 3, 3, 3, 3, 1, 3, 3, 3, 3]
341.000000	-5142.608358
#[3, 3, 3, 2, 3, 3, 3, 3, 3, 3, 3, 3, 3, 3, 3, 3]
341.000000	-5112.582792
#[3, 3, 3, 3, 3, 2, 3, 3, 3, 3, 3, 2, 0, 3, 3, 3]
341.000000	-6656.447594
#[3, 3, 3, 3, 3, 3, 3, 3, 3, 2, 1, 3, 3, 3, 3, 3]
341.000000	-5129.529858
#[3, 2, 3, 3, 3, 1, 3, 3, 3, 3, 3, 3, 3, 3, 3, 3]
341.000000	-5136.779506
#[3, 3, 1, 3, 3, 3, 3, 3, 2, 3, 3, 2, 3, 3, 3, 3]
341.000000	-5143.167770
#[3, 3, 3, 3, 3, 2, 3, 3, 3, 3, 3, 3, 3, 3, 3, 3]
341.000000	-5121.687018
#[3, 3, 3, 3, 3, 3, 1, 2, 3, 3, 3, 3, 3, 3, 3, 3]
341.000000	-5131.747710
#[3, 1, 3, 3, 3, 3, 3, 0, 3, 3, 3, 3, 3, 3, 3, 3]
341.000000	-5146.927367
#[3, 3, 3, 3, 3, 0, 3, 3, 3, 3, 3, 3, 0, 3, 3, 3]
341.000000	-7133.423408
#[3, 3, 3, 3, 3, 3, 3, 3, 3, 3, 3, 3, 3, 2, 2, 3]
351.000000	-5130.222161
#[2, 3, 3, 3, 3, 3, 3, 3, 3, 0, 3, 3, 3, 3, 3, 3]
351.000000	-5173.667494
#[3, 3, 3, 3, 3, 3, 3, 3, 2, 3, 3, 3, 2, 3, 3, 3]
351.000000	-5117.555273
#[3, 3, 3, 3, 3, 3, 3, 3, 3, 2, 3, 3, 3, 3, 3, 3]
351.000000	-5118.915345
#[1, 3, 3, 3, 3, 3, 1, 3, 3, 3, 1, 3, 3, 3, 3, 3]
351.000000	-5231.592597
#[3, 3, 3, 3, 3, 3, 3, 2, 2, 3, 3, 3, 3, 3, 3, 3]
351.000000	-5124.887374
#[3, 0, 3, 3, 3, 3, 3, 3, 3, 3, 1, 3, 2, 3, 3, 3]
351.000000	-5146.681951
#[3, 3, 3, 2, 3, 3, 3, 2, 3, 3, 3, 3, 3, 3, 3, 3]
351.000000	-5120.111422
#[3, 3, 0, 3, 3, 3, 3, 3, 3, 3, 1, 3, 3, 3, 3, 3]
351.000000	-5134.777179
#[3, 3, 3, 3, 3, 3, 0, 0, 3, 3, 3, 3, 3, 3, 3, 3]
351.000000	-5128.505623
#[2, 3, 3, 3, 3, 3, 3, 3, 3, 3, 3, 0, 3, 3, 3, 3]
361.000000	-5181.191398
#[0, 3, 3, 3, 3, 3, 3, 3, 3, 3, 3, 3, 2, 3, 3, 2]
361.000000	-23705.964824
#[3, 3, 3, 3, 3, 3, 3, 3, 0, 0, 3, 3, 3, 0, 3, 3]
361.000000	-5154.268562
#[3, 3, 3, 3, 3, 3, 3, 3, 3, 3, 1, 3, 3, 1, 3, 3]
361.000000	-5138.181690
#[3, 3, 0, 3, 3, 3, 3, 2, 3, 3, 3, 3, 2, 3, 3, 3]
361.000000	-5127.095830
#[3, 3, 3, 3, 3, 0, 3, 2, 3, 3, 3, 3, 3, 3, 3, 3]
361.000000	-5134.505059
#[3, 3, 3, 3, 0, 2, 3, 3, 3, 3, 3, 3, 3, 3, 3, 3]
361.000000	-5141.402856
#[3, 3, 3, 3, 3, 3, 3, 3, 3, 3, 1, 0, 3, 3, 3, 3]
361.000000	-5150.784956
#[3, 3, 3, 3, 3, 3, 3, 3, 3, 3, 0, 3, 3, 1, 3, 3]
361.000000	-5142.498500
#[3, 3, 3, 2, 3, 3, 3, 3, 3, 3, 3, 3, 0, 3, 3, 3]
361.000000	-6633.481805
#[3, 3, 3, 3, 3, 3, 3, 3, 0, 3, 3, 3, 3, 3, 0, 3]
371.000000	-5153.460837
#[3, 3, 1, 3, 3, 3, 3, 3, 3, 0, 3, 3, 3, 3, 3, 3]
371.000000	-5136.235302
#[2, 3, 3, 3, 0, 3, 3, 3, 3, 3, 3, 3, 3, 3, 3, 3]
371.000000	-5185.648146
#[3, 2, 3, 3, 3, 3, 3, 1, 3, 3, 3, 3, 3, 3, 3, 3]
371.000000	-5137.731262
#[3, 0, 3, 3, 2, 3, 3, 3, 3, 3, 3, 2, 3, 3, 1, 3]
371.000000	-5177.253431
#[3, 3, 3, 3, 3, 3, 0, 3, 3, 3, 3, 3, 0, 3, 3, 3]
371.000000	-6644.387315
#[3, 3, 3, 3, 3, 3, 3, 3, 3, 3, 3, 3, 2, 3, 1, 3]
371.000000	-5130.720264
#[3, 3, 3, 3, 3, 3, 3, 3, 3, 3, 3, 0, 0, 3, 3, 3]
371.000000	-6649.351388
#[3, 3, 3, 3, 0, 3, 2, 3, 3, 3, 3, 3, 3, 3, 3, 2]
371.000000	-23635.210622
#[2, 3, 3, 3, 3, 3, 3, 3, 2, 2, 3, 3, 3, 3, 1, 2]
371.000000	-23681.701449
#[3, 3, 3, 3, 3, 3, 3, 2, 3, 2, 3, 3, 3, 1, 3, 3]
381.000000	-5136.116334
#[1, 3, 3, 3, 3, 3, 3, 3, 3, 2, 3, 3, 3, 3, 3, 3]
381.000000	-5218.578935
#[3, 2, 3, 3, 3, 3, 3, 3, 3, 3, 3, 3, 3, 3, 3, 2]
381.000000	-23629.487044
#[3, 2, 3, 3, 3, 3, 0, 3, 3, 3, 3, 3, 3, 3, 0, 3]
381.000000	-5165.837096
#[3, 3, 3, 3, 3, 3, 3, 3, 3, 3, 3, 3, 3, 3, 1, 3]
381.000000	-5128.452374
#[3, 3, 3, 3, 3, 3, 0, 3, 3, 3, 3, 3, 3, 0, 3, 3]
381.000000	-5144.623188
#[3, 3, 3, 3, 3, 3, 3, 3, 3, 3, 0, 3, 3, 3, 2, 3]
381.000000	-5139.452249
#[3, 3, 3, 3, 3, 3, 3, 3, 1, 3, 3, 2, 3, 3, 3, 3]
381.000000	-5135.818621
#[3, 3, 0, 3, 3, 3, 3, 3, 3, 3, 3, 3, 3, 3, 3, 3]
381.000000	-5118.718320
#[3, 2, 3, 3, 3, 2, 3, 3, 2, 3, 2, 3, 3, 3, 3, 3]
381.000000	-5143.022154
#[3, 1, 3, 3, 3, 3, 3, 3, 3, 3, 3, 3, 3, 3, 2, 3]
391.000000	-5147.986349
#[3, 3, 3, 3, 3, 3, 0, 3, 3, 3, 3, 3, 1, 3, 3, 0]
391.000000	-15929.786095
#[3, 3, 3, 2, 3, 3, 3, 1, 3, 3, 3, 3, 3, 3, 3, 3]
391.000000	-7977.707113
#[3, 3, 3, 3, 3, 3, 3, 3, 3, 3, 3, 3, 2, 3, 0, 3]
391.000000	-5144.338064
#[3, 3, 1, 3, 3, 3, 3, 3, 3, 3, 3, 3, 3, 0, 3, 3]
391.000000	-5140.627029
#[1, 3, 3, 3, 1, 3, 3, 3, 3, 3, 3, 3, 3, 3, 3, 1]
391.000000	-16005.349923
#[3, 2, 3, 3, 3, 0, 3, 3, 3, 3, 3, 3, 3, 3, 3, 3]
391.000000	-5135.365450
#[3, 3, 3, 3, 3, 0, 3, 3, 3, 3, 3, 3, 1, 3, 3, 3]
391.000000	-5133.474436
#[3, 3, 3, 3, 3, 3, 3, 1, 3, 3, 3, 3, 3, 2, 3, 3]
391.000000	-5137.228205
#[3, 1, 3, 3, 3, 3, 3, 3, 3, 3, 3, 3, 2, 3, 3, 3]
391.000000	-5137.900476
#[3, 3, 3, 3, 0, 3, 3, 3, 3, 3, 3, 3, 3, 2, 3, 3]
401.000000	-5144.866008
#[3, 3, 3, 3, 3, 1, 3, 1, 3, 3, 3, 3, 3, 3, 3, 2]
401.000000	-23627.686489
#[3, 3, 3, 3, 3, 3, 3, 3, 3, 3, 3, 3, 3, 3, 3, 1]
401.000000	-15916.618598
#[3, 3, 3, 1, 3, 1, 3, 3, 3, 3, 3, 1, 3, 3, 3, 3]
401.000000	-7162.711797
#[3, 3, 1, 2, 3, 3, 3, 3, 3, 3, 3, 3, 3, 3, 0, 3]
401.000000	-5159.046083
#[3, 3, 0, 3, 3, 3, 3, 3, 3, 3, 3, 3, 2, 3, 3, 3]
401.000000	-5122.363809
#[3, 1, 3, 3, 3, 0, 3, 3, 3, 3, 3, 3, 3, 3, 3, 3]
401.000000	-5144.748506
#[3, 3, 3, 3, 3, 2, 2, 3, 3, 3, 3, 3, 3, 3, 3, 3]
401.000000	-5127.316754
#[1, 3, 3, 3, 2, 3, 3, 3, 3, 3, 3, 3, 3, 3, 3, 3]
401.000000	-5217.804514
#[3, 3, 3, 3, 3, 1, 3, 3, 3, 1, 3, 3, 3, 3, 3, 3]
401.000000	-5133.558876
#[3, 3, 3, 3, 3, 3, 3, 1, 3, 3, 3, 3, 2, 3, 3, 3]
411.000000	-5131.699835
#[3, 3, 3, 3, 2, 3, 3, 3, 3, 3, 3, 3, 2, 3, 3, 3]
411.000000	-5124.930948
#[3, 3, 3, 2, 3, 3, 3, 3, 3, 3, 3, 1, 3, 3, 3, 0]
411.000000	-15926.286063
#[3, 3, 3, 3, 0, 3, 3, 3, 3, 3, 3, 3, 3, 0, 3, 3]
411.000000	-5156.997320
#[3, 3, 3, 3, 3, 2, 3, 3, 3, 3, 2, 3, 3, 3, 3, 2]
411.000000	-23630.618604
#[3, 3, 3, 3, 3, 3, 3, 3, 1, 3, 1, 3, 3, 3, 3, 3]
411.000000	-5134.680599
#[3, 2, 3, 3, 3, 3, 3, 3, 3, 3, 3, 0, 3, 3, 3, 3]
411.000000	-5139.561575
#[3, 3, 0, 0, 3, 3, 3, 3, 3, 1, 3, 3, 3, 3, 3, 3]
411.000000	-5134.620990
#[3, 3, 3, 3, 0, 3, 3, 0, 3, 3, 3, 3, 3, 3, 3, 3]
411.000000	-5144.512401
#[3, 3, 1, 3, 3, 3, 2, 3, 3, 3, 1, 3, 3, 3, 3, 3]
411.000000	-5139.541124
#[3, 3, 3, 3, 3, 2, 3, 3, 2, 3, 3, 3, 3, 3, 3, 3]
421.000000	-5128.463230
#[3, 3, 3, 3, 2, 3, 3, 3, 3, 3, 0, 3, 3, 3, 3, 3]
421.000000	-5135.310174
#[3, 3, 3, 3, 3, 3, 3, 3, 3, 3, 3, 0, 3, 3, 1, 3]
421.000000	-5160.199245
#[3, 3, 3, 3, 3, 2, 3, 1, 3, 3, 3, 3, 3, 3, 3, 3]
421.000000	-5138.513045
#[3, 3, 3, 3, 3, 3, 3, 3, 1, 3, 3, 3, 3, 3, 3, 2]
421.000000	-23624.815260
#[3, 3, 3, 3, 3, 3, 3, 1, 3, 0, 3, 0, 3, 3, 3, 3]
421.000000	-5154.388521
#[3, 3, 3, 0, 3, 3, 3, 3, 3, 3, 3, 3, 3, 3, 3, 2]
421.000000	-23621.013340
#[3, 3, 2, 3, 1, 3, 3, 3, 3, 3, 3, 3, 3, 3, 3, 3]
421.000000	-5136.610920
#[3, 3, 3, 3, 3, 3, 3, 3, 1, 3, 3, 3, 3, 1, 3, 3]
421.000000	-5124.705981
#[3, 3, 3, 3, 3, 3, 3, 3, 3, 0, 3, 3, 3, 3, 3, 0]
421.000000	-15924.375345
#[3, 3, 3, 3, 3, 2, 3, 3, 3, 0, 3, 3, 3, 3, 3, 3]
431.000000	-5130.302268
#[3, 3, 0, 3, 3, 3, 3, 0, 3, 3, 3, 3, 3, 3, 3, 3]
431.000000	-5124.705981
#[3, 3, 3, 3, 3, 3, 3, 0, 3, 1, 3, 3, 3, 3, 3, 3]
431.000000	-5135.858884
#[3, 1, 3, 3, 3, 0, 3, 3, 3, 3, 2, 3, 3, 3, 3, 3]
431.000000	-5148.200780
#[3, 3, 0, 3, 3, 3, 3, 3, 3, 3, 3, 1, 3, 3, 3, 3]
431.000000	-5146.793253
#[3, 3, 3, 3, 3, 3, 3, 2, 0, 3, 3, 3, 3, 3, 3, 3]
431.000000	-5130.683845
#[0, 3, 0, 3, 3, 3, 3, 3, 3, 3, 3, 3, 3, 3, 3, 3]
431.000000	-5217.591526
#[3, 3, 0, 3, 3, 1, 3, 3, 3, 3, 3, 3, 3, 3, 3, 3]
431.000000	-5142.918276
#[3, 3, 3, 3, 3, 3, 0, 3, 3, 3, 3, 3, 3, 3, 3, 0]
431.000000	-15926.046822
#[3, 3, 3, 3, 3, 3, 3, 2, 3, 2, 3, 3, 3, 3, 0, 3]
431.000000	-5154.909686
#[0, 3, 3, 3, 2, 3, 3, 3, 3, 3, 3, 3, 3, 3, 3, 3]
441.000000	-5226.202458
#[3, 3, 3, 3, 3, 3, 3, 3, 0, 0, 3, 3, 3, 3, 3, 3]
441.000000	-5134.388574
#[3, 3, 3, 3, 3, 3, 3, 1, 3, 3, 3, 3, 3, 3, 0, 3]
441.000000	-5161.725401
#[3, 3, 3, 3, 0, 3, 3, 3, 3, 1, 1, 3, 3, 3, 3, 2]
441.000000	-23633.597639
#[3, 3, 3, 0, 3, 2, 3, 2, 3, 3, 3, 3, 3, 3, 0, 3]
441.000000	-5160.760729
#[3, 3, 3, 3, 3, 3, 3, 3, 1, 3, 3, 3, 3, 3, 1, 3]
441.000000	-5134.427613
#[3, 3, 3, 3, 3, 3, 3, 3, 0, 3, 3, 3, 3, 3, 2, 3]
441.000000	-5136.583020
#[3, 3, 3, 3, 2, 2, 3, 3, 3, 3, 3, 3, 2, 3, 3, 3]
441.000000	-5133.362785
#[2, 3, 3, 3, 3, 3, 3, 3, 3, 3, 3, 3, 2, 3, 3, 3]
441.000000	-5166.069394
#[3, 3, 3, 3, 3, 2, 3, 3, 3, 3, 3, 3, 0, 3, 3, 3]
441.000000	-6642.586032
#[2, 2, 3, 3, 3, 3, 3, 3, 3, 3, 3, 3, 3, 3, 3, 3]
451.000000	-5170.455714
#[3, 0, 3, 3, 3, 3, 3, 3, 3, 3, 3, 3, 3, 3, 3, 0]
451.000000	-15932.175924
#[1, 3, 3, 1, 3, 3, 3, 3, 3, 3, 3, 3, 3, 3, 3, 3]
451.000000	-12618.319425
#[3, 1, 3, 3, 3, 3, 3, 3, 3, 3, 0, 3, 3, 2, 3, 3]
451.000000	-5154.709675
#[3, 3, 3, 3, 3, 0, 3, 3, 3, 3, 3, 1, 3, 3, 3, 3]
451.000000	-5152.097483
#[3, 3, 2, 1, 3, 3, 3, 3, 3, 3, 3, 3, 3, 3, 3, 3]
451.000000	-7084.576448
#[3, 3, 3, 3, 3, 3, 3, 1, 3, 3, 3, 3, 0, 3, 3, 3]
451.000000	-6648.953360
#[3, 3, 3, 3, 3, 3, 3, 3, 3, 3, 2, 3, 2, 3, 3, 3]
451.000000	-5123.396202
#[3, 3, 3, 3, 3, 3, 3, 3, 3, 3, 3, 3, 0, 3, 3, 1]
451.000000	-16889.668767
#[3, 3, 1, 3, 3, 3, 3, 3, 3, 3, 3, 3, 1, 3, 3, 3]
451.000000	-5125.907233
#[3, 3, 3, 0, 3, 3, 3, 3, 3, 3, 3, 3, 3, 3, 3, 1]
461.000000	-15920.356831
#[3, 3, 2, 3, 3, 3, 3, 3, 3, 3, 3, 3, 3, 1, 3, 3]
461.000000	-5126.894055
#[3, 3, 3, 3, 3, 1, 3, 3, 3, 3, 3, 0, 3, 3, 3, 3]
461.000000	-5147.563276
#[3, 0, 3, 3, 3, 3, 3, 3, 3, 3, 3, 3, 3, 1, 3, 3]
461.000000	-5141.930319
#[3, 3, 3, 3, 3, 1, 3, 3, 3, 3, 2, 3, 3, 3, 3, 3]
461.000000	-5132.463118
#[2, 3, 3, 3, 3, 3, 3, 3, 3, 1, 3, 3, 3, 3, 3, 3]
461.000000	-5173.547712
#[3, 3, 3, 3, 3, 3, 3, 3, 3, 3, 3, 3, 3, 2, 3, 1]
461.000000	-15923.482019
#[3, 3, 3, 2, 3, 3, 0, 3, 3, 3, 3, 3, 3, 3, 3, 3]
461.000000	-5127.133791
#[3, 3, 3, 3, 3, 3, 3, 3, 3, 3, 1, 2, 1, 3, 3, 3]
461.000000	-5144.455251
#[3, 3, 3, 3, 3, 0, 3, 3, 3, 1, 3, 3, 3, 3, 3, 3]
461.000000	-5139.145279
#[3, 3, 3, 3, 3, 1, 3, 3, 3, 3, 3, 3, 3, 3, 3, 2]
471.000000	-23626.066558
#[3, 3, 0, 3, 3, 0, 3, 3, 3, 3, 3, 3, 3, 3, 0, 3]
471.000000	-5176.817563
#[3, 3, 3, 3, 0, 0, 3, 3, 3, 3, 3, 3, 3, 3, 3, 3]
471.000000	-5147.956228
#[3, 3, 3, 3, 3, 3, 3, 3, 0, 3, 3, 3, 2, 3, 3, 3]
471.000000	-5126.176578
#[3, 3, 3, 3, 1, 3, 3, 3, 3, 3, 3, 3, 3, 3, 2, 3]
471.000000	-5139.585429
#[0, 3, 3, 3, 3, 3, 3, 3, 3, 3, 3, 3, 3, 3, 2, 3]
471.000000	-5244.979448
#[3, 2, 3, 3, 3, 3, 3, 3, 3, 3, 3, 3, 3, 1, 3, 3]
471.000000	-5133.438126
#[3, 3, 3, 3, 3, 3, 3, 0, 3, 3, 3, 3, 3, 3, 3, 0]
471.000000	-15924.142124
#[3, 3, 3, 3, 3, 3, 1, 3, 3, 3, 3, 3, 3, 3, 3, 0]
471.000000	-15924.550632
#[1, 0, 3, 3, 3, 3, 3, 3, 3, 3, 3, 1, 3, 3, 3, 3]
471.000000	-29677.675800
#[3, 0, 3, 3, 1, 1, 3, 3, 3, 2, 3, 3, 3, 3, 3, 3]
481.000000	-5170.475167
#[2, 3, 3, 3, 3, 3, 3, 3, 3, 3, 3, 3, 3, 3, 0, 3]
481.000000	-5194.516133
#[3, 3, 3, 3, 3, 3, 1, 3, 3, 3, 3, 1, 3, 3, 3, 3]
481.000000	-5153.859182
#[2, 3, 3, 3, 3, 3, 3, 3, 3, 3, 3, 3, 0, 3, 1, 3]
481.000000	-6491.940658
#[3, 3, 3, 2, 3, 3, 3, 3, 3, 3, 3, 1, 3, 3, 3, 3]
481.000000	-5144.338064
#[3, 3, 3, 3, 3, 3, 0, 3, 3, 0, 3, 3, 3, 3, 3, 3]
481.000000	-5140.427858
#[3, 3, 3, 3, 3, 3, 3, 3, 2, 3, 1, 3, 3, 3, 3, 3]
481.000000	-5130.350198
#[3, 3, 3, 3, 3, 3, 3, 3, 3, 3, 3, 3, 3, 2, 3, 2]
481.000000	-23623.635931
#[3, 3, 3, 1, 3, 3, 3, 3, 3, 3, 3, 3, 2, 3, 3, 3]
481.000000	-6633.481805
#[3, 1, 3, 3, 3, 3, 3, 3, 3, 3, 2, 3, 3, 3, 3, 1]
481.000000	-15938.176473
#[2, 3, 3, 2, 3, 3, 3, 3, 3, 3, 3, 3, 3, 2, 3, 3]
491.000000	-5174.158784
#[1, 3, 3, 3, 3, 3, 3, 3, 3, 3, 3, 3, 3, 3, 2, 3]
491.000000	-5221.075343
#[3, 3, 3, 3, 3, 3, 0, 3, 1, 3, 3, 3, 3, 3, 3, 3]
491.000000	-5134.039550
#[3, 0, 3, 2, 3, 3, 3, 3, 3, 3, 1, 3, 3, 3, 3, 3]
491.000000	-5143.278636
#[3, 1, 3, 3, 2, 3, 3, 3, 3, 3, 3, 3, 3, 3, 3, 3]
491.000000	-5148.026570
#[3, 0, 3, 3, 3, 3, 3, 3, 3, 3, 1, 3, 3, 3, 3, 3]
491.000000	-5142.560213
#[3, 2, 3, 3, 3, 3, 3, 3, 3, 0, 3, 3, 3, 3, 3, 3]
491.000000	-5135.357789
#[3, 3, 3, 0, 3, 3, 3, 3, 3, 0, 3, 3, 3, 3, 3, 3]
491.000000	-5128.059866
#[3, 3, 3, 3, 3, 3, 1, 3, 3, 3, 3, 1, 3, 3, 3, 2]
491.000000	-23614.092277
#[3, 3, 3, 3, 3, 0, 3, 3, 1, 3, 3, 3, 3, 0, 3, 3]
491.000000	-5156.650509
