#[5, 1, 1, 5, 0]
1.000000	-6.020000
#[5, 1, 1, 5, 3]
11.000000	-7.526667
#[5, 1, 1, 0, 0]
11.000000	-6.020000
#[5, 1, 1, 3, 0]
11.000000	-6.075556
#[5, 1, 7, 5, 0]
11.000000	-6.075556
#[5, 1, 1, 2, 0]
11.000000	-6.020000
#[5, 7, 1, 5, 0]
11.000000	-6.086667
#[5, 1, 5, 5, 0]
11.000000	-6.020000
#[5, 3, 1, 5, 0]
11.000000	-6.086667
#[5, 0, 1, 5, 0]
11.000000	-6.020000
#[5, 1, 3, 5, 0]
11.000000	-6.075556
#[1, 0, 4, 5, 0]
21.000000	-3.006667
#[5, 0, 5, 5, 0]
21.000000	-6.020000
#[5, 0, 1, 5, 2]
21.000000	-7.526667
#[5, 0, 6, 5, 0]
21.000000	-3.006667
#[7, 0, 1, 5, 0]
21.000000	-7.214167
#[5, 0, 4, 5, 0]
21.000000	-3.006667
#[5, 0, 1, 7, 0]
21.000000	-6.075556
#[5, 2, 1, 5, 0]
21.000000	-6.020000
#[5, 0, 1, 5, 3]
21.000000	-7.526667
#[5, 0, 1, 4, 0]
21.000000	-3.006667
#[5, 0, 1, 4, 4]
31.000000	-3.006667
#[0, 0, 1, 4, 0]
31.000000	-4.513333
#[2, 0, 1, 4, 0]
31.000000	-4.513333
#[5, 0, 7, 4, 0]
31.000000	-5.270000
#[7, 0, 1, 4, 0]
31.000000	-7.026667
#[5, 6, 1, 4, 0]
31.000000	-2.328095
#[5, 5, 1, 4, 0]
31.000000	-3.006667
#[5, 0, 1, 6, 0]
31.000000	-3.006667
#[4, 0, 1, 4, 0]
31.000000	-4.513333
#[5, 1, 1, 4, 0]
31.000000	-3.006667
#[5, 6, 2, 4, 1]
41.000000	-2.286970
#[5, 6, 3, 4, 0]
41.000000	-5.776667
#[5, 6, 6, 4, 0]
41.000000	-3.523750
#[5, 6, 1, 4, 2]
41.000000	-1.500000
#[5, 4, 1, 4, 0]
41.000000	-3.006667
#[1, 6, 1, 5, 0]
41.000000	-4.249444
#[5, 6, 1, 0, 0]
41.000000	-3.006667
#[3, 6, 1, 4, 0]
41.000000	-6.193333
#[5, 6, 1, 1, 0]
41.000000	-3.006667
#[5, 6, 1, 4, 1]
41.000000	-2.441190
#[5, 6, 1, 1, 2]
51.000000	-4.513333
#[5, 6, 3, 4, 2]
51.000000	0.006667
#[5, 6, 1, 2, 2]
51.000000	-4.513333
#[5, 6, 0, 4, 2]
51.000000	-1.500000
#[5, 4, 1, 4, 2]
51.000000	-4.513333
#[3, 6, 1, 4, 2]
51.000000	-3.721667
#[5, 0, 1, 4, 2]
51.000000	-4.513333
#[5, 6, 1, 7, 0]
51.000000	-3.042381
#[5, 6, 1, 3, 2]
51.000000	-3.006667
#[6, 6, 1, 4, 2]
51.000000	-5.228333
#[4, 6, 3, 4, 2]
61.000000	-4.634583
#[1, 6, 3, 4, 2]
61.000000	-4.832500
#[5, 6, 3, 0, 2]
61.000000	-3.006667
#[5, 6, 7, 4, 2]
61.000000	-6.908333
#[2, 6, 3, 4, 2]
61.000000	-1.500000
#[5, 2, 3, 1, 2]
61.000000	-6.020000
#[7, 6, 3, 1, 2]
61.000000	-5.697083
#[5, 6, 3, 4, 4]
61.000000	-6.819048
#[7, 6, 3, 4, 2]
61.000000	-6.908333
#[0, 6, 3, 4, 2]
61.000000	-1.500000
#[5, 1, 7, 4, 2]
71.000000	-4.575833
#[5, 3, 3, 4, 2]
71.000000	-3.006667
#[5, 4, 3, 4, 2]
71.000000	-3.006667
#[5, 2, 3, 4, 2]
71.000000	-3.006667
#[5, 6, 3, 5, 2]
71.000000	-3.006667
#[5, 6, 3, 4, 1]
71.000000	-2.506667
#[5, 6, 6, 4, 2]
71.000000	-4.634583
#[5, 6, 3, 3, 2]
71.000000	-3.006667
#[5, 6, 5, 4, 2]
71.000000	-3.721667
#[5, 7, 3, 4, 2]
71.000000	-3.062222
#[6, 6, 3, 4, 2]
81.000000	-4.832500
#[5, 6, 3, 4, 3]
81.000000	-6.941935
#[5, 2, 4, 4, 2]
81.000000	-5.624167
#[5, 6, 3, 2, 2]
81.000000	-3.006667
#[5, 1, 3, 4, 1]
81.000000	-5.377143
#[5, 0, 3, 7, 2]
81.000000	-6.103333
#[5, 6, 2, 4, 2]
81.000000	-4.832500
#[5, 6, 3, 7, 2]
81.000000	-3.062222
#[5, 4, 5, 4, 2]
81.000000	-4.513333
#[5, 1, 3, 4, 2]
81.000000	-3.006667
#[5, 6, 3, 6, 2]
91.000000	-3.006667
#[5, 6, 4, 4, 2]
91.000000	-4.832500
#[5, 0, 3, 4, 1]
91.000000	-5.270000
#[5, 3, 3, 1, 2]
91.000000	-6.020000
#[5, 5, 3, 4, 2]
91.000000	-3.006667
#[5, 6, 3, 1, 2]
91.000000	-3.006667
#[6, 6, 3, 4, 4]
91.000000	-5.270000
#[5, 6, 3, 0, 0]
91.000000	-6.103590
#[3, 6, 3, 4, 2]
91.000000	-3.721667
#[5, 6, 4, 4, 4]
91.000000	-4.662857
#[2, 5, 3, 4, 2]
101.000000	-3.006667
#[5, 1, 5, 4, 2]
101.000000	-4.513333
#[5, 0, 3, 4, 2]
101.000000	-3.006667
#[5, 6, 6, 4, 3]
101.000000	-4.794194
#[5, 6, 0, 5, 2]
101.000000	-4.513333
#[5, 6, 0, 4, 1]
101.000000	-2.373333
#[5, 7, 3, 1, 3]
101.000000	-7.657619
#[5, 0, 3, 4, 0]
101.000000	-5.270000
#[5, 4, 3, 4, 1]
101.000000	-3.034444
#[0, 4, 3, 4, 2]
101.000000	-4.513333
#[5, 7, 1, 4, 2]
111.000000	-4.584762
#[5, 5, 7, 4, 2]
111.000000	-4.575833
#[2, 6, 4, 4, 2]
111.000000	-5.228333
#[4, 6, 3, 4, 0]
111.000000	-3.742500
#[1, 6, 5, 4, 2]
111.000000	-1.500000
#[3, 6, 3, 3, 2]
111.000000	-4.513333
#[5, 6, 6, 0, 2]
111.000000	-4.513333
#[5, 6, 3, 3, 3]
111.000000	-7.950000
#[5, 6, 3, 0, 3]
111.000000	-4.589091
#[5, 0, 5, 4, 2]
111.000000	-4.513333
#[0, 5, 3, 4, 2]
121.000000	-3.006667
#[5, 2, 3, 4, 1]
121.000000	-5.212308
#[1, 6, 6, 4, 2]
121.000000	-5.228333
#[3, 6, 3, 4, 4]
121.000000	-7.533333
#[7, 5, 3, 4, 2]
121.000000	-3.062222
#[5, 6, 0, 4, 4]
121.000000	-2.373333
#[5, 3, 7, 4, 2]
121.000000	-3.062222
#[5, 1, 3, 5, 2]
121.000000	-6.020000
#[5, 5, 3, 4, 1]
121.000000	-5.377143
#[0, 6, 6, 4, 2]
121.000000	-3.006667
#[3, 6, 3, 6, 2]
131.000000	-4.513333
#[4, 2, 3, 4, 2]
131.000000	-4.513333
#[5, 5, 3, 3, 2]
131.000000	-6.020000
#[5, 6, 3, 3, 4]
131.000000	-7.771429
#[6, 0, 3, 4, 2]
131.000000	-1.500000
#[5, 6, 0, 4, 0]
131.000000	-5.334359
#[1, 6, 3, 4, 1]
131.000000	-5.249167
#[1, 3, 3, 4, 2]
131.000000	-6.735000
#[5, 6, 3, 7, 0]
131.000000	-6.401667
#[5, 6, 2, 4, 4]
131.000000	-4.662857
#[7, 0, 3, 4, 2]
141.000000	-4.589091
#[5, 1, 3, 6, 2]
141.000000	-3.006667
#[5, 6, 3, 2, 1]
141.000000	-3.044545
#[5, 6, 3, 3, 0]
141.000000	-6.401667
#[5, 4, 0, 4, 2]
141.000000	-4.513333
#[5, 6, 7, 2, 2]
141.000000	-7.950000
#[6, 6, 3, 2, 2]
141.000000	-4.513333
#[5, 6, 3, 0, 1]
141.000000	-3.040000
#[4, 6, 4, 4, 2]
141.000000	-5.228333
#[6, 6, 3, 1, 2]
141.000000	-5.624167
#[4, 6, 3, 7, 0]
151.000000	-5.985000
#[5, 6, 6, 4, 1]
151.000000	-2.478889
#[6, 6, 3, 4, 3]
151.000000	-5.467917
#[5, 6, 3, 6, 4]
151.000000	-5.615238
#[3, 6, 7, 3, 2]
151.000000	-4.555000
#[5, 7, 3, 3, 4]
151.000000	-8.723810
#[7, 1, 3, 4, 2]
151.000000	-7.950000
#[1, 6, 3, 4, 3]
151.000000	-5.467917
#[5, 6, 6, 3, 0]
151.000000	-4.148750
#[5, 3, 3, 4, 1]
151.000000	-5.575556
#[5, 4, 3, 4, 3]
161.000000	-3.062222
#[5, 2, 3, 4, 3]
161.000000	-7.475862
#[5, 2, 3, 2, 2]
161.000000	-6.020000
#[4, 6, 3, 0, 2]
161.000000	-1.500000
#[0, 6, 3, 4, 3]
161.000000	-5.251884
#[5, 3, 3, 4, 3]
161.000000	-7.909677
#[4, 6, 2, 4, 2]
161.000000	-5.228333
#[5, 5, 3, 0, 2]
161.000000	-6.020000
#[0, 6, 3, 5, 2]
161.000000	-3.006667
#[5, 6, 2, 5, 2]
161.000000	-6.735000
#[5, 2, 3, 4, 0]
171.000000	-6.193333
#[1, 6, 7, 4, 2]
171.000000	-5.270000
#[5, 6, 3, 1, 3]
171.000000	-4.572857
#[5, 6, 7, 4, 0]
171.000000	-5.776667
#[5, 6, 2, 4, 0]
171.000000	-3.325833
#[5, 7, 2, 4, 2]
171.000000	-5.665833
#[5, 6, 5, 4, 0]
171.000000	-4.436667
#[2, 6, 6, 4, 2]
171.000000	-3.006667
#[5, 6, 4, 4, 1]
171.000000	0.006667
#[5, 6, 5, 3, 2]
171.000000	-3.006667
#[5, 6, 2, 3, 2]
181.000000	-3.006667
#[5, 6, 3, 6, 3]
181.000000	-5.676250
#[5, 3, 3, 4, 4]
181.000000	-7.771429
#[5, 7, 0, 4, 2]
181.000000	-4.573939
#[5, 6, 2, 4, 3]
181.000000	0.006667
#[1, 7, 3, 6, 2]
181.000000	-7.950000
#[7, 6, 3, 6, 2]
181.000000	-5.676250
#[2, 6, 1, 4, 2]
181.000000	-3.006667
#[5, 6, 5, 7, 2]
181.000000	-6.804444
#[0, 6, 3, 1, 2]
181.000000	-4.513333
#[5, 6, 5, 4, 3]
191.000000	-5.530290
#[1, 6, 2, 4, 3]
191.000000	-4.832500
#[0, 6, 2, 4, 3]
191.000000	-1.500000
#[5, 6, 2, 7, 3]
191.000000	-7.950000
#[5, 6, 2, 3, 3]
191.000000	-7.950000
#[5, 3, 2, 4, 3]
191.000000	-3.062222
#[5, 2, 2, 4, 3]
191.000000	-3.006667
#[5, 0, 2, 4, 2]
191.000000	-4.513333
#[1, 6, 2, 0, 3]
191.000000	-6.020000
#[5, 0, 2, 4, 3]
191.000000	-3.006667
#[5, 5, 2, 4, 3]
201.000000	-3.006667
#[2, 6, 2, 4, 3]
201.000000	-1.500000
#[5, 6, 4, 4, 3]
201.000000	0.006667
#[4, 6, 2, 4, 3]
201.000000	-1.500000
#[6, 6, 2, 4, 3]
201.000000	-4.832500
#[5, 6, 7, 4, 3]
201.000000	-6.941935
#[3, 6, 2, 4, 3]
201.000000	-6.908333
#[5, 6, 2, 2, 3]
201.000000	-7.950000
#[5, 6, 1, 4, 3]
201.000000	-3.633704
#[7, 6, 2, 4, 3]
201.000000	-6.908333
#[5, 6, 4, 6, 3]
211.000000	-4.794194
#[0, 6, 4, 4, 3]
211.000000	-1.500000
#[5, 6, 4, 4, 0]
211.000000	-3.325833
#[5, 6, 4, 0, 3]
211.000000	-3.382381
#[2, 6, 4, 4, 3]
211.000000	-1.500000
#[5, 1, 4, 4, 3]
211.000000	-3.006667
#[5, 6, 0, 4, 3]
211.000000	-3.382381
#[6, 6, 4, 4, 3]
211.000000	-4.832500
#[5, 2, 4, 4, 0]
211.000000	-4.117500
#[5, 6, 4, 2, 3]
211.000000	0.006667
#[5, 6, 4, 2, 2]
221.000000	-4.832500
#[5, 0, 4, 2, 3]
221.000000	-3.006667
#[5, 6, 0, 2, 3]
221.000000	-4.513333
#[5, 6, 5, 2, 3]
221.000000	-6.735000
#[5, 6, 4, 2, 0]
221.000000	-3.325833
#[5, 7, 4, 2, 3]
221.000000	-3.062222
#[5, 6, 4, 1, 3]
221.000000	-3.633704
#[5, 6, 0, 1, 3]
221.000000	-4.513333
#[4, 6, 4, 2, 3]
221.000000	-1.500000
#[5, 1, 4, 2, 3]
221.000000	-3.006667
#[5, 5, 4, 2, 3]
231.000000	-3.006667
#[3, 6, 4, 2, 3]
231.000000	-6.908333
#[5, 5, 3, 2, 2]
231.000000	-6.020000
#[5, 6, 4, 7, 3]
231.000000	-6.941935
#[5, 6, 4, 3, 3]
231.000000	-6.941935
#[2, 6, 4, 2, 3]
231.000000	-1.500000
#[5, 6, 6, 2, 1]
231.000000	-3.006667
#[5, 6, 4, 2, 1]
231.000000	-2.286970
#[5, 6, 0, 3, 3]
231.000000	-4.589091
#[5, 6, 1, 2, 3]
231.000000	-4.513333
#[6, 6, 4, 2, 3]
241.000000	-4.832500
#[0, 6, 4, 2, 3]
241.000000	-1.500000
#[5, 6, 6, 2, 3]
241.000000	-5.624167
#[2, 4, 4, 2, 3]
241.000000	-4.513333
#[5, 6, 7, 2, 3]
241.000000	-7.950000
#[5, 6, 3, 2, 3]
241.000000	-7.950000
#[5, 3, 4, 2, 3]
241.000000	-3.062222
#[5, 6, 0, 0, 3]
241.000000	-4.513333
#[7, 6, 4, 2, 3]
241.000000	-6.908333
#[5, 0, 4, 0, 3]
241.000000	-3.006667
#[5, 4, 4, 2, 3]
251.000000	-3.006667
#[5, 6, 4, 2, 4]
251.000000	-4.662857
#[5, 2, 4, 2, 3]
251.000000	-3.006667
#[5, 3, 4, 5, 3]
251.000000	-6.544783
#[5, 6, 4, 6, 1]
251.000000	-2.478889
#[5, 6, 4, 5, 3]
251.000000	-5.530290
#[3, 6, 2, 2, 3]
251.000000	-8.366667
#[1, 6, 4, 2, 3]
251.000000	-4.832500
#[6, 6, 4, 2, 4]
251.000000	-3.006667
#[5, 6, 1, 6, 3]
251.000000	-4.513333
#[0, 6, 4, 2, 4]
261.000000	-3.006667
#[0, 2, 4, 2, 3]
261.000000	-4.513333
#[4, 6, 4, 7, 3]
261.000000	-4.704524
#[4, 6, 3, 2, 3]
261.000000	-7.533333
#[4, 6, 4, 5, 3]
261.000000	0.006667
#[6, 7, 4, 2, 3]
261.000000	-6.908333
#[5, 3, 5, 2, 3]
261.000000	-7.568333
#[5, 3, 4, 2, 1]
261.000000	-5.360909
#[5, 4, 1, 2, 3]
261.000000	-3.006667
#[3, 6, 4, 2, 2]
261.000000	-1.500000
#[4, 6, 4, 5, 0]
271.000000	-3.457778
#[4, 6, 2, 5, 3]
271.000000	-5.943333
#[7, 6, 4, 5, 3]
271.000000	-5.860000
#[4, 7, 4, 5, 3]
271.000000	-3.062222
#[4, 6, 4, 5, 2]
271.000000	-3.721667
#[4, 6, 7, 5, 3]
271.000000	-5.998889
#[5, 6, 0, 5, 3]
271.000000	-4.513333
#[4, 3, 4, 5, 3]
271.000000	-3.062222
#[4, 4, 4, 5, 0]
271.000000	-4.249444
#[4, 6, 6, 5, 3]
271.000000	-3.834762
#[4, 6, 4, 4, 3]
281.000000	-1.500000
#[4, 6, 0, 5, 3]
281.000000	-3.495476
#[4, 6, 4, 5, 1]
281.000000	-2.328095
#[4, 6, 4, 3, 3]
281.000000	-4.704524
#[4, 2, 4, 5, 3]
281.000000	-3.006667
#[4, 6, 4, 1, 3]
281.000000	-1.500000
#[0, 6, 4, 5, 4]
281.000000	-2.373333
#[4, 5, 4, 5, 3]
281.000000	-3.006667
#[4, 0, 4, 5, 3]
281.000000	-3.006667
#[4, 6, 4, 5, 4]
281.000000	-4.662857
#[1, 6, 4, 5, 3]
291.000000	-3.721667
#[4, 4, 4, 5, 3]
291.000000	-3.006667
#[5, 6, 4, 5, 0]
291.000000	-4.436667
#[3, 6, 4, 5, 2]
291.000000	0.006667
#[4, 6, 3, 5, 3]
291.000000	-5.998889
#[4, 6, 7, 4, 1]
291.000000	-4.655417
#[3, 6, 4, 5, 3]
291.000000	-5.860000
#[4, 6, 4, 0, 3]
291.000000	-1.500000
#[4, 1, 4, 5, 3]
291.000000	-3.006667
#[0, 6, 4, 5, 3]
291.000000	-3.395686
#[4, 6, 1, 5, 3]
301.000000	-3.382381
#[4, 6, 7, 5, 0]
301.000000	-5.707222
#[6, 6, 4, 5, 3]
301.000000	-3.721667
#[4, 6, 2, 5, 1]
301.000000	-1.183333
#[4, 6, 4, 6, 3]
301.000000	-4.662857
#[4, 6, 0, 6, 3]
301.000000	-5.115238
#[4, 1, 4, 5, 2]
301.000000	-4.513333
#[2, 6, 4, 5, 3]
301.000000	-5.223636
#[4, 3, 4, 5, 4]
301.000000	-5.615238
#[4, 6, 4, 6, 2]
301.000000	-3.006667
#[4, 6, 1, 5, 0]
311.000000	-1.236111
#[4, 6, 7, 3, 3]
311.000000	-7.533333
#[4, 6, 3, 5, 0]
311.000000	-5.707222
#[4, 6, 5, 5, 3]
311.000000	-5.943333
#[1, 2, 4, 1, 4]
311.000000	-6.020000
#[4, 6, 4, 0, 1]
311.000000	-2.554286
#[4, 6, 5, 3, 3]
311.000000	-5.998889
#[6, 6, 5, 5, 3]
311.000000	-4.513333
#[4, 0, 4, 4, 3]
311.000000	-4.513333
#[3, 2, 4, 5, 3]
311.000000	-6.284242
#[7, 6, 1, 3, 3]
321.000000	-6.124167
#[0, 6, 4, 1, 3]
321.000000	-5.020000
#[4, 3, 0, 5, 3]
321.000000	-6.580238
#[1, 0, 4, 5, 3]
321.000000	-3.006667
#[0, 6, 4, 5, 2]
321.000000	-1.500000
#[6, 6, 2, 5, 3]
321.000000	-4.513333
#[4, 1, 4, 1, 3]
321.000000	-4.513333
#[1, 6, 1, 5, 3]
321.000000	-4.513333
#[4, 6, 1, 0, 3]
321.000000	-4.662857
#[4, 6, 4, 3, 4]
321.000000	-5.270000
#[4, 7, 7, 5, 3]
331.000000	-6.951270
#[4, 5, 1, 5, 3]
331.000000	-6.129608
#[4, 0, 3, 5, 3]
331.000000	-6.654444
#[4, 7, 4, 3, 3]
331.000000	-7.771429
#[4, 1, 4, 7, 3]
331.000000	-4.555000
#[4, 3, 4, 7, 3]
331.000000	-7.771429
#[3, 6, 3, 5, 3]
331.000000	-6.832222
#[4, 6, 7, 6, 3]
331.000000	-5.383095
#[4, 2, 6, 5, 3]
331.000000	-3.834762
#[4, 4, 4, 5, 1]
331.000000	-5.341429
#[3, 0, 4, 5, 3]
341.000000	-6.477647
#[2, 6, 7, 5, 3]
341.000000	-6.818333
#[4, 6, 4, 6, 4]
341.000000	-3.006667
#[6, 0, 4, 5, 3]
341.000000	-3.395686
#[4, 6, 7, 4, 3]
341.000000	-4.704524
#[7, 0, 4, 5, 3]
341.000000	-6.477647
#[4, 6, 4, 6, 1]
341.000000	-2.610833
#[4, 6, 3, 7, 3]
341.000000	-7.533333
#[4, 4, 4, 0, 3]
341.000000	-4.513333
#[4, 0, 4, 7, 4]
341.000000	-6.075556
#[3, 6, 0, 4, 3]
351.000000	-5.290833
#[1, 6, 4, 7, 3]
351.000000	-5.467917
#[4, 5, 0, 5, 3]
351.000000	-6.339167
#[4, 5, 4, 5, 0]
351.000000	-3.006667
#[4, 6, 3, 3, 3]
351.000000	-7.533333
#[4, 6, 2, 5, 2]
351.000000	-5.943333
#[1, 7, 4, 5, 3]
351.000000	-6.832222
#[2, 6, 4, 3, 3]
351.000000	-7.200000
#[4, 6, 0, 5, 1]
351.000000	-1.236111
#[3, 5, 4, 5, 3]
351.000000	-6.544783
#[1, 6, 4, 5, 0]
361.000000	-3.721667
#[7, 6, 4, 5, 1]
361.000000	-4.942619
#[1, 6, 5, 5, 3]
361.000000	-4.513333
#[4, 7, 6, 5, 3]
361.000000	-3.882381
#[2, 3, 4, 5, 3]
361.000000	-6.284242
#[4, 6, 4, 2, 1]
361.000000	-1.500000
#[4, 3, 7, 5, 3]
361.000000	-6.951270
#[7, 6, 6, 5, 3]
361.000000	-4.555000
#[4, 6, 7, 5, 2]
361.000000	-5.998889
#[5, 6, 6, 5, 2]
361.000000	-4.513333
#[0, 6, 2, 5, 3]
371.000000	-4.513333
#[4, 4, 4, 6, 3]
371.000000	-3.721667
#[5, 6, 4, 5, 2]
371.000000	-3.721667
#[4, 6, 4, 4, 0]
371.000000	-3.721667
#[4, 6, 6, 5, 0]
371.000000	-3.457778
#[6, 4, 4, 5, 3]
371.000000	0.006667
#[4, 6, 2, 6, 3]
371.000000	-5.341429
#[4, 6, 5, 0, 3]
371.000000	-3.495476
#[4, 6, 1, 7, 3]
371.000000	-5.043810
#[6, 6, 4, 3, 3]
371.000000	-5.467917
#[3, 4, 4, 5, 3]
381.000000	-3.062222
#[6, 4, 4, 2, 3]
381.000000	-1.500000
#[6, 7, 4, 5, 3]
381.000000	-5.860000
#[6, 4, 4, 5, 0]
381.000000	-3.457778
#[6, 4, 3, 5, 3]
381.000000	-5.998889
#[6, 2, 4, 5, 3]
381.000000	-5.223636
#[6, 4, 1, 5, 3]
381.000000	-3.382381
#[6, 4, 4, 6, 3]
381.000000	-4.662857
#[6, 4, 6, 5, 0]
381.000000	-3.457778
#[6, 3, 4, 5, 3]
381.000000	-5.860000
#[2, 4, 4, 5, 3]
391.000000	-3.006667
#[6, 4, 4, 5, 4]
391.000000	-4.662857
#[0, 4, 4, 5, 3]
391.000000	-3.006667
#[7, 4, 4, 6, 3]
391.000000	-6.938095
#[6, 4, 4, 1, 3]
391.000000	-1.500000
#[6, 4, 4, 0, 3]
391.000000	-1.500000
#[5, 4, 4, 5, 3]
391.000000	-3.006667
#[6, 4, 4, 5, 2]
391.000000	-3.721667
#[6, 4, 0, 5, 3]
391.000000	-3.495476
#[5, 4, 4, 5, 2]
391.000000	-4.513333
#[6, 4, 6, 5, 3]
401.000000	-3.834762
#[7, 4, 4, 5, 3]
401.000000	-3.062222
#[6, 4, 4, 3, 3]
401.000000	-4.704524
#[1, 4, 4, 5, 3]
401.000000	-3.006667
#[6, 1, 4, 5, 0]
401.000000	-3.721667
#[6, 4, 7, 5, 3]
401.000000	-5.998889
#[6, 4, 4, 7, 3]
401.000000	-4.704524
#[6, 4, 4, 5, 1]
401.000000	-2.328095
#[6, 1, 4, 5, 3]
401.000000	-3.721667
#[5, 4, 4, 5, 1]
401.000000	-3.006667
#[6, 7, 4, 5, 2]
411.000000	-3.763333
#[6, 4, 2, 5, 3]
411.000000	-5.943333
#[6, 3, 2, 5, 3]
411.000000	-6.776667
#[6, 5, 1, 5, 3]
411.000000	-4.513333
#[6, 5, 4, 5, 3]
411.000000	-5.530290
#[6, 4, 5, 5, 3]
411.000000	-5.943333
#[6, 4, 4, 4, 3]
411.000000	-1.500000
#[6, 5, 4, 5, 1]
411.000000	-2.397692
#[6, 4, 4, 0, 4]
411.000000	-3.006667
#[6, 1, 4, 2, 3]
411.000000	-4.832500
#[1, 4, 4, 5, 0]
421.000000	-4.249444
#[6, 7, 2, 5, 3]
421.000000	-6.776667
#[6, 1, 4, 5, 1]
421.000000	-4.889048
#[6, 4, 1, 2, 1]
421.000000	-1.500000
#[6, 7, 1, 5, 3]
421.000000	-4.582778
#[6, 6, 6, 5, 3]
421.000000	-4.513333
#[6, 4, 4, 1, 2]
421.000000	-3.006667
#[1, 5, 4, 5, 3]
421.000000	-6.231212
#[3, 3, 4, 5, 3]
421.000000	-6.832222
#[5, 4, 4, 5, 4]
421.000000	-3.006667
#[6, 5, 3, 5, 3]
431.000000	-6.804444
#[3, 4, 4, 5, 4]
431.000000	-5.615238
#[5, 4, 5, 5, 3]
431.000000	-6.848095
#[3, 4, 4, 7, 3]
431.000000	-7.771429
#[5, 4, 4, 5, 0]
431.000000	-3.006667
#[6, 4, 4, 1, 4]
431.000000	-3.006667
#[6, 4, 2, 6, 3]
431.000000	-5.341429
#[6, 4, 0, 5, 4]
431.000000	-2.373333
#[6, 6, 7, 5, 3]
431.000000	-4.568889
#[6, 4, 5, 6, 3]
431.000000	-3.834762
#[6, 3, 4, 1, 3]
441.000000	-5.493958
#[4, 4, 4, 5, 4]
441.000000	-5.567619
#[6, 3, 4, 5, 2]
441.000000	0.006667
#[3, 4, 5, 5, 3]
441.000000	-6.895714
#[2, 1, 4, 5, 3]
441.000000	-3.006667
#[0, 4, 4, 5, 0]
441.000000	-4.161481
#[6, 2, 0, 5, 3]
441.000000	-4.513333
#[6, 4, 4, 4, 2]
441.000000	-5.228333
#[7, 4, 4, 5, 2]
441.000000	-4.555000
#[6, 0, 4, 0, 3]
441.000000	-4.753333
#[6, 4, 4, 3, 0]
451.000000	-3.742500
#[6, 5, 4, 3, 3]
451.000000	-6.941935
#[6, 4, 4, 3, 1]
451.000000	-4.655417
#[4, 4, 4, 1, 3]
451.000000	-4.513333
#[6, 2, 2, 5, 3]
451.000000	-6.735000
#[6, 2, 0, 5, 1]
451.000000	-3.006667
#[3, 7, 4, 5, 3]
451.000000	-6.832222
#[6, 4, 1, 5, 2]
451.000000	-1.500000
#[6, 4, 3, 2, 3]
451.000000	-7.533333
#[6, 6, 4, 1, 3]
451.000000	-5.426250
#[6, 4, 3, 5, 4]
461.000000	-6.819048
#[6, 1, 3, 5, 3]
461.000000	-4.568889
#[3, 4, 4, 0, 3]
461.000000	-4.584762
#[6, 1, 4, 0, 3]
461.000000	-5.228333
#[6, 5, 4, 5, 0]
461.000000	-4.436667
#[6, 0, 7, 5, 3]
461.000000	-4.587407
#[6, 4, 4, 4, 1]
461.000000	-4.634583
#[6, 0, 4, 3, 3]
461.000000	-5.251884
#[6, 0, 4, 5, 1]
461.000000	-3.513333
#[1, 3, 4, 5, 3]
461.000000	-6.832222
#[6, 2, 4, 4, 3]
471.000000	-1.500000
#[4, 7, 4, 5, 0]
471.000000	-4.291111
#[4, 4, 4, 2, 3]
471.000000	-4.513333
#[1, 4, 5, 5, 3]
471.000000	-3.006667
#[2, 4, 4, 4, 3]
471.000000	-4.513333
#[0, 4, 4, 6, 3]
471.000000	-1.500000
#[6, 4, 6, 5, 4]
471.000000	-4.662857
#[6, 4, 4, 2, 0]
471.000000	-3.721667
#[1, 4, 4, 5, 1]
471.000000	-5.341429
#[7, 5, 4, 5, 3]
471.000000	-6.544783
#[6, 4, 4, 7, 1]
481.000000	-4.655417
#[5, 4, 7, 5, 3]
481.000000	-6.919524
#[6, 4, 5, 5, 4]
481.000000	0.006667
#[6, 1, 4, 4, 3]
481.000000	-4.832500
#[6, 4, 1, 4, 3]
481.000000	-1.500000
#[6, 1, 1, 5, 3]
481.000000	-4.513333
#[6, 4, 4, 6, 1]
481.000000	-2.610833
#[7, 3, 4, 5, 3]
481.000000	-6.832222
#[6, 4, 5, 3, 3]
481.000000	-5.998889
#[4, 4, 5, 5, 3]
481.000000	-3.006667
#[6, 4, 4, 2, 2]
491.000000	-5.228333
#[6, 1, 1, 4, 3]
491.000000	-5.426250
#[6, 6, 0, 5, 3]
491.000000	-4.513333
#[0, 4, 4, 4, 3]
491.000000	-4.513333
#[6, 4, 0, 2, 3]
491.000000	-4.662857
#[0, 4, 1, 5, 3]
491.000000	-3.006667
#[3, 4, 6, 5, 3]
491.000000	-3.882381
#[6, 7, 4, 3, 1]
491.000000	-7.325000
#[4, 4, 4, 4, 3]
491.000000	-4.513333
#[6, 4, 4, 7, 4]
491.000000	-5.270000
#[6, 4, 1, 5, 0]
501.000000	-1.236111
#[3, 1, 4, 5, 3]
501.000000	-6.832222
#[6, 4, 6, 6, 3]
501.000000	-5.341429
#[6, 5, 5, 5, 3]
501.000000	-6.735000
#[6, 4, 5, 2, 3]
501.000000	-5.943333
#[0, 5, 4, 5, 3]
501.000000	-6.042292
#[6, 7, 4, 5, 4]
501.000000	-6.819048
#[6, 0, 4, 7, 3]
501.000000	-5.251884
#[6, 5, 4, 7, 3]
501.000000	-6.941935
#[6, 4, 3, 3, 3]
501.000000	-7.533333
#[5, 5, 4, 5, 3]
511.000000	-6.231212
#[6, 5, 7, 5, 3]
511.000000	-6.804444
#[1, 4, 4, 4, 3]
511.000000	-4.513333
#[6, 4, 2, 4, 3]
511.000000	-1.500000
#[6, 3, 4, 5, 0]
511.000000	-5.985000
#[3, 4, 3, 5, 3]
511.000000	-6.951270
#[6, 4, 4, 2, 1]
511.000000	-1.500000
#[4, 4, 6, 5, 3]
511.000000	0.006667
#[6, 4, 2, 5, 4]
511.000000	0.006667
#[7, 7, 0, 5, 3]
511.000000	-7.651667
#[6, 4, 4, 3, 4]
521.000000	-5.270000
#[2, 4, 3, 5, 3]
521.000000	-6.935397
#[6, 0, 1, 5, 3]
521.000000	-4.513333
#[6, 4, 2, 1, 3]
521.000000	-4.662857
#[6, 4, 4, 1, 0]
521.000000	-3.523750
#[6, 4, 5, 5, 1]
521.000000	0.006667
#[6, 1, 4, 7, 3]
521.000000	-5.467917
#[7, 1, 4, 5, 4]
521.000000	-7.771429
#[1, 4, 4, 5, 2]
521.000000	-4.513333
#[6, 4, 7, 0, 3]
521.000000	-5.170794
#[0, 4, 5, 5, 3]
531.000000	-6.576667
#[6, 4, 7, 7, 3]
531.000000	-7.533333
#[5, 4, 4, 1, 3]
531.000000	-3.006667
#[6, 5, 6, 5, 3]
531.000000	-4.513333
#[0, 4, 4, 2, 3]
531.000000	-4.513333
#[6, 4, 2, 0, 3]
531.000000	-4.662857
#[7, 4, 7, 5, 3]
531.000000	-6.951270
#[6, 4, 6, 1, 3]
531.000000	-5.002143
#[6, 3, 4, 5, 1]
531.000000	-4.942619
#[6, 2, 4, 5, 2]
531.000000	-3.721667
#[0, 4, 4, 1, 3]
541.000000	-4.513333
#[7, 4, 4, 2, 3]
541.000000	-4.572857
#[6, 4, 5, 5, 0]
541.000000	-4.436667
#[6, 4, 7, 3, 3]
541.000000	-7.533333
#[6, 3, 4, 7, 3]
541.000000	-7.637500
#[2, 4, 4, 5, 4]
541.000000	-5.289231
#[6, 0, 4, 4, 3]
541.000000	-1.500000
#[6, 1, 4, 5, 2]
541.000000	-1.500000
#[6, 7, 4, 7, 3]
541.000000	-7.637500
#[6, 5, 4, 5, 4]
541.000000	0.006667
#[6, 2, 4, 5, 4]
551.000000	-4.314872
#[6, 4, 4, 6, 4]
551.000000	-3.006667
#[6, 4, 4, 2, 4]
551.000000	-5.228333
#[2, 4, 4, 7, 3]
551.000000	-4.583846
#[7, 7, 4, 5, 3]
551.000000	-6.832222
#[6, 1, 6, 5, 3]
551.000000	-4.513333
#[3, 4, 4, 2, 1]
551.000000	-4.568889
#[6, 4, 5, 7, 3]
551.000000	-5.998889
#[6, 4, 2, 3, 3]
551.000000	-7.533333
#[5, 4, 4, 0, 3]
551.000000	-3.006667
#[6, 6, 1, 5, 3]
561.000000	-4.513333
#[6, 5, 3, 5, 4]
561.000000	-3.062222
#[6, 5, 4, 1, 3]
561.000000	-3.633704
#[3, 4, 0, 5, 3]
561.000000	-6.580238
#[6, 1, 2, 5, 3]
561.000000	-4.513333
#[6, 6, 4, 5, 4]
561.000000	-4.662857
#[6, 5, 0, 5, 3]
561.000000	-4.513333
#[6, 6, 4, 5, 2]
561.000000	-1.500000
#[3, 4, 4, 2, 3]
561.000000	-4.572857
#[6, 0, 4, 5, 0]
561.000000	-3.457778
#[6, 6, 4, 5, 1]
571.000000	-4.889048
#[3, 4, 4, 5, 0]
571.000000	-4.291111
#[6, 4, 3, 3, 1]
571.000000	-6.700000
#[5, 4, 4, 6, 3]
571.000000	0.006667
#[6, 4, 3, 0, 3]
571.000000	-5.170794
#[6, 3, 4, 2, 3]
571.000000	-6.908333
#[1, 4, 4, 0, 3]
571.000000	-4.513333
#[2, 4, 4, 6, 4]
571.000000	-3.006667
#[1, 4, 2, 5, 3]
571.000000	-3.006667
#[6, 1, 0, 5, 3]
571.000000	-4.513333
#[5, 4, 4, 2, 1]
581.000000	-3.006667
#[5, 4, 4, 4, 3]
581.000000	-3.006667
#[4, 4, 7, 6, 3]
581.000000	-3.763333
#[5, 4, 7, 6, 3]
581.000000	-4.942619
#[5, 4, 4, 6, 4]
581.000000	-4.662857
#[1, 4, 4, 6, 3]
581.000000	-3.721667
#[5, 4, 1, 6, 3]
581.000000	-3.325833
#[5, 4, 2, 6, 3]
581.000000	-4.889048
#[5, 4, 4, 6, 1]
581.000000	-2.478889
#[2, 4, 4, 6, 3]
581.000000	-1.500000
#[5, 5, 4, 6, 3]
591.000000	-3.563333
#[5, 4, 4, 1, 2]
591.000000	-4.513333
#[5, 2, 2, 6, 3]
591.000000	-5.624167
#[5, 1, 4, 6, 3]
591.000000	-3.563333
#[5, 4, 5, 6, 3]
591.000000	-3.834762
#[5, 0, 4, 6, 3]
591.000000	-3.433788
#[5, 4, 3, 6, 3]
591.000000	-4.942619
#[5, 4, 4, 6, 2]
591.000000	-4.634583
#[5, 7, 4, 6, 3]
591.000000	-4.842581
#[5, 4, 6, 6, 3]
591.000000	-4.889048
#[5, 2, 4, 6, 3]
601.000000	-4.382069
#[5, 4, 4, 6, 0]
601.000000	-3.523750
#[3, 4, 4, 6, 3]
601.000000	-6.938095
#[5, 4, 0, 6, 3]
601.000000	-3.513333
#[5, 4, 4, 7, 3]
601.000000	-3.062222
#[5, 3, 4, 6, 3]
601.000000	-4.842581
#[5, 4, 4, 3, 3]
601.000000	-3.062222
#[5, 0, 1, 6, 3]
601.000000	-4.513333
#[5, 4, 2, 4, 3]
601.000000	-3.006667
#[5, 4, 5, 6, 2]
601.000000	-3.721667
#[5, 0, 4, 6, 4]
611.000000	-2.373333
#[5, 4, 7, 0, 3]
611.000000	-6.605614
#[5, 1, 3, 6, 3]
611.000000	-4.575833
#[5, 7, 4, 6, 0]
611.000000	-5.985000
#[5, 1, 4, 6, 2]
611.000000	-1.500000
#[5, 3, 4, 6, 2]
611.000000	0.006667
#[7, 4, 4, 6, 1]
611.000000	-5.280417
#[5, 4, 4, 2, 0]
611.000000	-4.117500
#[5, 4, 2, 1, 3]
611.000000	-3.006667
#[3, 4, 4, 6, 0]
611.000000	-4.159167
#[5, 3, 4, 3, 3]
621.000000	-7.909677
#[1, 4, 4, 6, 1]
621.000000	-5.228333
#[5, 2, 5, 3, 3]
621.000000	-7.623889
#[5, 3, 6, 6, 3]
621.000000	-5.665833
#[4, 4, 1, 6, 3]
621.000000	-3.721667
#[1, 4, 4, 6, 0]
621.000000	-4.117500
#[5, 3, 4, 0, 3]
621.000000	-6.467143
#[5, 4, 4, 0, 0]
621.000000	-4.026154
#[5, 2, 4, 4, 3]
621.000000	-3.006667
#[5, 4, 4, 1, 1]
621.000000	-3.006667
#[5, 3, 4, 6, 0]
631.000000	-5.985000
#[5, 1, 4, 7, 3]
631.000000	-6.643333
#[1, 4, 0, 6, 3]
631.000000	-1.500000
#[7, 4, 4, 6, 0]
631.000000	-4.159167
#[5, 4, 4, 1, 0]
631.000000	-3.006667
#[2, 4, 5, 6, 3]
631.000000	-3.834762
#[7, 4, 1, 6, 3]
631.000000	-7.295238
#[0, 4, 4, 7, 3]
631.000000	-4.574737
#[5, 4, 3, 6, 2]
631.000000	0.006667
#[5, 3, 4, 6, 1]
631.000000	-5.020000
#[4, 1, 4, 6, 3]
641.000000	-3.721667
#[7, 7, 4, 6, 3]
641.000000	-7.741667
#[5, 0, 4, 6, 2]
641.000000	-1.500000
#[2, 4, 3, 6, 3]
641.000000	-5.406905
#[4, 4, 4, 6, 2]
641.000000	-5.228333
#[5, 4, 6, 0, 3]
641.000000	-3.513333
#[5, 2, 4, 6, 0]
641.000000	-5.151667
#[5, 4, 4, 7, 1]
641.000000	-3.034444
#[5, 6, 7, 6, 3]
641.000000	-5.676250
#[0, 2, 4, 6, 3]
641.000000	-4.662857
#[5, 4, 2, 0, 3]
651.000000	-3.006667
#[5, 4, 4, 0, 1]
651.000000	-3.006667
#[5, 4, 4, 3, 4]
651.000000	-5.615238
#[5, 4, 2, 6, 1]
651.000000	-2.286970
#[5, 5, 4, 6, 2]
651.000000	-1.500000
#[2, 4, 2, 6, 3]
651.000000	-5.341429
#[3, 4, 0, 6, 3]
651.000000	-5.178730
#[5, 4, 5, 6, 4]
651.000000	0.006667
#[5, 4, 0, 5, 3]
651.000000	-6.339167
#[1, 7, 2, 6, 3]
651.000000	-6.103333
#[5, 0, 3, 6, 3]
661.000000	-4.582778
#[5, 1, 0, 6, 0]
661.000000	-3.006667
#[5, 5, 6, 6, 3]
661.000000	-4.513333
#[0, 7, 4, 6, 3]
661.000000	-5.259130
#[5, 4, 1, 6, 0]
661.000000	-2.328095
#[5, 1, 4, 6, 1]
661.000000	-4.662857
#[5, 2, 4, 6, 1]
661.000000	-4.314872
#[5, 1, 7, 6, 0]
661.000000	-5.270000
#[5, 4, 4, 7, 2]
661.000000	-5.676250
#[5, 4, 6, 6, 0]
661.000000	-3.325833
#[5, 4, 4, 3, 1]
671.000000	-3.034444
#[5, 4, 0, 7, 3]
671.000000	-6.605614
#[7, 4, 5, 6, 3]
671.000000	-3.882381
#[5, 4, 5, 6, 1]
671.000000	-2.397692
#[5, 5, 4, 0, 3]
671.000000	-3.006667
#[5, 4, 5, 6, 0]
671.000000	-4.436667
#[5, 0, 5, 6, 3]
671.000000	-4.513333
#[5, 6, 4, 6, 0]
671.000000	-3.523750
#[5, 1, 4, 3, 3]
671.000000	-6.643333
#[5, 1, 4, 6, 0]
671.000000	-4.436667
#[2, 3, 4, 6, 3]
681.000000	-5.120000
#[5, 4, 2, 5, 3]
681.000000	-6.848095
#[1, 7, 4, 6, 3]
681.000000	-7.741667
#[0, 4, 0, 6, 3]
681.000000	-4.558462
#[5, 0, 4, 6, 1]
681.000000	-4.436667
#[0, 4, 5, 6, 3]
681.000000	-3.563333
#[4, 6, 5, 6, 3]
681.000000	-3.834762
#[5, 4, 0, 2, 3]
681.000000	-3.006667
#[5, 7, 4, 0, 3]
681.000000	-6.467143
#[5, 4, 1, 6, 4]
681.000000	-4.314872
#[5, 1, 2, 6, 3]
691.000000	-4.513333
#[6, 4, 6, 2, 3]
691.000000	-5.341429
#[5, 5, 6, 6, 1]
691.000000	-3.006667
#[5, 4, 7, 6, 0]
691.000000	-5.776667
#[5, 6, 0, 6, 3]
691.000000	-4.513333
#[5, 4, 4, 0, 2]
691.000000	-4.513333
#[5, 4, 0, 0, 3]
691.000000	-3.006667
#[4, 4, 4, 7, 3]
691.000000	-4.555000
#[5, 5, 4, 1, 3]
691.000000	-6.231212
#[5, 7, 4, 6, 1]
691.000000	-5.020000
#[0, 4, 4, 6, 2]
701.000000	-3.006667
#[5, 4, 7, 6, 1]
701.000000	-2.506667
#[7, 1, 4, 6, 3]
701.000000	-7.741667
#[5, 4, 0, 3, 0]
701.000000	-6.103590
#[2, 4, 7, 6, 3]
701.000000	-5.406905
#[5, 3, 4, 5, 1]
701.000000	-5.468718
#[0, 4, 4, 6, 0]
701.000000	-3.985556
#[3, 4, 4, 6, 2]
701.000000	-3.721667
#[4, 2, 4, 6, 3]
701.000000	-1.500000
#[5, 1, 1, 6, 3]
701.000000	-4.513333
#[5, 4, 6, 5, 3]
711.000000	-3.834762
#[7, 4, 4, 6, 4]
711.000000	-5.270000
#[5, 4, 7, 6, 2]
711.000000	-6.908333
#[2, 4, 0, 6, 3]
711.000000	-4.902353
#[5, 4, 4, 4, 2]
711.000000	-5.624167
#[4, 4, 0, 6, 3]
711.000000	-1.500000
#[5, 4, 7, 2, 3]
711.000000	-8.009524
#[5, 4, 0, 6, 2]
711.000000	-1.500000
#[5, 4, 6, 6, 2]
711.000000	-4.832500
#[5, 4, 1, 5, 3]
711.000000	-6.129608
#[5, 5, 4, 2, 1]
721.000000	-5.070000
#[5, 2, 4, 6, 2]
721.000000	-2.610833
#[5, 4, 0, 6, 1]
721.000000	-2.373333
#[5, 7, 4, 4, 3]
721.000000	-3.062222
#[6, 7, 4, 6, 3]
721.000000	-5.473125
#[5, 4, 0, 6, 0]
721.000000	-5.334359
#[5, 4, 5, 2, 3]
721.000000	-6.848095
#[7, 4, 3, 6, 3]
721.000000	-7.652381
#[5, 2, 1, 6, 3]
721.000000	-4.513333
#[2, 0, 4, 6, 3]
721.000000	-4.662857
#[2, 4, 4, 1, 3]
731.000000	-4.513333
#[7, 4, 4, 1, 3]
731.000000	-4.590714
#[5, 4, 2, 6, 2]
731.000000	-4.832500
#[0, 4, 2, 6, 3]
731.000000	-5.070000
#[5, 6, 6, 5, 3]
731.000000	-4.513333
#[5, 7, 4, 6, 4]
731.000000	-6.819048
#[0, 4, 4, 6, 4]
731.000000	-3.006667
#[0, 2, 1, 6, 3]
731.000000	-6.020000
#[1, 3, 4, 6, 3]
731.000000	-7.741667
#[4, 4, 2, 6, 3]
731.000000	-1.500000
#[5, 4, 4, 7, 0]
741.000000	-4.148750
#[5, 4, 3, 2, 3]
741.000000	-8.009524
#[5, 4, 6, 3, 3]
741.000000	-4.942619
#[5, 2, 1, 6, 0]
741.000000	-3.006667
#[1, 4, 2, 6, 3]
741.000000	-1.500000
#[5, 4, 1, 6, 2]
741.000000	-1.500000
#[5, 1, 7, 6, 3]
741.000000	-4.575833
#[0, 5, 4, 6, 3]
741.000000	-3.433788
#[7, 5, 4, 6, 3]
741.000000	-4.842581
#[5, 0, 2, 6, 3]
741.000000	-4.513333
#[5, 4, 4, 3, 0]
751.000000	-4.148750
#[5, 1, 6, 6, 3]
751.000000	-4.513333
#[5, 4, 0, 1, 3]
751.000000	-3.006667
#[5, 4, 5, 1, 3]
751.000000	-6.129608
#[5, 3, 5, 6, 3]
751.000000	-4.555000
#[0, 4, 4, 0, 3]
751.000000	-4.513333
#[5, 4, 7, 4, 3]
751.000000	-3.062222
#[1, 6, 4, 6, 1]
751.000000	-5.228333
#[5, 1, 5, 6, 3]
751.000000	-4.513333
#[0, 6, 4, 6, 3]
751.000000	-5.193913
#[1, 2, 4, 6, 3]
761.000000	-4.662857
#[5, 4, 4, 0, 4]
761.000000	-5.386667
#[3, 4, 3, 6, 3]
761.000000	-7.652381
#[7, 4, 7, 6, 3]
761.000000	-7.652381
#[5, 2, 3, 6, 4]
761.000000	-5.639048
#[0, 4, 6, 6, 3]
761.000000	-5.070000
#[5, 7, 4, 3, 4]
761.000000	-7.771429
#[5, 4, 1, 6, 1]
761.000000	-2.441190
#[5, 4, 4, 4, 4]
761.000000	-5.567619
#[2, 1, 4, 6, 3]
761.000000	-4.662857
#[5, 4, 7, 6, 4]
771.000000	-6.819048
#[6, 1, 4, 6, 3]
771.000000	-5.426250
#[6, 4, 3, 6, 3]
771.000000	-5.383095
#[4, 5, 4, 6, 3]
771.000000	0.006667
#[5, 5, 5, 0, 3]
771.000000	-7.526667
#[0, 4, 1, 6, 3]
771.000000	-1.500000
#[7, 4, 4, 6, 2]
771.000000	-5.270000
#[7, 4, 4, 4, 3]
771.000000	-4.572857
#[2, 4, 1, 6, 3]
771.000000	-4.595000
#[5, 2, 4, 0, 3]
771.000000	-3.006667
#[4, 5, 1, 6, 3]
781.000000	-3.325833
#[4, 5, 3, 6, 3]
781.000000	-4.942619
#[4, 5, 4, 6, 2]
781.000000	-4.634583
#[4, 5, 6, 6, 3]
781.000000	-4.889048
#[4, 7, 4, 6, 3]
781.000000	-6.938095
#[4, 5, 4, 6, 4]
781.000000	-4.662857
#[4, 5, 4, 6, 0]
781.000000	-3.523750
#[4, 5, 0, 6, 3]
781.000000	-3.513333
#[3, 5, 4, 6, 3]
781.000000	-4.842581
#[4, 5, 7, 6, 3]
781.000000	-4.942619
#[2, 5, 4, 6, 3]
791.000000	-4.382069
#[4, 0, 4, 6, 3]
791.000000	-1.500000
#[4, 5, 4, 6, 1]
791.000000	-2.478889
#[4, 5, 4, 4, 3]
791.000000	-3.006667
#[4, 3, 4, 6, 3]
791.000000	-6.938095
#[6, 5, 4, 6, 0]
791.000000	-3.523750
#[1, 5, 4, 6, 3]
791.000000	-3.563333
#[4, 5, 1, 0, 3]
791.000000	-3.006667
#[4, 7, 0, 6, 3]
791.000000	-5.178730
#[3, 5, 0, 6, 3]
791.000000	-4.573939
#[4, 2, 1, 6, 3]
801.000000	-4.595000
#[4, 5, 4, 2, 3]
801.000000	-3.006667
#[4, 5, 4, 3, 3]
801.000000	-3.062222
#[4, 5, 2, 6, 3]
801.000000	-4.889048
#[6, 5, 4, 6, 3]
801.000000	-4.794194
#[4, 5, 6, 6, 4]
801.000000	-4.662857
#[4, 5, 4, 7, 3]
801.000000	-3.062222
#[4, 5, 5, 6, 3]
801.000000	-3.834762
#[4, 5, 4, 0, 3]
801.000000	-3.006667
#[4, 5, 4, 7, 2]
801.000000	-5.676250
#[4, 5, 3, 6, 0]
811.000000	-5.776667
#[4, 5, 4, 1, 3]
811.000000	-3.006667
#[4, 5, 3, 2, 3]
811.000000	-8.009524
#[4, 5, 3, 7, 3]
811.000000	-8.009524
#[4, 2, 4, 6, 1]
811.000000	-3.834762
#[4, 5, 6, 2, 3]
811.000000	-4.889048
#[4, 5, 6, 6, 0]
811.000000	-3.325833
#[4, 5, 4, 4, 1]
811.000000	-3.006667
#[6, 5, 4, 6, 4]
811.000000	-4.662857
#[4, 4, 6, 6, 3]
811.000000	-1.500000
#[6, 5, 4, 2, 3]
821.000000	0.006667
#[4, 5, 0, 1, 3]
821.000000	-3.006667
#[4, 7, 4, 2, 3]
821.000000	-4.572857
#[4, 7, 3, 6, 3]
821.000000	-7.652381
#[2, 5, 4, 6, 1]
821.000000	-4.314872
#[4, 5, 5, 6, 0]
821.000000	-4.436667
#[4, 5, 1, 6, 2]
821.000000	-1.500000
#[4, 0, 0, 6, 3]
821.000000	-4.558462
#[5, 5, 4, 6, 1]
821.000000	-4.662857
#[7, 5, 4, 4, 3]
821.000000	-3.062222
#[4, 3, 4, 3, 3]
831.000000	-7.771429
#[4, 1, 2, 6, 3]
831.000000	-1.500000
#[1, 5, 4, 6, 1]
831.000000	-4.662857
#[4, 5, 4, 2, 4]
831.000000	-5.567619
#[4, 5, 6, 1, 3]
831.000000	-3.325833
#[1, 5, 4, 1, 3]
831.000000	-6.231212
#[3, 5, 4, 6, 4]
831.000000	-6.819048
#[4, 3, 5, 6, 3]
831.000000	-3.882381
#[4, 2, 4, 6, 4]
831.000000	-3.006667
#[5, 5, 1, 6, 3]
831.000000	-4.513333
#[0, 5, 4, 4, 3]
841.000000	-3.006667
#[4, 7, 4, 6, 0]
841.000000	-4.159167
#[3, 5, 4, 6, 0]
841.000000	-5.985000
#[6, 5, 4, 6, 2]
841.000000	-4.634583
#[3, 2, 4, 7, 3]
841.000000	-8.200000
#[2, 3, 4, 6, 2]
841.000000	-1.500000
#[2, 5, 4, 1, 3]
841.000000	-3.006667
#[4, 6, 3, 4, 3]
841.000000	-4.704524
#[4, 5, 0, 6, 2]
841.000000	-1.500000
#[2, 5, 2, 6, 3]
841.000000	-5.624167
#[2, 5, 4, 6, 4]
851.000000	-2.554286
#[4, 5, 4, 7, 4]
851.000000	-5.615238
#[4, 2, 5, 4, 3]
851.000000	-3.006667
#[4, 0, 4, 1, 3]
851.000000	-4.513333
#[4, 7, 4, 6, 1]
851.000000	-5.280417
#[6, 2, 2, 6, 3]
851.000000	-6.020000
#[4, 5, 4, 0, 0]
851.000000	-4.026154
#[4, 5, 0, 3, 3]
851.000000	-6.605614
#[3, 6, 4, 6, 3]
851.000000	-5.473125
#[4, 4, 4, 6, 0]
851.000000	-4.117500
#[4, 0, 4, 7, 3]
861.000000	-4.574737
#[2, 5, 4, 6, 0]
861.000000	-5.151667
#[4, 2, 7, 6, 3]
861.000000	-5.406905
#[2, 2, 4, 6, 3]
861.000000	-4.662857
#[5, 5, 3, 6, 3]
861.000000	-4.575833
#[4, 5, 7, 6, 1]
861.000000	-2.506667
#[1, 5, 1, 6, 3]
861.000000	-4.513333
#[4, 5, 7, 7, 3]
861.000000	-8.009524
#[0, 5, 4, 3, 3]
861.000000	-6.522879
#[4, 0, 2, 6, 3]
861.000000	-5.070000
#[4, 6, 3, 6, 3]
871.000000	-5.383095
#[4, 5, 1, 6, 4]
871.000000	-4.314872
#[4, 1, 4, 4, 3]
871.000000	-4.513333
#[0, 5, 5, 6, 3]
871.000000	-4.513333
#[3, 5, 4, 7, 3]
871.000000	-7.909677
#[1, 5, 0, 6, 3]
871.000000	-4.513333
#[4, 5, 0, 6, 4]
871.000000	-2.373333
#[6, 2, 4, 6, 3]
871.000000	-5.070000
#[4, 4, 0, 6, 1]
871.000000	-5.115238
#[6, 5, 0, 6, 3]
871.000000	-4.513333
#[1, 5, 3, 6, 3]
881.000000	-4.575833
#[0, 5, 6, 6, 3]
881.000000	-4.513333
#[4, 5, 1, 6, 0]
881.000000	-2.328095
#[4, 5, 4, 5, 1]
881.000000	-3.006667
#[0, 5, 3, 6, 3]
881.000000	-4.582778
#[4, 5, 5, 6, 4]
881.000000	0.006667
#[7, 5, 0, 6, 3]
881.000000	-4.573939
#[3, 3, 4, 6, 3]
881.000000	-7.741667
#[4, 7, 4, 6, 2]
881.000000	-5.270000
#[0, 1, 4, 6, 3]
881.000000	-4.662857
#[2, 5, 0, 5, 3]
891.000000	-7.526667
#[5, 5, 4, 6, 0]
891.000000	-4.436667
#[6, 3, 4, 6, 3]
891.000000	-5.473125
#[4, 5, 2, 6, 2]
891.000000	-4.832500
#[4, 7, 5, 6, 3]
891.000000	-3.882381
#[1, 5, 4, 2, 3]
891.000000	-3.006667
#[4, 5, 6, 5, 3]
891.000000	-3.834762
#[4, 5, 1, 7, 3]
891.000000	-6.401667
#[4, 0, 4, 6, 2]
891.000000	-3.006667
#[4, 5, 3, 1, 3]
891.000000	-6.401667
#[7, 5, 4, 6, 4]
901.000000	-6.819048
#[4, 5, 4, 2, 0]
901.000000	-4.117500
#[1, 1, 4, 6, 3]
901.000000	-7.741667
#[4, 2, 4, 4, 3]
901.000000	-4.513333
#[6, 5, 4, 4, 3]
901.000000	0.006667
#[0, 5, 4, 6, 4]
901.000000	-2.373333
#[4, 7, 1, 3, 3]
901.000000	-8.128571
#[4, 1, 4, 2, 3]
901.000000	-4.513333
#[4, 2, 4, 3, 3]
901.000000	-4.583846
#[7, 3, 4, 6, 3]
901.000000	-7.741667
#[4, 5, 4, 3, 1]
911.000000	-3.034444
#[0, 5, 4, 6, 0]
911.000000	-4.436667
#[4, 5, 1, 6, 1]
911.000000	-2.441190
#[4, 1, 0, 6, 3]
911.000000	-1.500000
#[4, 2, 4, 2, 3]
911.000000	-4.513333
#[0, 5, 7, 6, 3]
911.000000	-4.582778
#[4, 3, 4, 0, 3]
911.000000	-4.584762
#[4, 0, 6, 6, 3]
911.000000	-5.070000
#[4, 5, 6, 6, 1]
911.000000	0.006667
#[7, 5, 6, 6, 4]
911.000000	-5.615238
#[4, 5, 6, 4, 3]
921.000000	0.006667
#[4, 5, 4, 1, 2]
921.000000	-4.513333
#[6, 5, 2, 6, 3]
921.000000	-5.624167
#[4, 5, 6, 3, 3]
921.000000	-4.942619
#[1, 6, 4, 6, 3]
921.000000	-5.426250
#[4, 0, 1, 6, 3]
921.000000	-1.500000
#[4, 5, 7, 6, 4]
921.000000	-6.819048
#[3, 0, 4, 4, 3]
921.000000	-4.589091
#[7, 5, 4, 7, 3]
921.000000	-7.909677
#[5, 5, 4, 6, 4]
921.000000	0.006667
#[4, 2, 6, 4, 3]
931.000000	-1.500000
#[4, 5, 6, 4, 2]
931.000000	-4.634583
#[4, 6, 6, 4, 3]
931.000000	-4.662857
#[4, 5, 6, 4, 4]
931.000000	-4.662857
#[2, 5, 6, 4, 3]
931.000000	-4.382069
#[4, 0, 6, 4, 3]
931.000000	-1.500000
#[4, 7, 6, 4, 3]
931.000000	-6.938095
#[7, 5, 6, 4, 3]
931.000000	-4.842581
#[4, 5, 3, 4, 3]
931.000000	-3.062222
#[4, 5, 7, 4, 3]
931.000000	-3.062222
#[3, 5, 6, 4, 3]
941.000000	-4.842581
#[4, 5, 6, 7, 3]
941.000000	-4.942619
#[6, 5, 6, 4, 3]
941.000000	-4.794194
#[4, 4, 6, 4, 3]
941.000000	-3.721667
#[4, 5, 6, 0, 3]
941.000000	-3.513333
#[4, 5, 2, 4, 3]
941.000000	-3.006667
#[4, 5, 6, 4, 1]
941.000000	-2.478889
#[4, 5, 6, 4, 0]
941.000000	-3.523750
#[4, 5, 0, 4, 3]
941.000000	-3.006667
#[4, 3, 1, 4, 3]
941.000000	-4.590714
#[1, 5, 6, 7, 3]
951.000000	-4.575833
#[4, 6, 6, 4, 2]
951.000000	-3.006667
#[5, 5, 6, 4, 3]
951.000000	-3.563333
#[1, 5, 6, 4, 3]
951.000000	-3.563333
#[4, 5, 1, 4, 4]
951.000000	-5.289231
#[4, 3, 6, 4, 3]
951.000000	-6.938095
#[4, 7, 6, 2, 3]
951.000000	-5.389048
#[0, 5, 6, 4, 3]
951.000000	-3.433788
#[1, 5, 1, 4, 3]
951.000000	-6.231212
#[4, 2, 6, 7, 3]
951.000000	-5.406905
#[4, 5, 0, 7, 3]
961.000000	-6.605614
#[4, 0, 6, 4, 1]
961.000000	-3.937576
#[4, 5, 3, 4, 2]
961.000000	-3.006667
#[2, 5, 6, 5, 3]
961.000000	-4.513333
#[4, 5, 1, 4, 3]
961.000000	-3.006667
#[4, 2, 6, 4, 0]
961.000000	-3.721667
#[0, 5, 6, 0, 3]
961.000000	-4.513333
#[4, 5, 5, 4, 3]
961.000000	-3.006667
#[6, 5, 7, 4, 3]
961.000000	-6.941935
#[4, 5, 7, 4, 1]
961.000000	-3.034444
#[6, 5, 6, 4, 0]
971.000000	-3.523750
#[4, 0, 6, 3, 3]
971.000000	-5.128333
#[4, 1, 6, 4, 3]
971.000000	-3.721667
#[4, 2, 3, 4, 4]
971.000000	-6.082500
#[1, 5, 3, 4, 3]
971.000000	-6.643333
#[2, 1, 6, 4, 3]
971.000000	-4.662857
#[4, 3, 5, 4, 3]
971.000000	-3.062222
#[4, 5, 6, 5, 0]
971.000000	-4.436667
#[7, 5, 6, 5, 3]
971.000000	-4.555000
#[7, 3, 6, 4, 3]
971.000000	-7.741667
#[4, 7, 6, 4, 0]
981.000000	-4.159167
#[4, 5, 3, 4, 0]
981.000000	-4.148750
#[4, 3, 6, 7, 3]
981.000000	-7.652381
#[4, 5, 0, 4, 4]
981.000000	-5.386667
#[4, 5, 2, 7, 3]
981.000000	-8.009524
#[4, 2, 1, 4, 3]
981.000000	-4.513333
#[4, 5, 6, 2, 4]
981.000000	-4.662857
#[4, 5, 7, 2, 1]
981.000000	-3.044545
#[4, 0, 7, 4, 3]
981.000000	-4.574737
#[0, 5, 7, 4, 3]
981.000000	-6.522879
#[4, 2, 6, 2, 3]
991.000000	-5.341429
#[1, 5, 6, 3, 3]
991.000000	-4.575833
#[4, 4, 6, 3, 3]
991.000000	-3.763333
#[4, 3, 6, 4, 2]
991.000000	-3.721667
#[2, 5, 7, 4, 3]
991.000000	-7.475862
#[4, 5, 2, 3, 3]
991.000000	-8.009524
#[5, 4, 6, 4, 3]
991.000000	0.006667
#[4, 5, 6, 2, 0]
991.000000	-3.325833
#[4, 0, 5, 4, 3]
991.000000	-3.006667
#[4, 5, 7, 5, 2]
991.000000	-6.804444
#[7, 5, 6, 4, 4]
1001.000000	-6.819048
#[4, 4, 6, 2, 3]
1001.000000	-1.500000
#[4, 2, 7, 4, 3]
1001.000000	-4.583846
#[4, 5, 6, 7, 4]
1001.000000	-6.819048
#[6, 5, 6, 4, 4]
1001.000000	-4.662857
#[7, 5, 6, 4, 1]
1001.000000	-5.020000
#[5, 5, 0, 4, 3]
1001.000000	-3.006667
#[4, 5, 5, 0, 3]
1001.000000	-6.339167
#[4, 4, 6, 4, 4]
1001.000000	-5.228333
#[4, 5, 6, 5, 2]
1001.000000	-3.721667
#[5, 5, 3, 4, 0]
1011.000000	-5.270000
#[4, 0, 6, 1, 3]
1011.000000	-1.500000
#[4, 1, 6, 7, 3]
1011.000000	-3.763333
#[4, 7, 6, 7, 3]
1011.000000	-7.652381
#[5, 5, 7, 4, 0]
1011.000000	-5.270000
#[2, 5, 6, 4, 2]
1011.000000	-2.610833
#[6, 5, 2, 4, 3]
1011.000000	0.006667
#[4, 7, 5, 4, 3]
1011.000000	-3.062222
#[4, 5, 6, 5, 1]
1011.000000	-2.397692
#[3, 5, 6, 7, 3]
1011.000000	-7.741667
#[3, 2, 6, 4, 3]
1021.000000	-5.120000
#[3, 1, 6, 4, 3]
1021.000000	-7.741667
#[4, 4, 6, 4, 2]
1021.000000	-5.228333
#[1, 5, 2, 4, 3]
1021.000000	-3.006667
#[4, 4, 6, 7, 3]
1021.000000	-3.763333
#[4, 5, 6, 0, 2]
1021.000000	-1.500000
#[4, 5, 1, 1, 3]
1021.000000	-3.006667
#[0, 5, 5, 4, 3]
1021.000000	-6.042292
#[4, 0, 6, 5, 3]
1021.000000	-3.563333
#[4, 5, 7, 3, 3]
1021.000000	-8.009524
#[3, 5, 6, 5, 3]
1031.000000	-4.555000
#[7, 5, 3, 5, 3]
1031.000000	-7.637778
#[4, 4, 6, 4, 1]
1031.000000	-5.228333
#[0, 5, 1, 4, 3]
1031.000000	-3.006667
#[4, 5, 7, 0, 3]
1031.000000	-6.605614
#[4, 5, 5, 2, 3]
1031.000000	-6.848095
#[4, 5, 6, 7, 1]
1031.000000	-2.506667
#[1, 5, 5, 4, 3]
1031.000000	-6.231212
#[4, 7, 6, 4, 2]
1031.000000	-5.270000
#[1, 4, 6, 7, 3]
1031.000000	-3.763333
#[3, 5, 6, 0, 4]
1041.000000	-5.453333
#[4, 7, 6, 4, 4]
1041.000000	-5.270000
#[4, 5, 3, 4, 4]
1041.000000	-5.615238
#[4, 5, 0, 4, 0]
1041.000000	-4.026154
#[4, 6, 6, 4, 4]
1041.000000	-3.006667
#[4, 3, 6, 6, 3]
1041.000000	-5.389048
#[5, 5, 6, 2, 3]
1041.000000	-4.513333
#[4, 1, 6, 6, 3]
1041.000000	-1.500000
#[1, 5, 6, 4, 4]
1041.000000	0.006667
#[0, 5, 6, 2, 3]
1041.000000	-4.513333
#[7, 7, 6, 4, 3]
1051.000000	-7.741667
#[2, 5, 6, 0, 3]
1051.000000	-4.513333
#[4, 5, 2, 2, 3]
1051.000000	-8.009524
#[7, 2, 6, 4, 3]
1051.000000	-5.120000
#[4, 5, 1, 4, 2]
1051.000000	-4.513333
#[4, 5, 2, 4, 4]
1051.000000	-5.567619
#[0, 5, 6, 4, 0]
1051.000000	-4.436667
#[1, 5, 7, 5, 3]
1051.000000	-7.610000
#[4, 5, 5, 7, 3]
1051.000000	-6.919524
#[6, 4, 6, 4, 3]
1051.000000	-4.662857
#[4, 5, 6, 1, 1]
1061.000000	-2.441190
#[0, 5, 6, 4, 1]
1061.000000	-4.436667
#[4, 0, 6, 4, 4]
1061.000000	-3.006667
#[4, 5, 4, 4, 4]
1061.000000	-5.567619
#[6, 3, 6, 4, 3]
1061.000000	-5.473125
#[6, 4, 3, 4, 3]
1061.000000	-4.704524
#[4, 3, 6, 4, 4]
1061.000000	-5.270000
#[4, 7, 7, 4, 3]
1061.000000	-7.771429
#[4, 3, 2, 4, 3]
1061.000000	-4.572857
#[0, 2, 6, 4, 4]
1061.000000	-3.006667
#[4, 5, 5, 4, 2]
1071.000000	-4.513333
#[4, 6, 6, 5, 4]
1071.000000	-4.662857
#[4, 6, 6, 7, 3]
1071.000000	-5.383095
#[4, 3, 6, 4, 1]
1071.000000	-5.280417
#[2, 5, 2, 4, 3]
1071.000000	-3.006667
#[4, 2, 1, 4, 0]
1071.000000	-4.513333
#[3, 5, 4, 4, 2]
1071.000000	-3.006667
#[4, 2, 6, 4, 1]
1071.000000	-3.834762
#[4, 6, 6, 6, 3]
1071.000000	-5.341429
#[4, 4, 6, 1, 3]
1071.000000	-3.721667
#[4, 1, 2, 4, 3]
1081.000000	-4.513333
#[4, 2, 6, 6, 3]
1081.000000	-5.341429
#[4, 4, 6, 5, 0]
1081.000000	-3.721667
#[4, 7, 6, 0, 3]
1081.000000	-5.178730
#[4, 0, 6, 4, 0]
1081.000000	-3.985556
#[4, 5, 5, 4, 4]
1081.000000	-3.006667
#[4, 4, 2, 4, 3]
1081.000000	-4.513333
#[4, 5, 0, 4, 2]
1081.000000	-4.513333
#[0, 5, 2, 4, 3]
1081.000000	-3.006667
#[2, 5, 6, 4, 0]
1081.000000	-5.151667
#[3, 5, 6, 4, 1]
1091.000000	-5.020000
#[1, 5, 6, 5, 3]
1091.000000	-4.513333
#[4, 5, 7, 2, 3]
1091.000000	-8.009524
#[4, 6, 6, 4, 0]
1091.000000	-1.500000
#[6, 5, 5, 4, 3]
1091.000000	-5.530290
#[3, 0, 6, 4, 3]
1091.000000	-5.259130
#[4, 1, 6, 4, 4]
1091.000000	-5.228333
#[2, 5, 6, 1, 3]
1091.000000	-4.513333
#[1, 3, 6, 4, 3]
1091.000000	-7.741667
#[5, 5, 6, 4, 4]
1091.000000	0.006667
#[4, 0, 6, 0, 3]
1101.000000	-4.558462
#[6, 2, 6, 1, 3]
1101.000000	-6.020000
#[1, 2, 6, 4, 3]
1101.000000	-4.662857
#[2, 0, 6, 4, 2]
1101.000000	-3.006667
#[3, 5, 3, 4, 3]
1101.000000	-7.909677
#[6, 5, 3, 4, 3]
1101.000000	-6.941935
#[3, 5, 1, 4, 3]
1101.000000	-6.727284
#[4, 7, 6, 3, 3]
1101.000000	-7.652381
#[2, 5, 6, 6, 3]
1101.000000	-5.624167
#[1, 5, 6, 4, 2]
1101.000000	-1.500000
#[4, 1, 6, 4, 0]
1111.000000	-4.117500
#[6, 5, 6, 4, 2]
1111.000000	-4.634583
#[4, 3, 6, 4, 0]
1111.000000	-4.159167
#[3, 5, 2, 4, 3]
1111.000000	-3.062222
#[6, 5, 6, 3, 3]
1111.000000	-5.676250
#[0, 5, 6, 4, 4]
1111.000000	-2.373333
#[5, 2, 6, 4, 3]
1111.000000	-4.382069
#[7, 5, 6, 2, 3]
1111.000000	-5.665833
#[4, 6, 0, 4, 3]
1111.000000	-1.500000
#[4, 0, 6, 4, 2]
1111.000000	-3.006667
#[7, 5, 1, 4, 3]
1121.000000	-6.727284
#[4, 6, 6, 4, 1]
1121.000000	-2.610833
#[4, 2, 6, 4, 4]
1121.000000	-3.006667
#[0, 4, 6, 4, 3]
1121.000000	-1.500000
#[5, 5, 6, 4, 1]
1121.000000	-4.662857
#[4, 5, 6, 2, 2]
1121.000000	-4.832500
#[4, 1, 6, 4, 2]
1121.000000	-5.228333
#[4, 7, 0, 4, 2]
1121.000000	-6.075556
#[0, 5, 6, 1, 3]
1121.000000	-4.513333
#[3, 5, 6, 2, 3]
1121.000000	-5.665833
#[4, 1, 6, 4, 1]
1131.000000	-5.228333
#[4, 0, 3, 4, 3]
1131.000000	-4.574737
#[4, 6, 6, 2, 0]
1131.000000	-3.721667
#[4, 3, 7, 4, 3]
1131.000000	-7.771429
#[4, 5, 7, 5, 3]
1131.000000	-6.919524
#[4, 7, 6, 2, 0]
1131.000000	-5.985000
#[4, 5, 5, 3, 3]
1131.000000	-6.919524
#[4, 2, 2, 4, 3]
1131.000000	-4.513333
#[4, 5, 3, 4, 1]
1131.000000	-3.034444
#[0, 5, 6, 7, 3]
1131.000000	-4.582778
#[2, 5, 6, 3, 3]
1141.000000	-5.697083
#[2, 5, 5, 4, 3]
1141.000000	-3.006667
#[4, 4, 7, 4, 3]
1141.000000	-4.555000
#[4, 5, 7, 4, 2]
1141.000000	-5.676250
#[1, 6, 6, 4, 3]
1141.000000	-5.426250
#[4, 5, 1, 2, 3]
1141.000000	-3.006667
#[0, 3, 6, 4, 3]
1141.000000	-5.259130
#[4, 3, 3, 4, 3]
1141.000000	-7.771429
#[7, 5, 0, 4, 3]
1141.000000	-6.467143
#[4, 3, 2, 6, 3]
1141.000000	-5.389048
#[6, 3, 6, 4, 2]
1151.000000	-3.721667
#[6, 5, 6, 2, 3]
1151.000000	-5.624167
#[0, 5, 3, 4, 3]
1151.000000	-6.522879
#[3, 1, 6, 4, 4]
1151.000000	-7.533333
#[3, 5, 7, 4, 3]
1151.000000	-7.909677
#[4, 5, 7, 4, 0]
1151.000000	-4.148750
#[4, 3, 3, 0, 3]
1151.000000	-8.247619
#[1, 5, 6, 4, 1]
1151.000000	-4.662857
#[7, 5, 3, 4, 3]
1151.000000	-7.909677
#[4, 3, 6, 0, 3]
1151.000000	-5.178730
#[5, 5, 6, 7, 3]
1161.000000	-4.575833
#[1, 5, 6, 1, 3]
1161.000000	-4.513333
#[4, 5, 4, 4, 2]
1161.000000	-5.624167
#[3, 7, 6, 4, 3]
1161.000000	-7.741667
#[7, 5, 6, 1, 3]
1161.000000	-4.584762
#[6, 1, 6, 4, 3]
1161.000000	-5.426250
#[3, 5, 1, 4, 1]
1161.000000	-5.525952
#[4, 5, 2, 6, 1]
1161.000000	-2.286970
#[4, 5, 6, 7, 0]
1161.000000	-5.776667
#[4, 5, 6, 5, 4]
1161.000000	0.006667
#[4, 7, 2, 4, 3]
1171.000000	-4.572857
#[6, 0, 6, 4, 3]
1171.000000	-5.193913
#[6, 7, 6, 4, 3]
1171.000000	-5.473125
#[4, 7, 6, 6, 3]
1171.000000	-5.389048
#[4, 5, 5, 4, 0]
1171.000000	-3.006667
#[4, 7, 7, 4, 2]
1171.000000	-6.103333
#[6, 6, 6, 4, 3]
1171.000000	-5.426250
#[4, 5, 7, 4, 4]
1171.000000	-5.615238
#[4, 0, 1, 4, 3]
1171.000000	-4.513333
#[4, 1, 6, 3, 3]
1171.000000	-3.763333
#[4, 1, 0, 4, 3]
1181.000000	-4.513333
#[1, 5, 6, 4, 0]
1181.000000	-4.436667
#[0, 5, 6, 4, 2]
1181.000000	-1.500000
#[6, 5, 7, 4, 4]
1181.000000	-6.819048
#[2, 5, 3, 4, 3]
1181.000000	-7.475862
#[3, 5, 6, 1, 3]
1181.000000	-4.584762
#[4, 0, 6, 2, 3]
1181.000000	-5.070000
#[4, 5, 6, 1, 2]
1181.000000	-1.500000
#[4, 5, 6, 6, 2]
1181.000000	-4.832500
#[0, 0, 6, 4, 3]
1181.000000	-4.662857
#[4, 7, 6, 5, 1]
1191.000000	-4.942619
#[7, 5, 6, 7, 3]
1191.000000	-7.741667
#[3, 5, 6, 4, 2]
1191.000000	0.006667
#[6, 5, 6, 6, 3]
1191.000000	-5.624167
#[1, 0, 2, 4, 3]
1191.000000	-4.513333
#[7, 5, 6, 0, 3]
1191.000000	-4.573939
#[7, 0, 0, 3, 3]
1191.000000	-9.200000
#[4, 6, 6, 3, 3]
1191.000000	-5.383095
#[4, 5, 4, 4, 0]
1191.000000	-4.117500
#[4, 6, 5, 4, 3]
1191.000000	0.006667
#[4, 6, 6, 0, 3]
1201.000000	-5.115238
#[4, 5, 2, 4, 0]
1201.000000	-4.117500
#[6, 5, 1, 4, 3]
1201.000000	-3.633704
#[4, 0, 2, 4, 3]
1201.000000	-4.513333
#[4, 5, 6, 7, 2]
1201.000000	-6.908333
#[3, 5, 5, 4, 3]
1201.000000	-6.544783
#[2, 2, 6, 4, 3]
1201.000000	-4.662857
#[7, 5, 6, 4, 0]
1201.000000	-5.985000
#[5, 3, 6, 4, 3]
1201.000000	-4.842581
#[4, 5, 5, 3, 2]
1201.000000	-3.006667
