#[0, 1, 0, 3, 1, 2, 2, 1, 2, 2, 2, 0, 2, 0, 2, 1]
1.000000	-3959.204439
#[0, 2, 0, 3, 1, 2, 0, 1, 2, 2, 2, 0, 2, 0, 2, 1]
11.000000	-5793.599359
#[0, 1, 0, 3, 1, 2, 2, 1, 2, 2, 2, 0, 3, 0, 2, 1]
11.000000	-1845.048142
#[0, 0, 0, 3, 1, 2, 1, 1, 2, 2, 2, 0, 2, 0, 2, 1]
11.000000	-3796.032288
#[0, 1, 1, 3, 1, 2, 2, 1, 2, 2, 2, 0, 2, 0, 2, 1]
11.000000	-4686.610384
#[0, 1, 0, 3, 1, 2, 2, 1, 2, 2, 2, 0, 1, 0, 2, 1]
11.000000	-1823.350666
#[0, 1, 0, 3, 1, 3, 2, 1, 2, 2, 2, 1, 2, 0, 2, 1]
11.000000	-13280.360433
#[0, 1, 3, 3, 1, 2, 2, 1, 1, 2, 2, 0, 2, 0, 2, 1]
11.000000	-3546.365875
#[0, 1, 0, 3, 1, 2, 2, 0, 2, 2, 2, 0, 2, 0, 2, 1]
11.000000	-3956.533394
#[0, 1, 0, 3, 1, 2, 2, 1, 2, 2, 2, 2, 2, 0, 2, 1]
11.000000	-11990.516709
#[0, 1, 0, 3, 1, 2, 2, 1, 3, 2, 2, 0, 2, 0, 2, 1]
11.000000	-3664.801129
#[3, 1, 0, 3, 1, 2, 2, 2, 2, 0, 2, 0, 1, 0, 2, 1]
21.000000	-9889.359164
#[0, 1, 0, 3, 1, 2, 2, 1, 2, 2, 1, 0, 1, 0, 2, 1]
21.000000	-9373.742212
#[0, 1, 0, 3, 1, 2, 2, 1, 3, 2, 2, 0, 1, 0, 2, 1]
21.000000	-1854.603948
#[0, 1, 0, 2, 1, 2, 2, 1, 2, 2, 2, 0, 1, 0, 2, 1]
21.000000	-3345.874649
#[0, 1, 0, 3, 1, 2, 2, 1, 2, 2, 2, 0, 1, 0, 2, 0]
21.000000	-7432.820307
#[0, 1, 0, 3, 2, 2, 2, 1, 2, 2, 2, 0, 1, 0, 2, 1]
21.000000	-21069.785236
#[0, 1, 0, 3, 1, 2, 2, 1, 2, 0, 2, 0, 1, 0, 2, 1]
21.000000	-956.148090
#[0, 1, 0, 3, 1, 2, 2, 1, 2, 2, 2, 3, 1, 0, 2, 1]
21.000000	-16481.631988
#[0, 1, 0, 3, 1, 2, 2, 1, 2, 2, 2, 1, 1, 0, 2, 1]
21.000000	-15071.785482
#[0, 1, 0, 3, 1, 0, 2, 1, 2, 2, 2, 0, 1, 0, 2, 1]
21.000000	-1565.922069
#[0, 1, 0, 3, 1, 2, 2, 1, 2, 0, 2, 0, 1, 0, 3, 1]
31.000000	-3431.604275
#[0, 1, 0, 3, 1, 2, 2, 1, 2, 0, 2, 0, 1, 0, 0, 1]
31.000000	-165.872937
#[2, 1, 0, 3, 1, 2, 2, 1, 2, 0, 2, 0, 1, 0, 2, 1]
31.000000	-2826.570451
#[0, 1, 0, 3, 1, 2, 2, 2, 2, 0, 2, 0, 1, 0, 2, 1]
31.000000	-955.674376
#[0, 3, 0, 3, 1, 2, 2, 1, 2, 0, 2, 0, 1, 0, 2, 1]
31.000000	-1832.941982
#[0, 1, 0, 3, 1, 2, 2, 1, 2, 0, 3, 0, 1, 0, 2, 1]
31.000000	-3006.586056
#[0, 1, 0, 3, 1, 2, 1, 1, 2, 0, 2, 0, 1, 0, 2, 1]
31.000000	-776.810816
#[0, 1, 1, 3, 1, 2, 2, 1, 2, 0, 2, 1, 1, 0, 2, 1]
31.000000	-13784.388929
#[0, 1, 0, 3, 1, 2, 2, 1, 2, 3, 2, 0, 1, 0, 2, 1]
31.000000	-1834.600909
#[0, 0, 0, 3, 1, 3, 2, 1, 2, 0, 2, 0, 1, 0, 2, 1]
31.000000	-1150.659109
#[0, 1, 0, 3, 1, 2, 1, 1, 2, 0, 2, 0, 1, 0, 0, 1]
41.000000	-165.177732
#[0, 1, 0, 3, 1, 2, 2, 1, 1, 0, 2, 0, 1, 0, 0, 1]
41.000000	-171.162739
#[0, 1, 0, 3, 1, 1, 2, 1, 2, 0, 2, 0, 1, 0, 0, 1]
41.000000	-164.148076
#[0, 1, 0, 3, 1, 2, 2, 1, 2, 0, 2, 0, 1, 3, 0, 1]
41.000000	-6306.332939
#[0, 1, 0, 3, 1, 2, 2, 1, 2, 0, 2, 0, 1, 1, 0, 1]
41.000000	-180.120227
#[0, 1, 0, 3, 1, 2, 2, 1, 2, 2, 2, 0, 1, 0, 0, 1]
41.000000	-575.931542
#[0, 1, 0, 3, 1, 3, 2, 1, 2, 0, 2, 0, 1, 0, 0, 1]
41.000000	-166.921642
#[0, 1, 0, 3, 1, 2, 2, 1, 0, 0, 2, 0, 1, 0, 0, 1]
41.000000	-169.459955
#[0, 1, 0, 3, 1, 2, 2, 1, 2, 0, 2, 0, 1, 0, 0, 3]
41.000000	-5628.096005
#[0, 3, 0, 3, 1, 2, 2, 1, 2, 3, 2, 0, 1, 0, 0, 0]
41.000000	-5451.174237
#[0, 1, 0, 3, 0, 1, 2, 2, 2, 0, 2, 0, 1, 0, 0, 1]
51.000000	-115.097621
#[0, 1, 0, 3, 1, 1, 2, 1, 2, 0, 2, 0, 2, 0, 0, 1]
51.000000	-5980.767337
#[0, 1, 0, 3, 1, 1, 2, 1, 2, 0, 2, 0, 1, 2, 0, 1]
51.000000	-5960.433231
#[0, 1, 0, 3, 3, 1, 2, 1, 2, 0, 2, 0, 1, 0, 0, 1]
51.000000	-214.758521
#[0, 1, 0, 3, 1, 1, 2, 1, 2, 2, 2, 0, 1, 0, 0, 1]
51.000000	-491.449410
#[0, 1, 0, 3, 1, 1, 2, 1, 2, 0, 1, 1, 1, 0, 0, 1]
51.000000	-5113.781978
#[0, 1, 0, 3, 1, 1, 2, 1, 2, 0, 2, 0, 1, 0, 0, 0]
51.000000	-163.511390
#[0, 1, 2, 3, 1, 1, 2, 1, 2, 0, 2, 0, 1, 0, 0, 1]
51.000000	-216.779684
#[0, 1, 0, 0, 2, 1, 2, 1, 2, 0, 2, 0, 1, 0, 0, 1]
51.000000	-120.411529
#[0, 1, 0, 2, 1, 1, 2, 1, 2, 0, 2, 0, 1, 0, 0, 0]
51.000000	-1548.208129
#[0, 1, 0, 3, 0, 1, 2, 2, 2, 3, 2, 0, 1, 0, 0, 1]
61.000000	-34585.216705
#[0, 1, 3, 3, 0, 1, 2, 2, 2, 0, 2, 0, 1, 0, 0, 1]
61.000000	-131.323406
#[0, 1, 0, 3, 0, 1, 2, 2, 2, 0, 1, 0, 1, 0, 0, 1]
61.000000	-122.076510
#[0, 1, 0, 3, 3, 1, 2, 2, 2, 0, 2, 0, 3, 0, 0, 1]
61.000000	-80086.743535
#[0, 1, 0, 3, 0, 1, 2, 2, 2, 0, 2, 2, 1, 0, 0, 1]
61.000000	-4385.433805
#[2, 1, 0, 3, 0, 1, 2, 2, 0, 0, 2, 0, 2, 0, 0, 1]
61.000000	-47018.791372
#[3, 1, 0, 3, 0, 1, 2, 2, 2, 0, 2, 0, 1, 0, 0, 1]
61.000000	-185.363358
#[0, 1, 0, 3, 0, 1, 2, 2, 2, 0, 2, 0, 0, 0, 0, 2]
61.000000	-93089.351225
#[0, 1, 2, 3, 0, 1, 2, 2, 2, 0, 2, 0, 1, 0, 0, 1]
61.000000	-132.176818
#[0, 1, 0, 3, 0, 1, 2, 2, 2, 0, 2, 0, 1, 0, 0, 3]
61.000000	-4197.732587
#[0, 1, 0, 3, 0, 0, 2, 0, 2, 0, 2, 0, 1, 0, 0, 1]
71.000000	-114.393373
#[0, 1, 0, 3, 1, 1, 2, 2, 2, 0, 2, 0, 1, 0, 0, 1]
71.000000	-157.547331
#[0, 1, 0, 3, 0, 1, 2, 2, 3, 0, 2, 0, 1, 0, 0, 1]
71.000000	-31733.758293
#[0, 1, 0, 3, 0, 1, 1, 2, 2, 0, 1, 0, 1, 0, 0, 1]
71.000000	-116.290517
#[0, 1, 0, 3, 0, 2, 2, 2, 2, 0, 2, 0, 1, 0, 0, 1]
71.000000	-114.465906
#[0, 1, 0, 3, 0, 1, 2, 2, 2, 0, 3, 0, 1, 0, 0, 1]
71.000000	-132.080083
#[0, 1, 0, 3, 0, 1, 2, 2, 2, 0, 2, 0, 1, 0, 1, 1]
71.000000	-115.045364
#[0, 1, 0, 3, 0, 1, 3, 2, 2, 0, 2, 0, 1, 0, 0, 2]
71.000000	-4335.199036
#[0, 1, 0, 3, 0, 0, 2, 2, 2, 0, 2, 0, 1, 0, 0, 0]
71.000000	-114.428660
#[0, 1, 0, 3, 0, 1, 2, 2, 2, 0, 2, 0, 1, 0, 3, 1]
71.000000	-2783.320995
#[0, 1, 0, 3, 0, 0, 3, 0, 2, 0, 2, 0, 1, 0, 0, 1]
81.000000	-114.529637
#[0, 1, 0, 3, 0, 0, 2, 0, 2, 0, 2, 0, 1, 0, 0, 2]
81.000000	-2889.261856
#[0, 1, 0, 3, 0, 0, 2, 0, 2, 0, 2, 1, 1, 0, 0, 1]
81.000000	-114.484448
#[0, 0, 3, 3, 0, 0, 2, 0, 2, 0, 2, 0, 1, 0, 0, 1]
81.000000	-113.213812
#[0, 1, 0, 3, 0, 0, 2, 0, 2, 0, 2, 0, 1, 3, 0, 1]
81.000000	-77539.812255
#[0, 1, 0, 3, 0, 0, 2, 1, 2, 0, 2, 0, 1, 0, 0, 1]
81.000000	-120.558905
#[0, 1, 1, 3, 0, 0, 2, 0, 2, 0, 2, 0, 1, 0, 0, 1]
81.000000	-129.921093
#[0, 1, 0, 3, 3, 0, 2, 0, 2, 0, 2, 0, 1, 1, 0, 1]
81.000000	-405.826992
#[0, 1, 0, 3, 0, 0, 2, 0, 2, 0, 2, 0, 1, 0, 0, 3]
81.000000	-3849.517208
#[0, 1, 0, 3, 0, 0, 2, 0, 3, 0, 2, 0, 1, 0, 0, 1]
81.000000	-32188.623806
#[0, 0, 3, 3, 0, 0, 2, 0, 2, 0, 2, 0, 1, 0, 0, 0]
91.000000	-113.207488
#[2, 0, 3, 3, 0, 0, 2, 0, 2, 0, 2, 0, 1, 0, 0, 1]
91.000000	-114.836612
#[0, 0, 3, 3, 0, 3, 2, 0, 2, 0, 2, 0, 1, 0, 0, 1]
91.000000	-114.783792
#[0, 0, 3, 3, 0, 0, 2, 0, 2, 0, 2, 0, 1, 2, 0, 1]
91.000000	-94114.727919
#[0, 0, 3, 3, 0, 0, 2, 1, 2, 0, 2, 0, 1, 0, 0, 1]
91.000000	-126.149978
#[0, 0, 3, 3, 0, 0, 2, 0, 2, 1, 2, 0, 1, 0, 0, 1]
91.000000	-2222.279614
#[0, 0, 0, 3, 0, 0, 2, 0, 2, 0, 2, 0, 1, 2, 0, 1]
91.000000	-94108.589351
#[0, 0, 3, 3, 0, 0, 2, 0, 2, 0, 2, 3, 1, 0, 0, 1]
91.000000	-6034.087957
#[0, 0, 3, 3, 0, 0, 2, 0, 2, 2, 2, 0, 1, 0, 0, 1]
91.000000	-5476.275382
#[0, 0, 3, 3, 0, 0, 2, 0, 3, 0, 3, 0, 1, 0, 0, 1]
91.000000	-53103.656099
#[0, 0, 3, 3, 0, 0, 2, 0, 2, 0, 2, 0, 1, 1, 0, 0]
101.000000	-371.467953
#[0, 0, 3, 3, 0, 0, 2, 0, 2, 0, 0, 0, 1, 0, 0, 0]
101.000000	-113.173487
#[0, 3, 1, 3, 3, 0, 2, 0, 2, 0, 2, 0, 1, 0, 0, 0]
101.000000	-199.802400
#[0, 0, 3, 3, 0, 0, 2, 0, 2, 0, 2, 3, 1, 0, 0, 0]
101.000000	-119.068404
#[0, 0, 1, 3, 0, 0, 2, 0, 2, 0, 2, 0, 1, 0, 0, 0]
101.000000	-113.270565
#[0, 0, 3, 3, 0, 0, 2, 0, 2, 0, 3, 0, 2, 0, 0, 0]
101.000000	-94916.550814
#[0, 0, 3, 3, 0, 1, 2, 0, 1, 0, 0, 0, 1, 0, 0, 0]
101.000000	-160.572477
#[0, 0, 3, 3, 0, 0, 2, 0, 2, 0, 2, 1, 1, 0, 0, 0]
101.000000	-113.259268
#[0, 0, 3, 3, 0, 0, 2, 0, 2, 0, 2, 0, 0, 0, 0, 1]
101.000000	-94965.404286
#[0, 0, 3, 3, 0, 0, 2, 0, 1, 0, 2, 0, 1, 0, 0, 0]
101.000000	-160.543212
#[0, 0, 2, 3, 0, 0, 2, 0, 2, 0, 0, 0, 1, 0, 0, 0]
111.000000	-113.118274
#[1, 0, 3, 3, 0, 0, 2, 0, 2, 0, 0, 1, 1, 0, 0, 0]
111.000000	-159.007015
#[0, 0, 3, 3, 0, 0, 2, 0, 2, 0, 0, 2, 1, 0, 0, 0]
111.000000	-113.248729
#[0, 0, 3, 3, 0, 0, 2, 0, 2, 0, 1, 0, 1, 0, 0, 3]
111.000000	-3447.335257
#[0, 0, 3, 3, 3, 0, 2, 0, 2, 0, 0, 2, 1, 2, 0, 0]
111.000000	-94493.091152
#[2, 0, 3, 3, 0, 0, 2, 0, 2, 0, 0, 0, 1, 0, 0, 0]
111.000000	-113.118899
#[0, 0, 3, 3, 2, 0, 2, 0, 2, 2, 0, 0, 1, 0, 0, 0]
111.000000	-4139.458313
#[0, 0, 3, 0, 0, 0, 2, 0, 2, 0, 0, 0, 1, 0, 0, 0]
111.000000	-113.120118
#[0, 0, 3, 3, 3, 0, 2, 0, 2, 0, 1, 0, 1, 0, 0, 0]
111.000000	-190.498628
#[0, 0, 3, 3, 0, 0, 2, 2, 2, 0, 0, 0, 1, 2, 0, 0]
111.000000	-94097.476675
#[0, 0, 1, 2, 0, 0, 3, 0, 2, 0, 0, 0, 1, 0, 0, 0]
121.000000	-113.306069
#[0, 0, 2, 3, 1, 0, 2, 2, 2, 0, 0, 0, 1, 0, 0, 3]
121.000000	-3575.356462
#[0, 0, 2, 3, 0, 0, 2, 0, 2, 0, 0, 0, 1, 0, 3, 0]
121.000000	-2544.125742
#[0, 0, 2, 3, 0, 0, 2, 0, 2, 0, 0, 1, 1, 0, 0, 0]
121.000000	-113.124037
#[1, 0, 2, 3, 0, 0, 2, 0, 2, 0, 0, 0, 1, 0, 0, 0]
121.000000	-158.105987
#[0, 0, 2, 1, 0, 0, 2, 0, 2, 0, 0, 0, 1, 0, 0, 0]
121.000000	-1043.150597
#[0, 0, 2, 0, 3, 0, 2, 0, 2, 0, 0, 0, 1, 0, 0, 0]
121.000000	-186.441248
#[0, 0, 2, 3, 0, 0, 2, 0, 2, 0, 0, 0, 1, 0, 0, 3]
121.000000	-2849.197768
#[3, 0, 2, 3, 2, 0, 2, 0, 2, 1, 0, 0, 1, 0, 0, 0]
121.000000	-560.815255
#[0, 0, 2, 3, 0, 0, 2, 0, 2, 0, 0, 0, 1, 0, 0, 2]
121.000000	-2505.018588
#[0, 0, 2, 3, 0, 0, 2, 0, 2, 0, 2, 0, 1, 0, 0, 0]
131.000000	-113.150234
#[0, 0, 2, 3, 0, 0, 2, 0, 2, 0, 0, 0, 1, 3, 0, 0]
131.000000	-115368.468101
#[0, 0, 2, 3, 0, 2, 2, 0, 2, 0, 0, 0, 1, 0, 0, 0]
131.000000	-113.119148
#[0, 0, 2, 3, 0, 0, 2, 0, 2, 0, 0, 0, 3, 0, 0, 0]
131.000000	-104521.372680
#[0, 0, 2, 3, 0, 0, 2, 0, 2, 1, 0, 0, 1, 0, 0, 0]
131.000000	-421.552801
#[0, 0, 2, 3, 2, 0, 2, 0, 2, 0, 0, 1, 1, 0, 0, 0]
131.000000	-113.050196
#[0, 0, 2, 3, 0, 0, 2, 0, 2, 2, 1, 0, 1, 0, 0, 0]
131.000000	-845.825018
#[0, 0, 2, 3, 0, 0, 2, 1, 2, 0, 0, 0, 1, 0, 0, 0]
131.000000	-123.539649
#[0, 0, 0, 3, 0, 0, 2, 0, 2, 0, 0, 0, 1, 0, 0, 0]
131.000000	-113.064711
#[0, 0, 2, 3, 0, 0, 2, 0, 2, 0, 0, 0, 1, 0, 2, 0]
131.000000	-1506.482031
#[0, 0, 2, 3, 2, 0, 2, 2, 2, 0, 0, 1, 1, 0, 0, 0]
141.000000	-2832.423387
#[0, 0, 2, 3, 2, 0, 2, 0, 1, 0, 0, 1, 3, 0, 0, 0]
141.000000	-101187.552982
#[0, 0, 2, 3, 2, 0, 1, 0, 2, 1, 0, 1, 1, 0, 0, 0]
141.000000	-40449.289466
#[0, 0, 3, 3, 2, 0, 2, 0, 2, 0, 0, 1, 1, 0, 0, 0]
141.000000	-113.107805
#[0, 0, 2, 3, 2, 1, 2, 0, 2, 0, 0, 1, 1, 0, 0, 0]
141.000000	-119.048196
#[0, 0, 2, 3, 3, 0, 2, 0, 2, 0, 0, 1, 1, 0, 0, 0]
141.000000	-189.050214
#[0, 0, 2, 3, 2, 0, 2, 0, 2, 0, 2, 1, 1, 0, 0, 0]
141.000000	-113.122796
#[0, 0, 2, 3, 2, 0, 0, 0, 2, 2, 3, 1, 1, 0, 0, 0]
141.000000	-30725.182605
#[0, 0, 2, 3, 2, 0, 2, 0, 2, 0, 0, 1, 1, 0, 0, 3]
141.000000	-2672.039056
#[0, 0, 2, 3, 2, 0, 2, 0, 2, 0, 0, 1, 3, 0, 0, 0]
141.000000	-104527.872148
#[0, 0, 2, 3, 2, 0, 2, 0, 3, 0, 0, 1, 1, 0, 0, 0]
151.000000	-37649.008592
#[0, 0, 2, 2, 2, 0, 2, 0, 2, 0, 0, 1, 1, 0, 0, 1]
151.000000	-112.967643
#[1, 0, 2, 3, 2, 0, 2, 0, 2, 0, 0, 0, 1, 0, 0, 0]
151.000000	-158.068248
#[3, 0, 2, 3, 2, 0, 2, 0, 2, 0, 0, 1, 1, 0, 0, 2]
151.000000	-25886.779686
#[0, 0, 2, 3, 2, 0, 2, 0, 2, 0, 0, 1, 1, 0, 0, 2]
151.000000	-2331.249258
#[0, 0, 2, 2, 2, 0, 2, 0, 2, 0, 0, 1, 1, 0, 0, 0]
151.000000	-112.963382
#[0, 0, 2, 2, 2, 0, 2, 0, 2, 0, 0, 1, 1, 1, 0, 0]
151.000000	-112.943387
#[2, 0, 2, 3, 1, 0, 2, 0, 2, 0, 0, 1, 1, 0, 0, 0]
151.000000	-113.031817
#[0, 0, 2, 3, 2, 1, 2, 0, 3, 0, 0, 1, 1, 0, 0, 0]
151.000000	-37636.932992
#[0, 0, 2, 3, 2, 2, 2, 0, 2, 0, 0, 1, 1, 0, 0, 0]
151.000000	-113.062632
#[0, 0, 2, 2, 2, 0, 1, 0, 2, 0, 0, 1, 1, 1, 0, 0]
161.000000	-116.559740
#[0, 0, 3, 2, 2, 0, 2, 0, 2, 0, 0, 0, 2, 1, 0, 0]
161.000000	-11820.747756
#[0, 0, 2, 2, 2, 0, 2, 0, 2, 0, 2, 1, 1, 1, 0, 0]
161.000000	-798.944005
#[0, 0, 2, 2, 2, 0, 2, 0, 2, 0, 1, 1, 1, 1, 0, 0]
161.000000	-112.931032
#[0, 0, 2, 2, 2, 0, 2, 0, 2, 2, 0, 1, 0, 1, 0, 0]
161.000000	-50730.111709
#[2, 0, 2, 2, 2, 0, 2, 0, 2, 0, 0, 1, 1, 1, 0, 0]
161.000000	-112.849936
#[1, 0, 2, 2, 2, 0, 2, 0, 2, 0, 0, 1, 1, 1, 0, 0]
161.000000	-155.257500
#[0, 1, 2, 2, 2, 0, 2, 0, 2, 0, 0, 1, 1, 1, 0, 0]
161.000000	-114.582474
#[0, 3, 2, 1, 2, 0, 2, 0, 2, 0, 0, 1, 1, 1, 0, 0]
161.000000	-1777.110497
#[0, 0, 2, 2, 2, 0, 2, 0, 2, 0, 0, 1, 1, 1, 0, 3]
161.000000	-2163.703759
#[2, 0, 2, 2, 2, 0, 2, 0, 2, 0, 0, 1, 1, 1, 1, 0]
171.000000	-112.838821
#[2, 0, 0, 2, 2, 0, 2, 0, 2, 0, 0, 1, 1, 1, 0, 0]
171.000000	-112.817220
#[2, 0, 2, 3, 2, 0, 2, 1, 2, 0, 0, 1, 1, 1, 0, 0]
171.000000	-184.345779
#[2, 0, 2, 2, 2, 3, 2, 0, 2, 0, 0, 1, 1, 1, 0, 0]
171.000000	-192.813613
#[2, 1, 2, 2, 2, 0, 1, 0, 2, 0, 0, 1, 1, 1, 0, 0]
171.000000	-329.636208
#[2, 0, 2, 2, 2, 0, 2, 0, 3, 2, 0, 1, 1, 1, 0, 0]
171.000000	-250.939348
#[2, 0, 2, 2, 2, 0, 0, 0, 2, 0, 1, 1, 1, 1, 0, 0]
171.000000	-112.850439
#[3, 0, 2, 2, 2, 1, 2, 0, 2, 0, 0, 1, 1, 1, 0, 0]
171.000000	-161.649057
#[2, 0, 2, 2, 2, 0, 2, 0, 2, 0, 1, 2, 1, 1, 0, 0]
171.000000	-2103.368801
#[2, 0, 2, 2, 2, 3, 2, 0, 2, 0, 0, 1, 1, 1, 1, 0]
171.000000	-187.973615
#[2, 0, 1, 2, 3, 0, 2, 1, 3, 0, 0, 1, 1, 1, 0, 0]
181.000000	-145167.018682
#[2, 0, 0, 2, 2, 0, 2, 0, 1, 0, 0, 1, 1, 1, 0, 0]
181.000000	-112.830497
#[2, 0, 0, 2, 2, 0, 2, 0, 0, 0, 0, 1, 1, 1, 0, 0]
181.000000	-160.136799
#[2, 0, 0, 2, 2, 0, 2, 0, 3, 0, 0, 1, 1, 1, 1, 0]
181.000000	-30567.319133
#[2, 0, 3, 2, 2, 0, 3, 0, 2, 0, 0, 1, 1, 1, 0, 0]
181.000000	-118.984025
#[2, 2, 0, 2, 2, 0, 2, 0, 2, 0, 0, 1, 0, 1, 0, 0]
181.000000	-94900.584940
#[2, 0, 0, 1, 2, 0, 2, 0, 2, 2, 0, 1, 1, 0, 0, 0]
181.000000	-4775.355059
#[2, 0, 0, 2, 2, 0, 2, 0, 2, 2, 0, 1, 1, 1, 0, 0]
181.000000	-112.803953
#[2, 0, 0, 2, 2, 0, 2, 0, 2, 0, 0, 3, 1, 1, 0, 0]
181.000000	-114.185056
#[2, 0, 0, 2, 2, 1, 2, 0, 2, 0, 0, 1, 1, 1, 0, 0]
181.000000	-112.832044
#[2, 0, 0, 2, 2, 0, 2, 0, 2, 2, 0, 2, 1, 1, 0, 0]
191.000000	-112.865694
#[2, 0, 0, 2, 2, 0, 2, 0, 2, 1, 0, 1, 3, 1, 3, 0]
191.000000	-139783.121552
#[2, 0, 0, 2, 2, 0, 0, 0, 2, 2, 0, 1, 1, 1, 0, 0]
191.000000	-112.803952
#[2, 0, 0, 2, 2, 2, 2, 0, 2, 2, 0, 1, 1, 1, 0, 0]
191.000000	-112.803959
#[2, 2, 0, 2, 2, 0, 2, 0, 2, 2, 0, 1, 1, 1, 0, 0]
191.000000	-112.803954
#[2, 0, 2, 2, 2, 0, 2, 0, 2, 2, 0, 1, 1, 1, 0, 0]
191.000000	-112.836669
#[2, 0, 0, 2, 2, 0, 2, 0, 2, 2, 0, 1, 1, 0, 0, 0]
191.000000	-4141.696344
#[2, 0, 0, 2, 2, 1, 2, 0, 2, 2, 0, 1, 1, 1, 0, 0]
191.000000	-112.816669
#[2, 0, 0, 2, 2, 0, 2, 2, 2, 2, 0, 1, 1, 1, 0, 0]
191.000000	-3376.060558
#[2, 0, 0, 2, 2, 0, 2, 0, 2, 2, 0, 1, 1, 1, 0, 2]
191.000000	-2309.118730
#[2, 0, 0, 2, 2, 0, 0, 0, 2, 2, 0, 1, 1, 2, 0, 0]
201.000000	-94840.818767
#[2, 0, 0, 2, 2, 0, 0, 0, 2, 2, 0, 1, 1, 1, 2, 0]
201.000000	-94067.011189
#[2, 0, 0, 2, 2, 0, 2, 0, 2, 2, 0, 1, 1, 1, 0, 3]
201.000000	-2408.708774
#[2, 0, 0, 2, 2, 0, 0, 0, 3, 2, 0, 1, 1, 1, 0, 0]
201.000000	-256.239586
#[2, 0, 3, 2, 2, 0, 0, 0, 2, 2, 3, 1, 1, 1, 0, 0]
201.000000	-56199.825794
#[2, 2, 0, 2, 2, 0, 0, 0, 2, 2, 0, 1, 1, 1, 3, 0]
201.000000	-140495.015929
#[2, 0, 0, 2, 2, 0, 0, 0, 2, 2, 1, 1, 0, 1, 0, 1]
201.000000	-93974.057524
#[2, 0, 3, 2, 2, 0, 0, 0, 2, 2, 0, 1, 1, 2, 0, 0]
201.000000	-94840.514029
#[2, 0, 0, 0, 2, 0, 0, 0, 2, 2, 0, 1, 1, 1, 1, 0]
201.000000	-112.765722
#[3, 0, 0, 2, 2, 0, 0, 0, 2, 2, 0, 1, 1, 2, 0, 0]
201.000000	-94869.909863
#[2, 0, 0, 0, 0, 0, 0, 0, 2, 2, 0, 1, 1, 1, 1, 0]
211.000000	-114.007945
#[2, 1, 0, 0, 2, 0, 0, 0, 2, 2, 0, 3, 1, 1, 1, 1]
211.000000	-116704.718791
#[2, 0, 2, 0, 2, 0, 0, 0, 2, 2, 0, 1, 1, 1, 1, 0]
211.000000	-112.765721
#[2, 0, 0, 0, 1, 0, 0, 0, 2, 2, 0, 1, 1, 3, 1, 0]
211.000000	-27728.562548
#[2, 0, 0, 0, 2, 0, 0, 0, 2, 2, 0, 1, 1, 1, 1, 2]
211.000000	-2486.981692
#[0, 0, 0, 0, 2, 0, 0, 0, 2, 2, 0, 1, 1, 1, 1, 0]
211.000000	-112.893157
#[2, 0, 0, 1, 2, 0, 0, 0, 3, 2, 0, 1, 1, 1, 1, 0]
211.000000	-3428.972524
#[2, 0, 0, 0, 2, 0, 0, 0, 2, 3, 0, 1, 1, 1, 2, 1]
211.000000	-44564.481477
#[2, 0, 0, 0, 2, 0, 0, 0, 2, 2, 0, 2, 1, 1, 1, 3]
211.000000	-268528.494530
#[2, 0, 0, 0, 2, 0, 0, 0, 2, 2, 0, 1, 2, 1, 1, 0]
211.000000	-367.788491
#[2, 0, 2, 0, 0, 0, 0, 3, 2, 2, 0, 1, 1, 1, 1, 0]
221.000000	-17743.288441
#[0, 0, 2, 0, 2, 0, 0, 0, 2, 2, 0, 1, 1, 1, 1, 0]
221.000000	-112.892646
#[2, 0, 2, 0, 2, 0, 0, 0, 2, 2, 0, 3, 1, 1, 1, 2]
221.000000	-274904.902673
#[1, 0, 2, 0, 3, 0, 0, 0, 3, 2, 0, 1, 1, 2, 1, 0]
221.000000	-2070.727043
#[2, 0, 2, 0, 2, 0, 0, 0, 2, 2, 1, 1, 1, 1, 1, 0]
221.000000	-112.777717
#[2, 0, 2, 0, 2, 0, 0, 0, 2, 2, 0, 1, 3, 1, 1, 0]
221.000000	-1836.456142
#[2, 0, 2, 0, 2, 3, 0, 0, 2, 2, 0, 1, 1, 1, 1, 0]
221.000000	-2740.606692
#[2, 0, 2, 0, 2, 0, 0, 0, 2, 2, 3, 1, 1, 1, 2, 1]
221.000000	-49454.484229
#[2, 0, 2, 0, 2, 0, 1, 0, 2, 2, 0, 1, 1, 1, 1, 0]
221.000000	-112.771170
#[2, 2, 2, 0, 2, 0, 0, 0, 2, 2, 0, 1, 1, 1, 1, 0]
221.000000	-112.765761
#[2, 0, 2, 0, 2, 0, 0, 2, 2, 2, 0, 1, 1, 1, 1, 0]
231.000000	-177396.600636
#[2, 0, 2, 0, 2, 0, 0, 0, 2, 2, 0, 1, 1, 1, 3, 0]
231.000000	-140496.842154
#[2, 1, 2, 0, 2, 0, 0, 0, 2, 2, 0, 1, 1, 1, 1, 0]
231.000000	-112.794542
#[2, 0, 2, 0, 2, 0, 0, 0, 2, 2, 0, 3, 1, 1, 1, 0]
231.000000	-13448.909716
#[2, 0, 2, 0, 2, 0, 0, 0, 2, 2, 0, 1, 1, 2, 1, 0]
231.000000	-11498.566228
#[2, 0, 2, 0, 2, 0, 0, 0, 2, 2, 3, 1, 1, 1, 1, 0]
231.000000	-58763.843125
#[2, 0, 2, 0, 2, 1, 0, 0, 2, 2, 0, 1, 1, 2, 1, 0]
231.000000	-9362.423951
#[2, 0, 2, 0, 3, 0, 0, 0, 2, 2, 0, 1, 1, 1, 1, 0]
231.000000	-1556.037484
#[0, 0, 2, 0, 3, 0, 0, 0, 3, 2, 0, 1, 1, 1, 1, 0]
231.000000	-2309.056751
#[2, 0, 2, 0, 2, 0, 0, 0, 3, 2, 3, 1, 1, 1, 1, 0]
231.000000	-60119.399837
#[2, 2, 2, 0, 2, 0, 0, 0, 2, 2, 0, 1, 1, 0, 1, 0]
241.000000	-3234.378290
#[2, 0, 2, 1, 2, 0, 0, 2, 2, 1, 0, 1, 1, 1, 1, 0]
241.000000	-3987.453816
#[2, 0, 2, 0, 1, 0, 0, 0, 2, 2, 0, 1, 1, 1, 1, 0]
241.000000	-112.784638
#[2, 0, 2, 0, 0, 0, 0, 0, 2, 2, 0, 1, 1, 1, 1, 0]
241.000000	-114.007775
#[2, 0, 2, 0, 2, 0, 0, 0, 1, 2, 0, 1, 1, 1, 1, 0]
241.000000	-112.768641
#[2, 0, 2, 0, 2, 0, 0, 0, 2, 0, 0, 1, 1, 1, 1, 0]
241.000000	-112.777990
#[2, 3, 2, 0, 2, 0, 0, 0, 2, 3, 0, 1, 1, 1, 1, 0]
241.000000	-42257.683706
#[2, 0, 2, 0, 2, 0, 0, 0, 2, 2, 0, 1, 2, 1, 2, 0]
241.000000	-94108.306519
#[2, 0, 2, 0, 2, 0, 0, 0, 2, 2, 2, 1, 1, 1, 1, 1]
241.000000	-5419.230598
#[2, 0, 2, 0, 2, 0, 0, 3, 2, 2, 0, 1, 1, 1, 1, 0]
241.000000	-17948.529473
#[3, 0, 2, 0, 2, 0, 0, 0, 2, 2, 0, 1, 1, 1, 1, 0]
251.000000	-137.775421
#[2, 0, 2, 0, 2, 0, 0, 0, 2, 2, 0, 1, 1, 1, 0, 0]
251.000000	-112.775835
#[2, 0, 2, 0, 3, 0, 0, 0, 2, 2, 0, 0, 1, 1, 1, 0]
251.000000	-200.276414
#[2, 0, 2, 0, 1, 2, 0, 0, 2, 2, 0, 1, 1, 1, 1, 0]
251.000000	-112.765404
#[2, 0, 2, 0, 2, 0, 0, 0, 2, 2, 1, 1, 1, 1, 1, 3]
251.000000	-2602.981352
#[2, 1, 2, 0, 2, 0, 0, 0, 2, 1, 0, 1, 1, 1, 0, 0]
251.000000	-112.825591
#[2, 0, 2, 0, 1, 0, 0, 0, 2, 2, 0, 1, 1, 1, 2, 0]
251.000000	-89040.009364
#[1, 3, 2, 0, 2, 2, 0, 0, 2, 2, 0, 1, 1, 1, 3, 0]
251.000000	-140375.239208
#[2, 0, 2, 0, 2, 0, 0, 0, 2, 2, 0, 2, 1, 1, 1, 0]
251.000000	-2348.866019
#[2, 0, 2, 0, 2, 0, 0, 0, 2, 2, 0, 1, 1, 1, 1, 3]
251.000000	-2602.967196
#[2, 0, 2, 0, 1, 2, 0, 0, 2, 0, 0, 1, 1, 1, 1, 0]
261.000000	-112.778164
#[2, 1, 2, 0, 1, 2, 0, 0, 2, 2, 0, 1, 1, 1, 1, 0]
261.000000	-112.817524
#[2, 0, 2, 0, 1, 2, 0, 1, 2, 2, 0, 1, 1, 1, 1, 1]
261.000000	-669.401324
#[2, 0, 0, 0, 1, 2, 0, 0, 2, 2, 0, 1, 1, 1, 1, 0]
261.000000	-112.765412
#[2, 0, 2, 0, 1, 2, 0, 0, 2, 2, 0, 1, 1, 1, 1, 3]
261.000000	-2602.966883
#[2, 0, 2, 0, 1, 2, 0, 0, 2, 2, 0, 1, 1, 1, 1, 1]
261.000000	-112.796217
#[2, 0, 2, 0, 1, 2, 0, 0, 2, 2, 0, 0, 1, 2, 1, 0]
261.000000	-11724.971352
#[2, 0, 2, 0, 1, 2, 0, 0, 2, 2, 0, 1, 2, 1, 1, 0]
261.000000	-112.806660
#[2, 0, 2, 0, 1, 2, 0, 0, 2, 2, 2, 1, 1, 1, 1, 0]
261.000000	-5302.035169
#[2, 0, 2, 0, 1, 2, 0, 0, 2, 2, 0, 1, 1, 2, 1, 0]
261.000000	-11724.659552
#[2, 0, 2, 0, 1, 2, 0, 0, 2, 2, 0, 1, 3, 1, 1, 0]
271.000000	-112.999447
#[2, 0, 2, 0, 1, 2, 0, 0, 2, 2, 3, 1, 1, 1, 1, 0]
271.000000	-62765.302914
#[2, 2, 2, 0, 1, 2, 3, 0, 2, 2, 0, 1, 1, 1, 1, 0]
271.000000	-6069.530518
#[2, 0, 2, 0, 1, 2, 0, 0, 2, 2, 0, 2, 1, 1, 1, 0]
271.000000	-2336.137755
#[2, 0, 1, 0, 1, 2, 0, 0, 2, 2, 0, 1, 1, 1, 1, 0]
271.000000	-115.716221
#[2, 0, 2, 0, 1, 2, 0, 0, 2, 2, 0, 2, 1, 1, 3, 0]
271.000000	-139735.509547
#[2, 0, 2, 0, 1, 2, 0, 0, 2, 2, 1, 3, 1, 1, 1, 0]
271.000000	-23026.644025
#[2, 0, 2, 0, 1, 2, 0, 0, 2, 2, 3, 1, 1, 1, 1, 3]
271.000000	-281923.099922
#[2, 0, 2, 0, 2, 2, 0, 0, 2, 2, 1, 1, 1, 1, 1, 0]
271.000000	-112.772672
#[2, 0, 2, 0, 1, 2, 0, 0, 2, 2, 0, 1, 1, 0, 1, 0]
271.000000	-3233.002985
#[2, 0, 2, 0, 1, 2, 0, 0, 2, 1, 0, 1, 1, 1, 1, 0]
281.000000	-112.778177
#[0, 0, 2, 0, 2, 2, 0, 0, 2, 2, 0, 1, 1, 1, 1, 0]
281.000000	-112.891999
#[2, 0, 2, 0, 1, 2, 0, 0, 1, 2, 0, 1, 1, 1, 1, 0]
281.000000	-112.765408
#[2, 0, 2, 0, 0, 2, 0, 0, 2, 2, 0, 1, 1, 1, 1, 0]
281.000000	-112.817512
#[0, 0, 2, 0, 0, 2, 0, 0, 2, 2, 0, 1, 1, 1, 1, 2]
281.000000	-1989.879083
#[1, 0, 2, 0, 1, 2, 0, 0, 2, 2, 0, 1, 3, 1, 1, 0]
281.000000	-156.549612
#[2, 0, 2, 1, 1, 2, 0, 0, 2, 2, 0, 1, 1, 1, 1, 0]
281.000000	-3214.628342
#[2, 0, 0, 2, 1, 2, 0, 0, 2, 2, 0, 1, 1, 1, 1, 0]
281.000000	-112.793527
#[2, 0, 2, 0, 1, 2, 3, 0, 2, 2, 1, 1, 3, 1, 1, 0]
281.000000	-57605.075960
#[2, 0, 2, 0, 1, 2, 0, 0, 2, 2, 0, 1, 1, 3, 1, 0]
281.000000	-53199.480309
#[2, 0, 2, 1, 0, 2, 0, 0, 2, 2, 0, 1, 1, 1, 1, 0]
291.000000	-1755.610269
#[3, 0, 2, 0, 1, 2, 0, 0, 2, 2, 0, 1, 1, 1, 1, 0]
291.000000	-157.357410
#[1, 0, 2, 0, 1, 2, 0, 0, 0, 2, 0, 1, 1, 1, 1, 0]
291.000000	-156.871925
#[2, 0, 2, 3, 1, 2, 0, 0, 2, 2, 0, 1, 1, 1, 1, 0]
291.000000	-116.916231
#[2, 0, 2, 0, 1, 2, 0, 0, 2, 2, 0, 1, 0, 1, 1, 0]
291.000000	-1662.308296
#[1, 0, 2, 0, 1, 0, 0, 0, 2, 2, 0, 1, 1, 1, 1, 0]
291.000000	-160.188519
#[2, 0, 2, 0, 1, 2, 0, 0, 2, 2, 0, 0, 1, 1, 1, 1]
291.000000	-112.767762
#[2, 0, 2, 0, 1, 2, 0, 0, 0, 2, 0, 1, 1, 1, 1, 0]
291.000000	-115.772139
#[2, 0, 2, 0, 1, 2, 2, 0, 2, 2, 0, 1, 1, 1, 1, 0]
291.000000	-112.764995
#[3, 0, 3, 0, 1, 2, 0, 0, 2, 2, 0, 1, 1, 1, 1, 0]
291.000000	-176.021849
#[2, 0, 2, 0, 1, 2, 2, 0, 2, 2, 0, 1, 1, 1, 1, 2]
301.000000	-2486.980973
#[2, 0, 2, 0, 1, 2, 2, 1, 3, 2, 0, 0, 1, 1, 1, 0]
301.000000	-131.395515
#[2, 0, 2, 0, 1, 2, 2, 2, 2, 2, 0, 1, 1, 1, 1, 0]
301.000000	-180567.447300
#[2, 0, 2, 1, 1, 2, 2, 0, 2, 2, 0, 1, 1, 1, 1, 0]
301.000000	-3216.102506
#[2, 0, 2, 0, 1, 2, 2, 0, 2, 2, 0, 2, 1, 1, 1, 0]
301.000000	-2345.585756
#[2, 0, 2, 0, 1, 2, 2, 0, 2, 2, 0, 1, 0, 1, 1, 0]
301.000000	-1662.307877
#[3, 0, 2, 0, 1, 2, 2, 0, 2, 2, 1, 1, 1, 1, 1, 0]
301.000000	-157.372140
#[2, 0, 2, 0, 1, 2, 2, 0, 2, 2, 0, 1, 1, 1, 0, 0]
301.000000	-112.776102
#[2, 1, 2, 0, 1, 2, 2, 0, 2, 2, 0, 1, 1, 1, 1, 0]
301.000000	-112.817108
#[2, 0, 2, 0, 1, 2, 2, 0, 2, 0, 0, 1, 1, 1, 2, 0]
301.000000	-4837.577363
#[2, 0, 2, 0, 1, 2, 2, 0, 2, 2, 0, 1, 1, 1, 1, 1]
311.000000	-112.795808
#[1, 0, 2, 0, 1, 2, 2, 0, 2, 2, 0, 1, 1, 1, 1, 0]
311.000000	-156.425806
#[3, 0, 2, 0, 1, 2, 2, 0, 2, 2, 0, 1, 1, 1, 1, 0]
311.000000	-157.330492
#[2, 0, 2, 2, 1, 2, 2, 0, 2, 2, 0, 1, 1, 1, 1, 0]
311.000000	-112.847995
#[2, 0, 2, 0, 1, 2, 2, 0, 2, 2, 0, 1, 1, 1, 2, 0]
311.000000	-93505.084865
#[2, 0, 2, 0, 1, 2, 2, 0, 2, 2, 0, 1, 1, 2, 1, 0]
311.000000	-11545.660386
#[2, 0, 2, 0, 1, 2, 2, 0, 2, 2, 3, 1, 2, 1, 1, 3]
311.000000	-282078.163573
#[2, 0, 2, 0, 1, 2, 2, 0, 2, 2, 0, 0, 1, 1, 1, 0]
311.000000	-112.753504
#[2, 0, 2, 0, 1, 1, 2, 0, 3, 2, 0, 1, 1, 1, 1, 0]
311.000000	-112.874359
#[2, 0, 2, 0, 1, 2, 2, 0, 1, 2, 0, 1, 1, 3, 1, 0]
311.000000	-52552.773996
#[3, 0, 2, 0, 1, 2, 2, 0, 2, 2, 0, 0, 1, 1, 1, 0]
321.000000	-154.993386
#[2, 0, 2, 0, 1, 2, 2, 0, 2, 2, 0, 3, 3, 1, 1, 0]
321.000000	-13434.452644
#[2, 0, 2, 0, 1, 2, 2, 0, 2, 2, 0, 3, 1, 1, 1, 0]
321.000000	-13429.390655
#[2, 0, 2, 0, 0, 2, 2, 0, 2, 2, 0, 0, 1, 1, 1, 0]
321.000000	-112.805625
#[2, 0, 2, 2, 1, 2, 2, 0, 2, 2, 0, 0, 1, 1, 1, 0]
321.000000	-112.835053
#[2, 0, 2, 0, 1, 2, 2, 3, 2, 2, 0, 0, 1, 1, 1, 0]
321.000000	-191.822301
#[2, 0, 2, 0, 1, 2, 2, 0, 2, 2, 3, 0, 1, 1, 1, 0]
321.000000	-69404.525892
#[2, 2, 2, 0, 1, 2, 2, 0, 2, 2, 1, 0, 1, 1, 1, 0]
321.000000	-112.753250
#[2, 0, 2, 0, 1, 2, 2, 0, 2, 2, 0, 0, 1, 1, 1, 1]
321.000000	-112.767757
#[2, 0, 3, 0, 1, 2, 2, 0, 2, 2, 0, 0, 1, 1, 1, 3]
321.000000	-13700.358612
#[2, 1, 2, 0, 1, 2, 2, 0, 2, 2, 1, 0, 1, 1, 1, 0]
331.000000	-112.805625
#[2, 2, 2, 3, 1, 2, 2, 0, 2, 2, 1, 0, 1, 1, 1, 0]
331.000000	-172.902235
#[2, 2, 2, 0, 1, 2, 2, 0, 2, 2, 1, 3, 1, 1, 1, 0]
331.000000	-55868.975792
#[2, 2, 2, 0, 1, 2, 2, 0, 2, 2, 1, 2, 1, 1, 1, 0]
331.000000	-13450.587022
#[2, 2, 3, 0, 1, 2, 2, 0, 2, 2, 1, 0, 1, 1, 1, 0]
331.000000	-194.415403
#[2, 2, 2, 0, 1, 2, 2, 0, 2, 3, 1, 0, 1, 1, 1, 0]
331.000000	-155.749255
#[2, 2, 1, 0, 1, 2, 2, 0, 2, 2, 1, 0, 1, 2, 1, 0]
331.000000	-130.158391
#[2, 0, 2, 0, 1, 2, 2, 0, 2, 2, 1, 0, 1, 1, 1, 0]
331.000000	-112.753504
#[2, 2, 2, 0, 1, 2, 2, 0, 2, 2, 1, 0, 2, 1, 1, 3]
331.000000	-2804.557590
#[2, 2, 2, 0, 0, 2, 2, 1, 2, 2, 1, 0, 1, 1, 1, 0]
331.000000	-6457.672314
#[2, 2, 2, 0, 1, 1, 2, 0, 2, 2, 1, 0, 1, 3, 1, 0]
341.000000	-113.038170
#[2, 2, 2, 0, 1, 1, 2, 0, 2, 0, 1, 0, 1, 1, 1, 0]
341.000000	-112.753271
#[2, 2, 2, 0, 1, 2, 0, 0, 2, 2, 1, 3, 1, 1, 1, 0]
341.000000	-23153.233413
#[0, 2, 2, 0, 1, 2, 2, 0, 2, 2, 1, 0, 1, 1, 1, 0]
341.000000	-155.090048
#[2, 0, 2, 0, 0, 2, 2, 0, 0, 2, 1, 0, 1, 1, 1, 0]
341.000000	-151.522037
#[2, 2, 2, 0, 1, 2, 1, 0, 2, 2, 1, 0, 1, 1, 1, 0]
341.000000	-112.766516
#[2, 2, 1, 0, 1, 2, 2, 0, 2, 2, 1, 0, 1, 1, 1, 0]
341.000000	-129.990407
#[2, 1, 3, 0, 1, 2, 2, 0, 2, 2, 1, 0, 1, 1, 1, 0]
341.000000	-322.906552
#[2, 1, 2, 0, 1, 2, 2, 0, 2, 2, 1, 0, 1, 1, 2, 0]
341.000000	-89600.843628
#[1, 2, 2, 0, 1, 2, 2, 0, 2, 2, 0, 0, 1, 1, 1, 0]
341.000000	-112.888517
#[3, 2, 2, 0, 1, 2, 2, 0, 2, 2, 1, 0, 1, 1, 1, 0]
351.000000	-136.964090
#[2, 0, 1, 0, 1, 2, 2, 0, 2, 2, 1, 2, 1, 1, 1, 0]
351.000000	-12521.673754
#[2, 2, 0, 0, 1, 2, 2, 0, 2, 3, 1, 0, 1, 1, 1, 0]
351.000000	-187.033166
#[2, 2, 2, 0, 1, 2, 2, 0, 2, 2, 1, 0, 1, 1, 1, 3]
351.000000	-2803.958400
#[2, 2, 2, 1, 1, 2, 2, 0, 2, 2, 1, 0, 1, 1, 1, 0]
351.000000	-27912.369257
#[2, 2, 2, 0, 1, 2, 2, 0, 3, 2, 0, 0, 1, 1, 1, 0]
351.000000	-112.859685
#[2, 2, 2, 0, 1, 2, 2, 0, 2, 2, 1, 0, 1, 1, 0, 1]
351.000000	-112.772831
#[2, 2, 2, 0, 1, 2, 2, 0, 1, 3, 1, 0, 1, 1, 1, 0]
351.000000	-153.783374
#[2, 2, 0, 0, 1, 2, 2, 0, 2, 2, 1, 0, 1, 1, 1, 0]
351.000000	-112.753246
#[2, 2, 2, 0, 1, 2, 2, 0, 2, 2, 1, 0, 1, 0, 1, 0]
351.000000	-112.885311
#[2, 2, 0, 0, 1, 2, 2, 1, 2, 2, 1, 0, 1, 1, 1, 0]
361.000000	-5228.833120
#[2, 2, 0, 0, 1, 2, 2, 0, 2, 2, 1, 0, 3, 1, 1, 0]
361.000000	-112.874485
#[2, 2, 0, 0, 1, 2, 2, 0, 2, 2, 1, 0, 0, 1, 1, 0]
361.000000	-932.038694
#[2, 2, 0, 0, 1, 2, 0, 0, 2, 2, 1, 0, 1, 1, 1, 0]
361.000000	-112.760976
#[0, 2, 0, 0, 1, 2, 2, 0, 2, 2, 1, 0, 1, 1, 1, 0]
361.000000	-155.090049
#[2, 2, 0, 0, 1, 2, 3, 0, 2, 2, 1, 0, 1, 1, 1, 0]
361.000000	-55088.843862
#[2, 2, 0, 0, 3, 2, 2, 2, 2, 2, 1, 0, 1, 1, 1, 0]
361.000000	-23166.526181
#[2, 2, 0, 0, 1, 2, 2, 0, 2, 0, 1, 0, 1, 1, 1, 0]
361.000000	-112.753538
#[2, 2, 0, 0, 1, 2, 2, 0, 2, 2, 1, 0, 1, 1, 0, 0]
361.000000	-112.767264
#[2, 2, 0, 0, 0, 2, 2, 0, 2, 2, 1, 0, 1, 1, 1, 0]
361.000000	-112.782212
#[2, 2, 0, 0, 1, 2, 2, 0, 2, 2, 1, 0, 1, 1, 1, 3]
371.000000	-2803.958396
#[2, 2, 0, 0, 1, 2, 2, 0, 2, 2, 1, 1, 1, 1, 1, 1]
371.000000	-112.795652
#[3, 2, 3, 0, 1, 2, 2, 0, 2, 2, 1, 0, 0, 2, 1, 0]
371.000000	-3466.268404
#[2, 2, 0, 0, 1, 2, 2, 0, 2, 2, 0, 0, 1, 1, 1, 0]
371.000000	-112.753241
#[2, 2, 0, 0, 2, 2, 2, 0, 2, 2, 1, 0, 1, 1, 1, 0]
371.000000	-112.753238
#[2, 2, 0, 0, 1, 2, 2, 0, 2, 2, 1, 0, 1, 1, 2, 0]
371.000000	-89951.061782
#[2, 0, 1, 0, 0, 2, 2, 0, 2, 2, 1, 0, 1, 1, 1, 0]
371.000000	-113.434113
#[2, 2, 0, 0, 0, 2, 2, 0, 2, 2, 3, 0, 1, 1, 1, 0]
371.000000	-69764.702091
#[2, 2, 0, 3, 1, 2, 2, 0, 2, 2, 1, 2, 1, 1, 1, 0]
371.000000	-13447.256172
#[2, 2, 0, 0, 3, 2, 2, 0, 2, 2, 1, 0, 1, 1, 1, 0]
371.000000	-147.365263
#[2, 2, 0, 0, 2, 2, 2, 0, 2, 1, 1, 0, 1, 1, 1, 0]
381.000000	-112.753238
#[2, 1, 0, 0, 2, 3, 1, 0, 2, 2, 1, 0, 1, 1, 1, 0]
381.000000	-205.226404
#[2, 2, 0, 1, 2, 2, 2, 0, 2, 2, 1, 0, 0, 1, 1, 0]
381.000000	-10200.474338
#[1, 2, 0, 0, 2, 3, 2, 2, 2, 2, 1, 0, 1, 1, 1, 0]
381.000000	-23186.456938
#[2, 0, 0, 0, 2, 2, 2, 0, 2, 2, 1, 0, 1, 1, 1, 0]
381.000000	-112.753242
#[2, 2, 0, 0, 2, 2, 2, 0, 2, 2, 1, 0, 1, 0, 1, 0]
381.000000	-116.541230
#[2, 2, 2, 0, 2, 2, 2, 0, 2, 2, 1, 0, 1, 1, 1, 0]
381.000000	-112.753240
#[2, 2, 0, 0, 2, 2, 2, 3, 2, 2, 1, 0, 1, 1, 1, 0]
381.000000	-78646.326757
#[2, 2, 0, 0, 2, 2, 2, 0, 2, 2, 1, 0, 3, 1, 1, 0]
381.000000	-133.285533
#[0, 2, 0, 0, 2, 2, 2, 0, 2, 2, 1, 0, 1, 1, 1, 0]
381.000000	-112.883724
#[2, 2, 0, 0, 2, 2, 3, 0, 2, 1, 1, 0, 1, 1, 1, 0]
391.000000	-55131.863489
#[2, 2, 0, 0, 2, 2, 2, 0, 2, 1, 1, 2, 1, 1, 1, 0]
391.000000	-13448.939429
#[2, 2, 0, 0, 2, 2, 2, 0, 2, 1, 1, 0, 3, 1, 1, 0]
391.000000	-133.285532
#[2, 2, 0, 0, 2, 2, 2, 3, 2, 1, 1, 0, 1, 1, 1, 0]
391.000000	-78652.064894
#[2, 2, 0, 0, 2, 2, 1, 0, 2, 1, 1, 0, 1, 1, 1, 0]
391.000000	-112.774265
#[2, 2, 1, 0, 2, 2, 2, 0, 2, 1, 1, 0, 1, 1, 1, 0]
391.000000	-123.220840
#[1, 1, 0, 0, 2, 2, 2, 0, 2, 1, 1, 2, 1, 1, 1, 2]
391.000000	-24932.390597
#[2, 2, 0, 0, 2, 2, 2, 0, 2, 1, 1, 0, 1, 1, 3, 0]
391.000000	-136667.296814
#[2, 2, 0, 0, 2, 2, 2, 0, 2, 1, 1, 0, 1, 1, 1, 2]
391.000000	-2719.551270
#[2, 2, 0, 0, 2, 2, 2, 0, 2, 1, 1, 0, 1, 2, 0, 0]
391.000000	-89074.114965
#[2, 2, 0, 0, 2, 2, 2, 0, 2, 1, 1, 0, 1, 1, 0, 0]
401.000000	-112.767655
#[2, 2, 0, 0, 2, 1, 2, 0, 2, 1, 1, 0, 1, 0, 1, 0]
401.000000	-112.757878
#[2, 2, 0, 0, 2, 2, 2, 0, 2, 1, 1, 0, 0, 1, 1, 0]
401.000000	-9549.981019
#[2, 2, 0, 0, 2, 2, 2, 0, 0, 1, 1, 0, 1, 1, 1, 1]
401.000000	-123.212790
#[2, 2, 0, 0, 2, 2, 2, 0, 2, 1, 1, 3, 1, 1, 1, 0]
401.000000	-55860.143277
#[2, 2, 0, 0, 0, 2, 2, 0, 2, 1, 1, 0, 1, 1, 1, 0]
401.000000	-112.782216
#[2, 2, 0, 0, 2, 2, 2, 0, 2, 1, 1, 0, 1, 1, 2, 0]
401.000000	-89690.307474
#[2, 2, 0, 0, 2, 2, 2, 0, 2, 0, 1, 0, 1, 1, 1, 0]
401.000000	-112.753708
#[2, 2, 0, 0, 3, 2, 2, 0, 2, 1, 1, 0, 1, 1, 1, 0]
401.000000	-147.109034
#[2, 1, 0, 0, 2, 2, 2, 0, 2, 1, 1, 0, 1, 1, 1, 0]
401.000000	-133.366807
#[2, 2, 0, 0, 2, 2, 2, 0, 3, 1, 3, 0, 1, 1, 1, 0]
411.000000	-69824.006188
#[3, 2, 0, 0, 2, 2, 2, 0, 2, 1, 1, 0, 1, 1, 1, 0]
411.000000	-127.672011
#[2, 2, 0, 0, 2, 2, 2, 0, 2, 1, 2, 0, 1, 1, 1, 0]
411.000000	-112.739975
#[2, 2, 0, 2, 2, 2, 2, 0, 2, 1, 1, 0, 1, 1, 1, 0]
411.000000	-112.780903
#[2, 2, 0, 0, 3, 2, 2, 0, 2, 1, 1, 0, 1, 1, 1, 1]
411.000000	-150.675956
#[2, 2, 0, 0, 2, 2, 2, 0, 0, 1, 1, 0, 1, 1, 1, 0]
411.000000	-123.198538
#[2, 2, 2, 0, 2, 2, 2, 0, 2, 1, 1, 0, 1, 1, 0, 0]
411.000000	-112.767654
#[2, 2, 0, 0, 2, 2, 2, 3, 2, 1, 1, 0, 1, 1, 3, 0]
411.000000	-141086.553377
#[2, 2, 0, 1, 2, 2, 2, 3, 2, 1, 1, 0, 1, 1, 1, 2]
411.000000	-283236.586355
#[0, 2, 0, 0, 2, 2, 2, 0, 2, 1, 1, 0, 1, 1, 1, 0]
411.000000	-112.883760
#[2, 2, 1, 0, 2, 2, 2, 0, 1, 1, 2, 0, 1, 1, 1, 0]
421.000000	-123.210503
#[2, 2, 0, 0, 2, 2, 2, 0, 2, 1, 2, 0, 3, 1, 1, 0]
421.000000	-133.272271
#[2, 2, 0, 1, 2, 2, 2, 0, 2, 1, 2, 0, 1, 2, 1, 0]
421.000000	-760.115178
#[2, 0, 0, 0, 2, 2, 2, 0, 2, 1, 2, 0, 1, 1, 1, 0]
421.000000	-112.739995
#[2, 2, 0, 0, 2, 2, 2, 0, 2, 1, 2, 0, 1, 1, 3, 0]
421.000000	-141094.683894
#[2, 2, 0, 0, 2, 2, 2, 0, 2, 1, 2, 0, 1, 1, 0, 0]
421.000000	-3397.335673
#[2, 1, 0, 0, 2, 2, 2, 3, 2, 1, 2, 0, 1, 1, 1, 0]
421.000000	-214.404695
#[2, 2, 0, 0, 2, 2, 2, 0, 3, 1, 2, 0, 1, 1, 1, 0]
421.000000	-142.021887
#[2, 2, 0, 0, 2, 2, 0, 0, 2, 1, 2, 0, 1, 1, 1, 0]
421.000000	-112.740202
#[2, 2, 0, 0, 2, 2, 2, 0, 2, 0, 2, 3, 1, 1, 1, 0]
421.000000	-90614.764308
#[2, 2, 0, 0, 2, 2, 2, 3, 2, 1, 2, 0, 1, 2, 1, 0]
431.000000	-260.506786
#[2, 2, 3, 0, 2, 2, 2, 0, 2, 0, 2, 0, 1, 0, 1, 0]
431.000000	-159.247294
#[2, 3, 0, 0, 2, 2, 2, 0, 2, 1, 2, 0, 0, 1, 1, 0]
431.000000	-9605.425779
#[2, 2, 0, 0, 2, 2, 2, 2, 2, 1, 2, 0, 3, 1, 1, 0]
431.000000	-158.376294
#[2, 2, 0, 3, 2, 3, 2, 0, 2, 1, 0, 0, 1, 1, 1, 0]
431.000000	-28479.708156
#[3, 2, 0, 0, 2, 2, 2, 0, 2, 1, 2, 0, 1, 0, 1, 0]
431.000000	-128.312274
#[2, 2, 0, 0, 2, 2, 2, 0, 2, 1, 2, 0, 0, 1, 1, 2]
431.000000	-263502.261482
#[2, 2, 0, 3, 2, 2, 2, 0, 2, 1, 2, 0, 1, 1, 3, 0]
431.000000	-141096.451560
#[3, 2, 0, 0, 2, 2, 2, 0, 2, 1, 2, 0, 1, 1, 1, 0]
431.000000	-127.658753
#[1, 2, 0, 0, 2, 2, 2, 0, 0, 1, 2, 0, 1, 1, 3, 0]
431.000000	-138002.714159
#[2, 2, 0, 0, 3, 2, 2, 0, 2, 1, 2, 0, 1, 1, 1, 0]
441.000000	-147.262472
#[1, 2, 0, 0, 2, 2, 2, 0, 2, 1, 2, 0, 1, 1, 1, 0]
441.000000	-112.873328
#[2, 2, 0, 0, 2, 2, 2, 0, 2, 0, 2, 0, 1, 1, 1, 0]
441.000000	-112.740818
#[2, 3, 2, 0, 1, 1, 2, 0, 2, 1, 2, 0, 1, 1, 1, 0]
441.000000	-224.686302
#[2, 3, 0, 0, 2, 2, 2, 0, 2, 1, 2, 0, 1, 1, 1, 0]
441.000000	-164.121195
#[3, 1, 0, 0, 2, 1, 2, 0, 2, 1, 2, 0, 1, 1, 1, 0]
441.000000	-156.546077
#[2, 2, 0, 3, 2, 2, 2, 0, 2, 1, 2, 0, 1, 1, 1, 0]
441.000000	-112.828159
#[2, 2, 0, 0, 2, 2, 2, 0, 2, 1, 2, 1, 1, 1, 1, 0]
441.000000	-6458.051791
#[2, 2, 0, 0, 2, 2, 3, 0, 2, 1, 2, 0, 1, 1, 1, 0]
441.000000	-331.217772
#[2, 2, 0, 0, 0, 2, 2, 0, 2, 1, 2, 3, 3, 1, 1, 0]
441.000000	-93336.170184
