#[0, 0, 3, 0, 1, 3, 3, 2, 2, 1, 1, 2, 1, 0, 1, 2]
1.000000	-4215.777442
#[0, 0, 3, 0, 1, 3, 3, 2, 2, 1, 1, 2, 1, 3, 1, 2]
11.000000	-4217.727470
#[0, 0, 3, 0, 1, 3, 3, 2, 2, 1, 1, 2, 1, 2, 0, 2]
11.000000	-3630.938558
#[0, 0, 3, 3, 1, 3, 3, 2, 2, 1, 3, 2, 1, 0, 1, 2]
11.000000	-4216.804447
#[0, 0, 3, 0, 1, 2, 3, 2, 2, 1, 1, 2, 1, 0, 1, 2]
11.000000	-3985.286853
#[0, 1, 3, 0, 1, 3, 3, 2, 2, 1, 1, 2, 1, 0, 1, 2]
11.000000	-5299.935602
#[0, 2, 3, 0, 1, 3, 3, 2, 2, 1, 1, 2, 1, 0, 1, 2]
11.000000	-5335.454343
#[0, 0, 0, 0, 1, 3, 3, 2, 2, 1, 3, 3, 1, 0, 1, 2]
11.000000	-3783.027157
#[0, 2, 3, 0, 1, 3, 0, 2, 2, 1, 1, 2, 1, 0, 1, 2]
11.000000	-5326.406945
#[0, 0, 3, 0, 0, 3, 3, 2, 2, 1, 1, 2, 1, 0, 1, 2]
11.000000	-47145.494363
#[0, 0, 3, 0, 1, 3, 3, 2, 2, 1, 1, 2, 1, 2, 1, 2]
11.000000	-4217.324398
#[0, 0, 3, 1, 1, 3, 3, 2, 2, 1, 1, 2, 1, 2, 0, 2]
21.000000	-3574.416613
#[0, 0, 3, 0, 1, 3, 3, 2, 2, 1, 1, 2, 1, 0, 0, 2]
21.000000	-4213.333050
#[0, 1, 3, 0, 1, 3, 3, 2, 2, 1, 1, 2, 1, 2, 0, 2]
21.000000	-4715.813714
#[0, 0, 3, 0, 2, 3, 3, 0, 2, 1, 1, 1, 1, 2, 0, 2]
21.000000	-39046.610288
#[0, 3, 3, 0, 1, 3, 3, 2, 2, 1, 2, 0, 1, 2, 0, 2]
21.000000	-3808.890970
#[1, 0, 3, 0, 1, 3, 3, 2, 2, 1, 1, 2, 1, 2, 0, 2]
21.000000	-3813.812723
#[0, 0, 3, 0, 1, 3, 3, 2, 2, 1, 1, 2, 1, 2, 2, 2]
21.000000	-4218.394426
#[0, 0, 3, 0, 1, 3, 3, 2, 3, 1, 1, 2, 1, 2, 0, 3]
21.000000	-3588.043267
#[0, 0, 2, 0, 1, 3, 3, 2, 2, 1, 1, 2, 1, 2, 0, 2]
21.000000	-3482.966823
#[0, 0, 3, 2, 1, 3, 3, 2, 2, 1, 1, 2, 1, 2, 0, 2]
21.000000	-3634.086247
#[0, 0, 2, 0, 1, 2, 3, 2, 2, 1, 1, 2, 1, 2, 0, 3]
31.000000	-3421.018295
#[0, 0, 2, 0, 1, 3, 3, 2, 2, 1, 1, 2, 1, 0, 0, 2]
31.000000	-4063.360617
#[0, 0, 1, 0, 1, 3, 3, 2, 2, 1, 1, 2, 1, 2, 0, 2]
31.000000	-3123.066180
#[0, 0, 2, 0, 1, 3, 3, 2, 2, 1, 1, 2, 0, 2, 0, 2]
31.000000	-3154.938933
#[0, 0, 2, 0, 1, 3, 3, 2, 2, 1, 1, 2, 1, 2, 2, 2]
31.000000	-4068.403210
#[0, 0, 2, 0, 2, 3, 3, 2, 2, 1, 1, 2, 1, 2, 0, 2]
31.000000	-40574.540028
#[0, 0, 2, 0, 1, 3, 3, 2, 2, 1, 0, 2, 1, 2, 0, 2]
31.000000	-3216.779041
#[0, 0, 2, 0, 1, 3, 3, 0, 2, 1, 1, 2, 1, 2, 0, 0]
31.000000	-1354.513662
#[0, 2, 2, 0, 1, 3, 3, 2, 2, 1, 1, 2, 1, 2, 0, 2]
31.000000	-4700.558805
#[0, 0, 2, 0, 1, 1, 3, 2, 2, 1, 1, 2, 1, 3, 0, 2]
31.000000	-2768.113442
#[0, 0, 2, 0, 2, 3, 3, 0, 2, 1, 1, 1, 1, 2, 0, 0]
41.000000	-15750.809587
#[0, 0, 2, 0, 1, 2, 3, 0, 2, 1, 2, 2, 1, 2, 2, 0]
41.000000	-1276.923437
#[0, 0, 2, 0, 1, 3, 3, 0, 1, 1, 1, 1, 1, 2, 0, 0]
41.000000	-1117.670426
#[0, 0, 2, 2, 1, 3, 3, 0, 2, 1, 1, 2, 1, 2, 0, 0]
41.000000	-1354.482270
#[0, 0, 0, 0, 1, 3, 1, 0, 2, 1, 1, 2, 1, 2, 0, 0]
41.000000	-750.748013
#[0, 0, 2, 0, 1, 3, 3, 0, 2, 1, 3, 2, 1, 2, 0, 0]
41.000000	-1355.474904
#[0, 0, 2, 0, 1, 3, 3, 1, 3, 1, 1, 2, 1, 1, 0, 0]
41.000000	-758.137666
#[0, 0, 2, 0, 1, 3, 3, 2, 2, 1, 1, 2, 1, 3, 0, 0]
41.000000	-1655.595803
#[0, 0, 2, 0, 1, 3, 3, 1, 2, 1, 1, 2, 1, 2, 0, 0]
41.000000	-1353.493054
#[0, 0, 3, 0, 1, 3, 3, 0, 2, 1, 1, 2, 1, 2, 1, 0]
41.000000	-895.173030
#[0, 0, 0, 0, 1, 3, 1, 0, 2, 1, 0, 2, 1, 2, 0, 0]
51.000000	-904.938933
#[0, 0, 0, 0, 1, 3, 1, 0, 2, 1, 1, 2, 1, 2, 0, 2]
51.000000	-1693.378969
#[0, 0, 0, 0, 1, 3, 1, 0, 2, 1, 1, 2, 3, 2, 0, 0]
51.000000	-859.041926
#[0, 2, 0, 0, 1, 3, 1, 0, 2, 1, 1, 2, 3, 2, 0, 0]
51.000000	-1775.201141
#[0, 0, 0, 3, 1, 3, 1, 0, 2, 1, 1, 2, 1, 2, 0, 0]
51.000000	-842.230950
#[0, 0, 0, 0, 3, 3, 1, 0, 2, 1, 1, 2, 1, 2, 0, 0]
51.000000	-15731.164636
#[0, 0, 0, 0, 1, 3, 1, 0, 2, 1, 1, 2, 1, 2, 0, 1]
51.000000	-1217.246908
#[0, 1, 0, 0, 1, 3, 1, 0, 2, 1, 1, 2, 1, 2, 0, 0]
51.000000	-732.392617
#[0, 0, 3, 0, 1, 3, 1, 0, 2, 1, 1, 2, 1, 2, 0, 0]
51.000000	-1397.537620
#[0, 0, 0, 0, 1, 0, 1, 0, 2, 1, 1, 2, 1, 2, 0, 1]
51.000000	-496.745855
#[2, 0, 0, 0, 1, 0, 1, 0, 2, 1, 1, 2, 1, 2, 0, 1]
61.000000	-11470.573249
#[0, 0, 0, 0, 1, 0, 1, 0, 2, 1, 1, 3, 1, 2, 0, 1]
61.000000	-567.949697
#[0, 0, 0, 0, 1, 0, 1, 0, 2, 1, 3, 2, 1, 2, 0, 1]
61.000000	-783.653146
#[0, 0, 0, 0, 1, 0, 1, 0, 1, 1, 1, 2, 1, 2, 0, 3]
61.000000	-634.757754
#[0, 0, 0, 0, 1, 0, 1, 0, 2, 1, 1, 2, 1, 2, 0, 0]
61.000000	-351.039562
#[0, 0, 0, 0, 1, 0, 1, 0, 2, 1, 1, 2, 1, 2, 3, 1]
61.000000	-709.316336
#[1, 0, 0, 3, 1, 0, 1, 0, 2, 1, 1, 2, 1, 2, 0, 1]
61.000000	-686.646600
#[0, 0, 0, 0, 1, 0, 1, 0, 2, 1, 0, 2, 1, 2, 1, 1]
61.000000	-472.346056
#[0, 0, 1, 0, 1, 0, 1, 0, 2, 1, 1, 2, 1, 2, 0, 1]
61.000000	-494.013369
#[0, 0, 0, 0, 1, 0, 1, 0, 0, 1, 1, 2, 1, 2, 0, 1]
61.000000	-443.548790
#[0, 0, 0, 0, 1, 0, 1, 0, 2, 1, 1, 2, 0, 2, 0, 0]
71.000000	-559.097212
#[0, 0, 0, 0, 1, 0, 1, 0, 2, 1, 1, 1, 1, 2, 0, 0]
71.000000	-290.872403
#[0, 0, 0, 0, 1, 0, 1, 0, 2, 1, 1, 2, 2, 2, 0, 0]
71.000000	-558.498834
#[0, 0, 0, 0, 1, 0, 1, 0, 2, 2, 1, 3, 1, 2, 0, 0]
71.000000	-663.721849
#[0, 0, 0, 0, 1, 0, 0, 0, 2, 1, 1, 2, 1, 2, 0, 3]
71.000000	-693.553013
#[3, 0, 0, 0, 1, 0, 1, 0, 2, 0, 1, 2, 1, 2, 0, 0]
71.000000	-15696.666132
#[0, 0, 0, 0, 0, 0, 1, 3, 2, 1, 3, 2, 1, 2, 0, 0]
71.000000	-15540.634584
#[0, 0, 0, 0, 1, 0, 1, 0, 0, 1, 1, 2, 1, 2, 0, 0]
71.000000	-298.845981
#[0, 0, 0, 2, 1, 0, 1, 0, 2, 1, 1, 2, 1, 2, 0, 0]
71.000000	-372.879384
#[0, 0, 0, 0, 1, 0, 1, 0, 3, 1, 1, 2, 1, 2, 0, 0]
71.000000	-605.930229
#[0, 0, 0, 0, 1, 0, 1, 0, 2, 1, 0, 1, 1, 2, 0, 0]
81.000000	-326.071613
#[0, 0, 0, 0, 1, 0, 1, 0, 3, 1, 1, 1, 1, 2, 0, 0]
81.000000	-536.479472
#[0, 0, 3, 3, 1, 0, 1, 0, 2, 1, 1, 1, 1, 2, 0, 0]
81.000000	-862.823451
#[0, 0, 0, 0, 1, 0, 1, 0, 2, 1, 1, 1, 3, 2, 0, 0]
81.000000	-501.241873
#[2, 0, 0, 0, 1, 0, 1, 0, 2, 1, 1, 1, 1, 2, 0, 2]
81.000000	-11211.526664
#[0, 1, 0, 0, 1, 0, 1, 0, 2, 1, 1, 1, 1, 2, 0, 0]
81.000000	-290.064260
#[0, 0, 0, 0, 1, 0, 1, 0, 0, 1, 1, 1, 1, 2, 0, 0]
81.000000	-239.435484
#[0, 0, 0, 2, 1, 0, 1, 0, 2, 1, 1, 1, 1, 2, 0, 0]
81.000000	-290.719953
#[0, 0, 0, 3, 1, 0, 1, 0, 2, 1, 1, 1, 1, 2, 0, 0]
81.000000	-334.088897
#[0, 0, 0, 0, 1, 0, 1, 2, 2, 1, 1, 1, 1, 1, 0, 0]
81.000000	-290.453790
#[0, 0, 0, 0, 1, 1, 1, 0, 0, 1, 1, 1, 1, 2, 0, 0]
91.000000	-239.435484
#[0, 0, 0, 0, 1, 0, 1, 0, 0, 1, 1, 1, 2, 2, 0, 0]
91.000000	-596.354880
#[0, 3, 0, 3, 1, 0, 1, 0, 0, 1, 1, 1, 1, 2, 0, 0]
91.000000	-874.874697
#[0, 0, 0, 0, 1, 0, 1, 0, 0, 1, 1, 1, 1, 2, 1, 0]
91.000000	-1.624928
#[0, 0, 0, 0, 1, 0, 1, 2, 0, 1, 1, 1, 1, 2, 0, 0]
91.000000	-474.333288
#[0, 0, 0, 0, 1, 0, 0, 0, 0, 1, 1, 1, 1, 2, 0, 0]
91.000000	-239.435484
#[0, 3, 0, 0, 1, 0, 1, 0, 0, 1, 2, 1, 1, 2, 0, 0]
91.000000	-911.457628
#[0, 0, 0, 2, 1, 0, 1, 0, 1, 1, 1, 1, 1, 2, 0, 0]
91.000000	-239.440288
#[0, 3, 0, 0, 1, 0, 1, 2, 0, 1, 0, 1, 1, 2, 0, 0]
91.000000	-1310.814041
#[0, 0, 0, 0, 1, 0, 3, 0, 0, 1, 1, 1, 1, 2, 0, 0]
91.000000	-573.772904
#[0, 0, 0, 0, 1, 0, 1, 0, 0, 1, 3, 1, 1, 2, 1, 0]
101.000000	-1.796620
#[0, 0, 0, 0, 1, 0, 1, 1, 0, 1, 1, 1, 1, 2, 1, 0]
101.000000	-1.627653
#[0, 0, 0, 3, 0, 0, 2, 0, 0, 1, 1, 1, 1, 2, 3, 0]
101.000000	-378.566406
#[0, 2, 0, 0, 1, 0, 1, 0, 0, 1, 1, 1, 1, 2, 1, 1]
101.000000	-1.627691
#[0, 0, 0, 0, 1, 0, 1, 0, 3, 1, 1, 1, 1, 2, 1, 0]
101.000000	-1.662026
#[0, 0, 0, 0, 1, 0, 1, 0, 0, 2, 1, 1, 1, 2, 1, 0]
101.000000	-1.626578
#[0, 0, 0, 0, 1, 0, 1, 0, 0, 1, 1, 0, 1, 2, 1, 0]
101.000000	-1.623795
#[0, 0, 0, 0, 1, 0, 1, 0, 0, 1, 1, 1, 1, 1, 1, 0]
101.000000	-1.621730
#[0, 0, 0, 0, 0, 0, 1, 0, 0, 1, 1, 1, 1, 2, 1, 0]
101.000000	-1.624928
#[3, 0, 0, 0, 1, 0, 1, 0, 0, 1, 1, 1, 1, 2, 1, 0]
101.000000	-98.084960
#[0, 0, 0, 0, 1, 0, 1, 0, 0, 1, 3, 1, 1, 1, 1, 0]
111.000000	-1.772229
#[0, 0, 0, 0, 1, 0, 1, 0, 0, 1, 1, 1, 1, 1, 1, 1]
111.000000	-1.624493
#[3, 0, 0, 3, 1, 0, 1, 0, 0, 1, 1, 1, 1, 1, 1, 0]
111.000000	-153.239968
#[0, 0, 0, 0, 1, 0, 1, 0, 0, 1, 1, 1, 1, 1, 3, 0]
111.000000	-274.105470
#[0, 0, 0, 0, 1, 0, 1, 0, 0, 1, 1, 1, 1, 1, 1, 3]
111.000000	-352.801966
#[0, 0, 0, 0, 1, 0, 1, 1, 0, 1, 1, 1, 1, 1, 1, 0]
111.000000	-1.624185
#[2, 0, 0, 0, 1, 0, 2, 0, 0, 1, 1, 1, 1, 1, 1, 0]
111.000000	-1.386047
#[0, 0, 0, 0, 1, 0, 1, 0, 0, 1, 2, 1, 1, 0, 1, 0]
111.000000	-1.625990
#[0, 0, 0, 0, 1, 0, 1, 3, 0, 1, 1, 1, 1, 1, 1, 0]
111.000000	-1.778072
#[3, 0, 0, 0, 1, 0, 1, 0, 0, 1, 1, 1, 1, 1, 1, 0]
111.000000	-91.983388
#[2, 0, 0, 0, 1, 0, 2, 0, 0, 1, 1, 1, 0, 1, 1, 0]
121.000000	-14205.275825
#[2, 0, 0, 0, 1, 0, 2, 0, 2, 1, 1, 1, 1, 1, 1, 0]
121.000000	0.686568
#[2, 2, 0, 0, 1, 0, 2, 0, 0, 1, 1, 3, 1, 1, 1, 0]
121.000000	-3817.090019
#[2, 0, 0, 0, 1, 0, 2, 0, 0, 1, 3, 1, 3, 3, 1, 0]
121.000000	-10563.675980
#[2, 0, 1, 0, 1, 0, 2, 0, 0, 1, 1, 1, 1, 1, 1, 0]
121.000000	-1.388918
#[2, 0, 0, 1, 1, 0, 2, 0, 0, 1, 1, 1, 1, 1, 1, 0]
121.000000	-104.832729
#[2, 0, 0, 0, 1, 0, 2, 0, 0, 3, 1, 1, 1, 1, 1, 0]
121.000000	-1.387726
#[2, 0, 3, 0, 1, 0, 2, 0, 0, 1, 1, 1, 1, 1, 1, 0]
121.000000	-1.384442
#[2, 0, 0, 0, 1, 0, 0, 0, 0, 1, 1, 1, 1, 1, 1, 1]
121.000000	-1.478758
#[2, 0, 0, 0, 1, 0, 2, 0, 0, 1, 1, 0, 1, 1, 1, 0]
121.000000	-1.384113
#[2, 0, 0, 1, 1, 0, 2, 0, 2, 1, 1, 1, 1, 1, 1, 0]
131.000000	-102.757868
#[2, 0, 0, 0, 1, 0, 2, 0, 2, 1, 1, 1, 1, 3, 1, 0]
131.000000	-9.888868
#[2, 0, 1, 0, 1, 0, 2, 0, 2, 1, 1, 1, 1, 1, 1, 0]
131.000000	0.685077
#[2, 0, 0, 0, 3, 0, 2, 0, 2, 1, 1, 3, 1, 1, 1, 0]
131.000000	-9278.071943
#[2, 0, 0, 0, 1, 0, 2, 0, 2, 1, 1, 1, 1, 1, 0, 0]
131.000000	0.684720
#[2, 0, 0, 2, 1, 0, 2, 0, 2, 1, 1, 1, 1, 1, 1, 0]
131.000000	0.681878
#[2, 0, 0, 0, 1, 0, 2, 0, 2, 1, 2, 1, 1, 1, 1, 0]
131.000000	-917.094568
#[2, 0, 0, 0, 1, 2, 2, 0, 2, 1, 1, 1, 1, 1, 1, 0]
131.000000	0.686580
#[1, 0, 0, 0, 1, 3, 2, 0, 2, 0, 1, 1, 1, 1, 1, 0]
131.000000	-1.499578
#[2, 0, 0, 0, 1, 0, 2, 0, 2, 0, 1, 1, 1, 1, 1, 0]
131.000000	0.686572
#[2, 0, 0, 0, 0, 2, 2, 0, 2, 1, 1, 0, 1, 1, 1, 0]
141.000000	0.688389
#[2, 0, 0, 0, 1, 2, 2, 0, 2, 0, 1, 1, 1, 2, 1, 0]
141.000000	0.435628
#[2, 0, 0, 1, 1, 2, 2, 0, 2, 1, 1, 1, 0, 1, 1, 0]
141.000000	-360.136034
#[3, 0, 0, 0, 1, 2, 2, 0, 2, 1, 1, 1, 1, 1, 1, 0]
141.000000	0.214067
#[2, 0, 0, 0, 2, 2, 2, 0, 2, 1, 1, 2, 2, 1, 1, 0]
141.000000	-2213.178394
#[2, 0, 0, 0, 1, 2, 3, 0, 2, 1, 1, 1, 1, 1, 1, 0]
141.000000	-9579.973849
#[2, 0, 0, 0, 1, 2, 2, 0, 2, 1, 0, 1, 1, 1, 1, 0]
141.000000	0.686584
#[2, 0, 0, 3, 2, 2, 2, 0, 2, 1, 1, 1, 1, 1, 1, 0]
141.000000	0.671309
#[2, 0, 0, 0, 1, 2, 2, 0, 2, 1, 2, 1, 1, 0, 1, 0]
141.000000	-1045.588659
#[2, 3, 0, 0, 1, 2, 2, 1, 2, 1, 1, 1, 3, 1, 1, 0]
141.000000	-3746.902302
#[2, 0, 0, 0, 0, 2, 2, 0, 1, 3, 1, 0, 1, 1, 1, 0]
151.000000	-1.331799
#[2, 0, 0, 0, 0, 2, 2, 0, 2, 1, 1, 0, 1, 1, 1, 2]
151.000000	-424.917778
#[2, 0, 0, 0, 2, 2, 2, 0, 2, 1, 1, 0, 1, 1, 0, 0]
151.000000	0.686176
#[0, 0, 0, 0, 0, 2, 2, 0, 2, 0, 1, 0, 1, 1, 1, 0]
151.000000	0.690389
#[2, 1, 0, 0, 0, 2, 2, 0, 2, 1, 1, 0, 1, 1, 1, 0]
151.000000	0.639366
#[2, 0, 3, 0, 0, 2, 2, 0, 2, 1, 1, 0, 1, 1, 1, 3]
151.000000	-671.938636
#[2, 0, 0, 0, 0, 2, 2, 0, 2, 1, 1, 0, 1, 0, 1, 0]
151.000000	0.687650
#[2, 0, 0, 0, 0, 2, 3, 0, 2, 1, 1, 0, 1, 1, 1, 0]
151.000000	-9138.256708
#[2, 0, 0, 0, 0, 2, 2, 0, 2, 2, 1, 0, 1, 1, 1, 0]
151.000000	0.688389
#[2, 0, 0, 0, 0, 2, 0, 0, 2, 1, 2, 0, 1, 1, 1, 1]
151.000000	0.686045
#[0, 0, 0, 0, 0, 3, 2, 0, 2, 0, 1, 0, 1, 1, 1, 3]
161.000000	-7097.301320
#[0, 0, 0, 0, 0, 2, 0, 0, 2, 0, 0, 0, 1, 1, 1, 0]
161.000000	0.690359
#[0, 0, 0, 2, 0, 2, 2, 0, 2, 0, 1, 0, 1, 1, 1, 0]
161.000000	0.688259
#[0, 0, 0, 0, 0, 2, 2, 0, 2, 0, 1, 0, 1, 0, 1, 0]
161.000000	0.689715
#[0, 0, 0, 0, 0, 2, 2, 0, 2, 3, 1, 0, 1, 1, 1, 0]
161.000000	-23.562962
#[0, 0, 3, 2, 0, 2, 2, 0, 2, 2, 1, 0, 1, 1, 1, 0]
161.000000	0.671271
#[0, 2, 0, 0, 0, 2, 2, 0, 2, 0, 1, 2, 1, 1, 1, 0]
161.000000	-2093.103703
#[0, 0, 0, 0, 1, 2, 2, 0, 2, 0, 1, 0, 1, 1, 1, 0]
161.000000	-1.448984
#[0, 3, 0, 0, 0, 2, 2, 0, 2, 0, 1, 0, 1, 1, 1, 0]
161.000000	0.650380
#[0, 0, 0, 0, 0, 2, 2, 0, 2, 0, 1, 0, 1, 1, 2, 0]
161.000000	-14100.826071
#[1, 0, 0, 0, 0, 3, 2, 0, 2, 0, 1, 0, 2, 1, 1, 0]
171.000000	-1.482876
#[0, 0, 0, 1, 0, 2, 2, 0, 2, 0, 1, 0, 1, 1, 1, 0]
171.000000	-55.163438
#[0, 0, 0, 0, 0, 2, 2, 0, 0, 1, 1, 0, 1, 1, 1, 1]
171.000000	-1.497519
#[0, 0, 0, 0, 0, 2, 2, 0, 2, 0, 1, 0, 0, 1, 1, 0]
171.000000	-15104.737424
#[0, 0, 0, 0, 0, 1, 2, 0, 2, 0, 1, 0, 1, 1, 1, 0]
171.000000	0.690173
#[0, 1, 0, 0, 0, 2, 2, 0, 2, 0, 1, 0, 1, 1, 1, 0]
171.000000	0.687042
#[0, 0, 0, 0, 0, 2, 2, 0, 2, 0, 1, 0, 1, 1, 1, 1]
171.000000	0.689485
#[0, 0, 0, 0, 0, 2, 2, 0, 2, 0, 3, 0, 1, 1, 1, 0]
171.000000	-11225.990270
#[0, 0, 0, 0, 0, 2, 3, 0, 2, 1, 1, 0, 1, 1, 1, 0]
171.000000	-9131.936986
#[0, 0, 1, 0, 0, 2, 2, 0, 2, 0, 1, 0, 1, 1, 0, 0]
171.000000	0.687593
#[0, 0, 2, 0, 0, 2, 3, 0, 1, 0, 1, 0, 1, 1, 1, 0]
181.000000	-414.493586
#[0, 0, 0, 0, 0, 2, 2, 0, 2, 0, 1, 3, 1, 1, 1, 1]
181.000000	-33334.849830
#[0, 0, 0, 1, 0, 2, 2, 0, 2, 0, 1, 0, 1, 1, 2, 0]
181.000000	-14129.016075
#[0, 0, 0, 0, 3, 2, 2, 0, 2, 0, 1, 0, 1, 1, 1, 0]
181.000000	-2.205381
#[0, 0, 0, 0, 0, 2, 2, 3, 2, 0, 1, 0, 1, 1, 1, 0]
181.000000	-12365.137737
#[0, 0, 0, 0, 1, 2, 2, 0, 0, 0, 1, 0, 1, 3, 1, 0]
181.000000	-1.545141
#[2, 0, 0, 0, 0, 2, 0, 0, 2, 0, 1, 0, 1, 1, 1, 0]
181.000000	0.688357
#[0, 0, 0, 0, 0, 3, 2, 0, 2, 1, 1, 0, 1, 1, 1, 0]
181.000000	-3.510139
#[0, 0, 0, 0, 0, 2, 2, 0, 2, 0, 0, 0, 1, 1, 1, 0]
181.000000	0.690359
#[0, 0, 0, 0, 0, 2, 2, 0, 2, 0, 1, 2, 1, 1, 1, 0]
181.000000	-2090.464409
#[0, 0, 1, 0, 0, 2, 2, 0, 2, 0, 1, 0, 1, 1, 1, 3]
191.000000	-367.859550
#[0, 0, 0, 0, 0, 2, 2, 0, 2, 0, 1, 0, 1, 1, 3, 0]
191.000000	-21501.992884
#[0, 2, 0, 0, 0, 2, 2, 0, 2, 0, 1, 0, 1, 1, 1, 0]
191.000000	0.690400
#[0, 0, 0, 0, 0, 2, 2, 0, 2, 0, 1, 0, 1, 1, 0, 0]
191.000000	0.688445
#[0, 0, 0, 0, 0, 2, 2, 0, 0, 0, 1, 0, 1, 1, 1, 0]
191.000000	-1.538832
#[0, 0, 1, 0, 0, 2, 2, 0, 2, 0, 1, 0, 1, 1, 1, 0]
191.000000	0.689537
#[1, 0, 0, 0, 0, 2, 2, 3, 2, 0, 1, 0, 1, 1, 1, 0]
191.000000	-1201.240014
#[0, 0, 0, 0, 0, 2, 2, 0, 2, 2, 1, 0, 1, 1, 1, 0]
191.000000	0.690390
#[0, 0, 0, 0, 0, 3, 2, 0, 2, 3, 1, 0, 1, 1, 1, 0]
191.000000	-23.623232
#[0, 0, 0, 0, 1, 3, 2, 0, 2, 0, 1, 0, 1, 1, 3, 0]
191.000000	-1831.185870
#[0, 2, 0, 0, 1, 2, 2, 2, 2, 0, 1, 0, 1, 1, 1, 0]
201.000000	-405.268991
#[0, 2, 0, 0, 0, 2, 2, 0, 2, 0, 1, 2, 2, 1, 1, 0]
201.000000	-2222.777643
#[0, 2, 0, 0, 2, 2, 2, 0, 2, 0, 1, 0, 1, 1, 1, 0]
201.000000	0.690569
#[0, 2, 0, 0, 0, 2, 2, 0, 2, 1, 1, 0, 1, 1, 1, 0]
201.000000	0.690401
#[0, 2, 0, 0, 0, 2, 2, 0, 3, 0, 1, 0, 1, 1, 1, 0]
201.000000	-30.265161
#[0, 2, 0, 0, 0, 2, 2, 0, 2, 0, 1, 3, 1, 1, 1, 0]
201.000000	-8782.172607
#[0, 2, 0, 3, 0, 2, 2, 0, 2, 0, 1, 0, 1, 1, 1, 0]
201.000000	0.680617
#[0, 2, 0, 0, 0, 2, 1, 0, 2, 0, 1, 0, 1, 1, 1, 0]
201.000000	0.690367
#[0, 2, 0, 0, 0, 2, 2, 0, 2, 0, 1, 0, 1, 2, 1, 0]
201.000000	-3.329717
#[0, 2, 0, 0, 0, 2, 2, 0, 2, 0, 1, 0, 1, 0, 1, 0]
201.000000	0.689728
#[0, 2, 0, 0, 2, 2, 2, 3, 2, 0, 1, 0, 1, 1, 1, 0]
211.000000	-12429.030865
#[0, 2, 0, 0, 2, 2, 1, 0, 2, 0, 1, 0, 0, 1, 1, 3]
211.000000	-16021.185220
#[0, 2, 0, 0, 2, 2, 2, 0, 1, 0, 1, 0, 1, 1, 1, 0]
211.000000	0.690571
#[0, 2, 2, 0, 2, 2, 2, 0, 2, 0, 1, 0, 1, 1, 1, 0]
211.000000	0.690569
#[0, 2, 0, 0, 2, 2, 2, 0, 2, 0, 1, 0, 1, 1, 0, 0]
211.000000	0.688626
#[0, 2, 0, 2, 3, 2, 2, 0, 2, 0, 3, 0, 1, 1, 1, 0]
211.000000	-11368.004673
#[0, 2, 0, 0, 2, 2, 2, 0, 2, 0, 1, 3, 1, 1, 1, 0]
211.000000	-8816.711035
#[0, 2, 0, 0, 2, 2, 2, 0, 2, 0, 1, 0, 3, 1, 1, 0]
211.000000	-41.903642
#[0, 2, 0, 0, 2, 2, 2, 0, 2, 0, 1, 0, 2, 1, 1, 0]
211.000000	-13.198840
#[0, 2, 0, 0, 2, 2, 3, 0, 2, 0, 1, 0, 1, 1, 2, 0]
211.000000	-15002.113097
#[0, 2, 0, 0, 2, 0, 2, 0, 1, 0, 1, 0, 1, 3, 1, 0]
221.000000	0.671227
#[0, 2, 0, 0, 1, 2, 2, 0, 1, 0, 1, 0, 1, 1, 1, 0]
221.000000	-1.469772
#[0, 2, 1, 0, 2, 2, 2, 0, 1, 0, 1, 0, 1, 1, 1, 0]
221.000000	0.688300
#[0, 3, 0, 0, 2, 2, 2, 0, 1, 0, 1, 0, 1, 1, 1, 0]
221.000000	0.650537
#[0, 2, 0, 0, 2, 2, 2, 0, 1, 0, 1, 2, 1, 1, 1, 0]
221.000000	-2199.852563
#[3, 2, 0, 0, 2, 2, 2, 0, 1, 0, 1, 0, 1, 1, 1, 0]
221.000000	0.500698
#[0, 2, 0, 0, 2, 2, 2, 0, 1, 0, 1, 1, 1, 1, 1, 0]
221.000000	0.689592
#[0, 2, 0, 0, 2, 2, 2, 0, 1, 0, 1, 0, 3, 1, 1, 0]
221.000000	-6.064055
#[0, 2, 0, 2, 2, 2, 2, 0, 1, 0, 1, 0, 1, 1, 1, 0]
221.000000	0.688440
#[0, 2, 1, 0, 1, 2, 2, 0, 1, 0, 1, 0, 1, 1, 1, 1]
221.000000	-1.508199
#[0, 2, 0, 1, 2, 2, 2, 0, 1, 0, 1, 0, 1, 3, 1, 0]
231.000000	-57.198247
#[0, 2, 0, 0, 2, 3, 2, 0, 1, 0, 1, 0, 1, 1, 1, 0]
231.000000	-18.197570
#[0, 2, 0, 0, 2, 0, 2, 0, 1, 0, 1, 0, 1, 1, 1, 0]
231.000000	0.690510
#[0, 1, 3, 0, 2, 2, 2, 0, 1, 0, 1, 0, 1, 1, 1, 0]
231.000000	0.625603
#[0, 2, 0, 0, 2, 2, 2, 3, 1, 0, 1, 2, 1, 1, 1, 0]
231.000000	-14326.283262
#[1, 0, 0, 0, 2, 2, 2, 0, 1, 0, 1, 0, 1, 1, 1, 0]
231.000000	-1.405649
#[0, 2, 0, 0, 2, 2, 3, 0, 1, 2, 1, 0, 1, 1, 1, 0]
231.000000	-9138.189646
#[0, 2, 0, 0, 2, 2, 2, 0, 1, 0, 1, 0, 1, 1, 0, 0]
231.000000	0.688636
#[0, 2, 0, 0, 2, 2, 2, 0, 1, 0, 1, 0, 1, 1, 1, 1]
231.000000	0.689667
#[0, 2, 0, 1, 2, 2, 2, 0, 1, 0, 1, 0, 1, 1, 3, 0]
231.000000	-22637.571591
#[0, 2, 0, 0, 2, 2, 2, 2, 1, 0, 1, 0, 1, 1, 1, 0]
241.000000	-3803.986851
#[0, 2, 0, 0, 2, 2, 2, 0, 3, 2, 1, 0, 1, 1, 1, 0]
241.000000	-9.332157
#[0, 2, 0, 3, 2, 2, 2, 0, 1, 0, 3, 0, 1, 1, 1, 0]
241.000000	-11549.449178
#[2, 2, 1, 0, 2, 2, 2, 3, 1, 0, 1, 0, 1, 1, 1, 0]
241.000000	-10161.871836
#[0, 2, 0, 0, 2, 2, 2, 0, 1, 2, 2, 0, 1, 1, 1, 0]
241.000000	0.690602
#[0, 2, 0, 0, 2, 2, 2, 0, 1, 0, 1, 0, 1, 0, 1, 0]
241.000000	0.689926
#[0, 2, 0, 0, 2, 2, 2, 0, 1, 0, 1, 0, 1, 1, 3, 0]
241.000000	-22620.320652
#[1, 2, 0, 0, 2, 2, 2, 0, 1, 0, 1, 0, 1, 1, 1, 0]
241.000000	0.690106
#[0, 2, 0, 2, 2, 2, 2, 0, 1, 0, 1, 0, 1, 3, 2, 0]
241.000000	-14955.220583
#[0, 2, 0, 0, 2, 1, 2, 0, 1, 0, 1, 0, 1, 1, 1, 0]
241.000000	0.690570
#[0, 2, 2, 0, 2, 2, 2, 0, 1, 2, 2, 1, 1, 1, 1, 0]
251.000000	-1050.850212
#[0, 2, 0, 0, 2, 2, 2, 0, 1, 2, 3, 0, 1, 1, 1, 0]
251.000000	-11592.729646
#[0, 2, 0, 0, 2, 2, 2, 3, 1, 2, 2, 0, 1, 1, 1, 0]
251.000000	-1.654940
#[0, 2, 0, 0, 2, 2, 2, 0, 1, 2, 2, 0, 1, 2, 1, 0]
251.000000	0.610068
#[0, 3, 0, 3, 2, 2, 3, 0, 1, 2, 2, 0, 1, 1, 1, 0]
251.000000	-5.693871
#[1, 2, 0, 0, 2, 2, 2, 3, 1, 2, 2, 0, 1, 3, 1, 0]
251.000000	-13.659111
#[0, 3, 0, 0, 2, 2, 2, 0, 1, 2, 2, 0, 1, 1, 1, 0]
251.000000	0.650379
#[0, 2, 0, 0, 2, 2, 2, 0, 1, 2, 1, 0, 1, 1, 1, 0]
251.000000	0.690571
#[0, 2, 0, 0, 2, 2, 2, 0, 1, 2, 2, 0, 1, 1, 1, 3]
251.000000	-47032.455004
#[0, 2, 3, 0, 2, 2, 2, 2, 1, 2, 2, 0, 0, 1, 1, 0]
251.000000	-73.050318
#[0, 2, 0, 0, 2, 2, 2, 0, 1, 2, 0, 0, 1, 1, 1, 0]
261.000000	0.690571
#[0, 2, 0, 0, 2, 2, 2, 0, 0, 2, 2, 0, 1, 0, 1, 0]
261.000000	-1.205027
#[0, 2, 0, 0, 2, 2, 3, 0, 1, 2, 2, 0, 1, 3, 1, 0]
261.000000	-17.311089
#[0, 2, 1, 0, 2, 2, 2, 0, 1, 2, 2, 0, 1, 1, 1, 0]
261.000000	0.688331
#[0, 2, 0, 0, 1, 2, 2, 0, 1, 2, 2, 0, 1, 1, 1, 0]
261.000000	-1.405123
#[0, 1, 0, 0, 2, 3, 2, 0, 1, 2, 2, 0, 1, 1, 1, 0]
261.000000	-10.563728
#[0, 2, 0, 0, 2, 2, 2, 0, 1, 1, 2, 0, 3, 1, 1, 0]
261.000000	0.677533
#[1, 2, 0, 0, 2, 2, 2, 0, 1, 2, 2, 0, 1, 1, 1, 0]
261.000000	0.690138
#[0, 2, 0, 0, 2, 2, 1, 0, 1, 2, 2, 0, 1, 1, 1, 0]
261.000000	0.690602
#[0, 2, 0, 0, 2, 2, 2, 0, 1, 2, 2, 0, 1, 3, 1, 0]
261.000000	-2.719747
#[0, 2, 2, 0, 2, 2, 2, 0, 1, 2, 2, 0, 1, 1, 1, 0]
271.000000	0.690602
#[0, 2, 3, 0, 2, 2, 2, 1, 1, 2, 2, 0, 1, 1, 1, 0]
271.000000	0.339591
#[0, 3, 0, 0, 2, 2, 2, 0, 1, 2, 3, 0, 1, 1, 0, 0]
271.000000	-9831.649902
#[0, 2, 0, 0, 2, 2, 2, 0, 1, 2, 2, 0, 1, 0, 1, 0]
271.000000	0.652795
#[0, 2, 0, 2, 1, 2, 2, 0, 1, 2, 2, 0, 1, 1, 1, 0]
271.000000	-1.407253
#[0, 2, 0, 0, 2, 0, 2, 0, 1, 2, 2, 0, 1, 1, 1, 0]
271.000000	0.690602
#[0, 0, 0, 1, 2, 2, 2, 0, 2, 2, 2, 0, 1, 1, 1, 0]
271.000000	-55.163231
#[0, 2, 0, 0, 2, 2, 2, 0, 1, 2, 2, 0, 1, 1, 3, 0]
271.000000	-23465.456669
#[0, 2, 0, 0, 2, 2, 2, 1, 1, 2, 2, 0, 1, 1, 1, 0]
271.000000	0.651021
#[0, 2, 0, 0, 2, 2, 3, 0, 1, 2, 2, 0, 1, 1, 1, 0]
271.000000	-5.209434
#[0, 2, 2, 0, 2, 2, 2, 0, 1, 3, 2, 0, 1, 1, 1, 0]
281.000000	-11.451811
#[0, 2, 2, 0, 2, 2, 2, 0, 1, 2, 1, 0, 1, 1, 1, 0]
281.000000	0.690571
#[0, 2, 2, 0, 2, 2, 2, 0, 1, 2, 2, 0, 1, 1, 1, 2]
281.000000	-46906.884145
#[0, 2, 2, 0, 2, 2, 2, 0, 1, 2, 2, 0, 1, 3, 1, 0]
281.000000	-2.630058
#[1, 2, 2, 0, 2, 2, 2, 0, 1, 2, 2, 0, 1, 1, 1, 0]
281.000000	0.690138
#[0, 2, 2, 0, 2, 2, 0, 0, 1, 2, 2, 0, 1, 1, 1, 0]
281.000000	0.690602
#[0, 2, 2, 0, 2, 2, 1, 0, 1, 2, 2, 0, 3, 1, 0, 0]
281.000000	-652.879201
#[0, 2, 2, 0, 2, 2, 2, 0, 2, 2, 2, 0, 1, 1, 1, 0]
281.000000	0.690603
#[0, 2, 2, 0, 2, 2, 3, 0, 1, 2, 2, 0, 1, 3, 1, 0]
281.000000	-17.553803
#[0, 2, 2, 3, 2, 2, 2, 0, 1, 2, 2, 0, 2, 1, 1, 0]
281.000000	0.648529
#[0, 2, 2, 1, 2, 2, 2, 0, 2, 1, 2, 0, 1, 1, 1, 0]
291.000000	-308.655948
#[0, 2, 2, 0, 2, 1, 2, 0, 2, 2, 2, 0, 1, 1, 1, 0]
291.000000	0.690602
#[3, 2, 2, 0, 2, 3, 2, 0, 2, 2, 2, 0, 1, 1, 1, 0]
291.000000	-0.953634
#[0, 2, 2, 0, 2, 2, 2, 0, 2, 2, 2, 0, 1, 0, 1, 0]
291.000000	0.564988
#[1, 2, 2, 0, 2, 2, 2, 0, 2, 2, 2, 0, 0, 1, 1, 0]
291.000000	-151.341823
#[1, 2, 2, 0, 2, 2, 2, 0, 2, 2, 2, 0, 1, 1, 1, 0]
291.000000	0.690138
#[0, 2, 2, 0, 2, 2, 2, 0, 2, 2, 2, 0, 1, 1, 1, 1]
291.000000	0.689699
#[0, 2, 2, 2, 2, 2, 2, 0, 2, 2, 2, 0, 1, 1, 1, 0]
291.000000	0.681086
#[0, 2, 2, 0, 2, 2, 2, 3, 2, 2, 2, 0, 1, 1, 1, 0]
291.000000	0.555184
#[0, 2, 2, 0, 2, 2, 2, 2, 2, 2, 2, 0, 1, 0, 1, 0]
291.000000	0.540887
#[0, 2, 2, 0, 2, 2, 2, 0, 2, 3, 2, 0, 1, 1, 1, 0]
301.000000	-21.434726
#[0, 2, 2, 0, 2, 1, 2, 0, 2, 2, 2, 0, 0, 1, 1, 0]
301.000000	-7533.321577
#[0, 2, 2, 0, 2, 2, 2, 0, 2, 2, 3, 0, 1, 1, 1, 2]
301.000000	-47231.802842
#[0, 2, 0, 0, 2, 2, 2, 0, 2, 2, 2, 0, 1, 1, 1, 0]
301.000000	0.690603
#[0, 2, 2, 0, 2, 2, 0, 0, 2, 2, 2, 0, 1, 1, 1, 0]
301.000000	0.690603
#[0, 2, 2, 0, 2, 2, 2, 2, 2, 2, 2, 0, 1, 2, 1, 0]
301.000000	0.455861
#[0, 2, 2, 0, 2, 2, 2, 0, 2, 2, 2, 0, 1, 3, 1, 3]
301.000000	-47140.948196
#[0, 2, 2, 0, 2, 2, 2, 0, 2, 2, 1, 0, 1, 1, 1, 0]
301.000000	0.690571
#[0, 2, 2, 0, 2, 2, 2, 0, 2, 2, 2, 0, 0, 1, 1, 0]
301.000000	-7517.223635
#[0, 2, 2, 0, 2, 2, 2, 0, 2, 2, 2, 3, 1, 1, 1, 0]
301.000000	-15512.448810
#[0, 2, 2, 0, 2, 2, 2, 0, 2, 2, 2, 0, 1, 1, 3, 0]
311.000000	-23475.016000
#[0, 2, 2, 1, 2, 2, 2, 0, 2, 2, 2, 0, 1, 1, 1, 0]
311.000000	-308.655948
#[0, 3, 2, 0, 2, 2, 2, 0, 2, 2, 3, 0, 1, 1, 1, 0]
311.000000	-11596.340588
#[0, 2, 3, 0, 2, 0, 2, 0, 2, 2, 2, 0, 0, 1, 1, 0]
311.000000	-8276.316103
#[0, 0, 2, 0, 2, 2, 2, 0, 2, 2, 2, 0, 1, 1, 1, 0]
311.000000	0.690598
#[0, 2, 2, 3, 2, 2, 2, 0, 2, 2, 2, 0, 1, 1, 1, 0]
311.000000	0.652773
#[1, 2, 3, 0, 2, 2, 2, 0, 2, 2, 2, 0, 1, 1, 1, 0]
311.000000	-21.914570
#[0, 2, 2, 0, 2, 2, 2, 1, 2, 2, 2, 3, 1, 1, 1, 0]
311.000000	-15510.217116
#[0, 2, 2, 0, 2, 2, 2, 2, 2, 2, 2, 0, 1, 1, 1, 0]
311.000000	0.666502
#[0, 2, 2, 0, 3, 2, 2, 0, 2, 2, 2, 0, 1, 1, 1, 0]
311.000000	-1.974882
#[0, 2, 2, 2, 2, 2, 2, 0, 2, 2, 2, 0, 1, 1, 1, 2]
321.000000	-46919.964624
#[0, 2, 2, 0, 2, 2, 2, 0, 2, 3, 2, 0, 1, 1, 1, 1]
321.000000	-24.182444
#[0, 2, 1, 3, 2, 2, 2, 2, 2, 2, 2, 0, 1, 1, 1, 0]
321.000000	0.549171
#[0, 2, 2, 0, 2, 2, 2, 3, 2, 2, 0, 0, 1, 1, 1, 0]
321.000000	0.555183
#[0, 2, 2, 0, 2, 2, 2, 0, 2, 2, 2, 0, 1, 1, 2, 0]
321.000000	-15756.952158
#[0, 2, 2, 0, 2, 2, 2, 0, 2, 2, 2, 2, 1, 1, 1, 0]
321.000000	-4671.171477
#[0, 2, 2, 0, 0, 2, 2, 0, 2, 1, 2, 0, 1, 1, 1, 0]
321.000000	0.690433
#[0, 2, 2, 0, 2, 2, 2, 0, 2, 2, 2, 0, 1, 3, 1, 0]
321.000000	-18.175380
#[0, 2, 2, 0, 2, 2, 2, 0, 2, 2, 0, 0, 1, 1, 1, 0]
321.000000	0.690571
#[0, 2, 2, 0, 2, 2, 2, 0, 1, 2, 3, 0, 1, 1, 1, 0]
321.000000	-11592.828749
#[0, 2, 2, 0, 2, 2, 2, 3, 2, 2, 2, 0, 1, 1, 1, 1]
331.000000	0.547526
#[0, 2, 3, 0, 1, 2, 2, 0, 2, 2, 2, 0, 1, 1, 1, 0]
331.000000	-1.413542
#[0, 2, 2, 0, 2, 2, 2, 0, 2, 2, 3, 0, 1, 1, 1, 0]
331.000000	-11595.836030
#[0, 2, 3, 0, 2, 2, 2, 0, 2, 2, 2, 0, 1, 1, 1, 0]
331.000000	0.653163
#[0, 2, 2, 0, 2, 2, 2, 2, 2, 2, 2, 0, 0, 1, 1, 0]
331.000000	-7517.252081
#[0, 2, 2, 0, 2, 2, 2, 0, 2, 2, 2, 0, 2, 1, 1, 0]
331.000000	-0.887882
#[0, 2, 1, 0, 2, 2, 2, 0, 2, 2, 2, 0, 1, 1, 1, 0]
331.000000	0.688332
#[0, 2, 2, 0, 2, 2, 2, 0, 0, 2, 2, 0, 1, 1, 1, 0]
331.000000	-1.073174
#[0, 2, 2, 0, 2, 2, 2, 1, 2, 2, 2, 2, 1, 1, 1, 0]
331.000000	-4670.576641
#[0, 1, 2, 0, 2, 2, 2, 0, 2, 2, 2, 0, 1, 1, 1, 0]
331.000000	0.690596
#[0, 0, 2, 0, 2, 2, 2, 0, 2, 0, 2, 0, 1, 1, 1, 0]
341.000000	0.690595
#[0, 2, 2, 0, 2, 2, 2, 3, 3, 2, 2, 0, 1, 1, 1, 0]
341.000000	-12.182744
#[0, 2, 2, 0, 2, 2, 2, 0, 2, 2, 1, 0, 0, 1, 1, 0]
341.000000	-7517.223965
#[0, 2, 2, 0, 2, 2, 1, 0, 0, 2, 2, 0, 1, 1, 1, 0]
341.000000	-1.073179
#[0, 2, 2, 0, 2, 1, 2, 0, 2, 2, 2, 0, 1, 1, 1, 1]
341.000000	0.689698
#[0, 2, 2, 0, 2, 2, 3, 0, 2, 0, 2, 0, 1, 1, 1, 0]
341.000000	0.509800
#[0, 2, 1, 0, 3, 2, 2, 0, 2, 2, 2, 2, 1, 1, 1, 0]
341.000000	-4585.486860
#[0, 2, 2, 0, 2, 2, 2, 0, 2, 3, 2, 0, 0, 1, 1, 0]
341.000000	-7512.266066
#[0, 2, 2, 0, 2, 2, 2, 0, 1, 2, 2, 2, 1, 3, 1, 0]
341.000000	-4680.404772
#[0, 3, 2, 0, 2, 2, 2, 0, 2, 2, 2, 0, 1, 1, 1, 0]
341.000000	0.657841
#[0, 2, 2, 0, 2, 2, 2, 0, 2, 2, 2, 0, 1, 2, 1, 0]
351.000000	0.479962
#[2, 2, 2, 0, 2, 2, 2, 0, 2, 2, 0, 0, 1, 1, 1, 0]
351.000000	0.688515
#[0, 2, 2, 0, 2, 2, 2, 1, 2, 2, 2, 0, 1, 1, 1, 0]
351.000000	0.672781
#[0, 2, 2, 3, 2, 2, 2, 2, 2, 2, 2, 0, 1, 1, 1, 3]
351.000000	-47048.767101
#[1, 2, 2, 0, 2, 2, 2, 1, 2, 2, 2, 0, 1, 1, 1, 0]
351.000000	0.438907
#[0, 2, 2, 3, 2, 2, 2, 0, 2, 2, 2, 2, 1, 1, 1, 0]
351.000000	-4671.921553
#[0, 2, 2, 1, 1, 2, 2, 0, 2, 2, 2, 0, 1, 1, 1, 0]
351.000000	-333.255755
#[0, 2, 2, 0, 2, 2, 2, 0, 2, 1, 2, 0, 2, 1, 2, 0]
351.000000	-15749.059384
#[0, 2, 3, 0, 2, 2, 2, 0, 2, 2, 2, 0, 1, 1, 1, 1]
351.000000	0.650333
#[2, 2, 2, 0, 2, 2, 2, 0, 2, 2, 2, 0, 1, 1, 1, 0]
351.000000	0.688547
#[0, 1, 2, 0, 2, 2, 2, 0, 2, 2, 2, 0, 0, 1, 1, 0]
361.000000	-7527.919395
#[0, 2, 2, 0, 2, 2, 2, 0, 2, 2, 2, 0, 1, 1, 0, 0]
361.000000	-665.185492
#[0, 2, 2, 0, 2, 2, 1, 0, 2, 2, 2, 0, 1, 1, 1, 0]
361.000000	0.690602
#[0, 3, 2, 0, 2, 1, 2, 0, 2, 2, 2, 0, 1, 1, 1, 0]
361.000000	0.579017
#[0, 2, 2, 0, 2, 2, 2, 0, 2, 2, 2, 0, 3, 1, 1, 0]
361.000000	-13.341674
#[0, 2, 2, 0, 2, 3, 2, 2, 2, 2, 2, 0, 1, 1, 1, 0]
361.000000	0.466624
#[0, 2, 2, 3, 2, 2, 2, 0, 2, 2, 3, 3, 1, 1, 1, 0]
361.000000	-14542.725589
#[0, 2, 2, 0, 2, 2, 2, 0, 2, 2, 2, 0, 1, 1, 1, 2]
361.000000	-46919.847204
#[0, 2, 2, 0, 2, 2, 1, 0, 2, 2, 2, 0, 1, 3, 1, 0]
361.000000	-18.164174
#[0, 0, 2, 0, 2, 3, 2, 0, 2, 2, 2, 0, 1, 1, 1, 0]
361.000000	0.495169
#[0, 2, 2, 0, 3, 2, 1, 0, 2, 2, 2, 0, 1, 1, 1, 0]
371.000000	-1.972540
#[3, 2, 2, 0, 2, 0, 2, 0, 2, 2, 2, 0, 2, 1, 1, 0]
371.000000	0.429989
#[0, 2, 2, 0, 2, 2, 2, 0, 2, 2, 2, 1, 1, 1, 1, 0]
371.000000	-1051.143316
#[0, 2, 2, 0, 2, 2, 2, 0, 2, 2, 2, 0, 1, 0, 3, 0]
371.000000	-23411.333106
#[0, 2, 2, 0, 2, 2, 2, 0, 1, 2, 1, 1, 1, 1, 1, 0]
371.000000	0.689592
#[0, 2, 2, 0, 2, 2, 2, 0, 2, 0, 3, 0, 1, 1, 1, 0]
371.000000	-11269.301518
#[0, 2, 2, 0, 2, 2, 2, 0, 3, 2, 2, 0, 1, 1, 1, 0]
371.000000	-9.359722
#[0, 2, 2, 0, 0, 2, 2, 0, 2, 2, 1, 0, 1, 3, 1, 0]
371.000000	-20.999569
#[0, 2, 0, 0, 0, 2, 2, 0, 2, 2, 2, 0, 1, 2, 1, 0]
371.000000	0.455725
#[0, 2, 2, 0, 2, 2, 2, 0, 2, 2, 2, 0, 1, 1, 1, 3]
371.000000	-47045.812602
#[0, 2, 2, 0, 2, 2, 2, 2, 2, 0, 2, 3, 1, 1, 1, 0]
381.000000	-14766.985864
#[0, 2, 2, 2, 2, 2, 2, 3, 2, 2, 2, 0, 1, 1, 1, 0]
381.000000	0.521023
#[3, 2, 2, 0, 2, 2, 2, 0, 2, 2, 3, 0, 1, 1, 1, 0]
381.000000	-11618.069927
#[0, 2, 2, 0, 2, 0, 2, 0, 2, 2, 2, 0, 1, 1, 1, 1]
381.000000	0.689699
#[0, 2, 2, 2, 2, 3, 2, 0, 0, 2, 2, 0, 1, 1, 1, 2]
381.000000	-11431.938006
#[0, 2, 2, 0, 2, 2, 2, 0, 2, 2, 3, 0, 1, 1, 1, 3]
381.000000	-47235.268230
#[0, 2, 2, 0, 2, 1, 2, 0, 2, 2, 2, 1, 1, 1, 1, 0]
381.000000	-1050.824052
#[0, 2, 2, 3, 2, 2, 2, 0, 2, 2, 3, 0, 1, 1, 0, 0]
381.000000	-9833.559313
#[0, 2, 2, 2, 2, 2, 2, 0, 2, 2, 2, 3, 1, 1, 1, 0]
381.000000	-15512.658355
#[3, 2, 2, 0, 2, 2, 2, 3, 2, 2, 2, 0, 1, 1, 1, 0]
381.000000	-11.058655
#[0, 2, 2, 0, 2, 2, 3, 0, 2, 2, 1, 0, 1, 1, 1, 0]
391.000000	-9134.521181
#[0, 1, 2, 0, 2, 2, 2, 0, 2, 2, 2, 0, 1, 1, 1, 2]
391.000000	-46916.175660
#[0, 2, 2, 0, 2, 2, 2, 0, 2, 1, 2, 0, 1, 1, 1, 3]
391.000000	-47001.125779
#[0, 2, 3, 0, 2, 3, 2, 0, 0, 2, 2, 0, 1, 1, 1, 0]
391.000000	-1.307081
#[0, 2, 2, 0, 2, 2, 3, 0, 0, 2, 2, 0, 1, 1, 1, 1]
391.000000	-1.267854
#[0, 2, 2, 0, 2, 0, 2, 0, 2, 2, 2, 0, 1, 1, 1, 0]
391.000000	0.690603
#[0, 2, 2, 0, 2, 2, 2, 0, 2, 2, 2, 1, 0, 1, 1, 0]
391.000000	-8066.763327
#[0, 2, 2, 0, 2, 3, 2, 0, 2, 2, 2, 0, 1, 1, 1, 0]
391.000000	0.486851
#[0, 0, 2, 0, 2, 2, 2, 0, 1, 2, 2, 0, 1, 1, 1, 0]
391.000000	0.690598
#[0, 2, 2, 0, 2, 0, 2, 0, 2, 0, 2, 0, 1, 1, 1, 0]
391.000000	0.690600
#[0, 2, 2, 0, 0, 1, 2, 0, 2, 2, 0, 0, 1, 1, 1, 0]
401.000000	0.690401
#[1, 2, 2, 0, 2, 2, 2, 0, 2, 2, 2, 2, 3, 1, 1, 0]
401.000000	-4673.601631
#[1, 2, 2, 0, 2, 2, 2, 3, 2, 2, 2, 0, 1, 1, 1, 0]
401.000000	-30.224466
#[0, 2, 2, 0, 2, 2, 2, 1, 2, 2, 2, 0, 3, 1, 1, 0]
401.000000	-13.359496
#[0, 2, 2, 0, 1, 2, 2, 0, 2, 2, 2, 0, 1, 1, 1, 0]
401.000000	-1.371960
#[0, 2, 2, 0, 2, 2, 1, 3, 2, 2, 2, 0, 1, 1, 0, 0]
401.000000	-666.044559
#[0, 2, 2, 0, 2, 2, 3, 0, 2, 2, 2, 0, 1, 1, 1, 0]
401.000000	0.509789
#[0, 3, 2, 0, 1, 2, 2, 0, 2, 2, 2, 0, 1, 1, 2, 0]
401.000000	-1952.115190
#[0, 0, 2, 0, 2, 2, 2, 0, 2, 2, 2, 0, 0, 1, 3, 0]
401.000000	-19748.967442
#[0, 2, 2, 0, 2, 2, 2, 1, 2, 2, 2, 0, 1, 1, 1, 3]
401.000000	-47035.691956
#[0, 2, 3, 0, 2, 2, 2, 0, 3, 2, 2, 0, 3, 1, 1, 0]
411.000000	-15.155620
#[0, 2, 2, 0, 2, 2, 2, 0, 2, 0, 2, 0, 1, 1, 1, 0]
411.000000	0.690600
#[1, 2, 2, 0, 1, 2, 3, 0, 2, 2, 2, 0, 1, 1, 1, 0]
411.000000	-29.731602
#[0, 0, 2, 0, 2, 2, 2, 0, 3, 2, 2, 0, 1, 1, 1, 0]
411.000000	-9.726530
#[3, 2, 2, 0, 2, 2, 2, 0, 2, 2, 2, 1, 1, 1, 1, 0]
411.000000	-1055.471881
#[0, 2, 2, 0, 2, 2, 1, 0, 2, 2, 2, 0, 1, 1, 1, 1]
411.000000	0.689699
#[0, 2, 2, 1, 0, 2, 2, 2, 2, 2, 2, 0, 1, 1, 1, 0]
411.000000	-313.397682
#[0, 2, 3, 0, 2, 2, 0, 0, 2, 2, 2, 0, 1, 1, 1, 0]
411.000000	0.653694
#[0, 1, 2, 0, 2, 2, 2, 0, 2, 0, 2, 0, 1, 0, 1, 0]
411.000000	0.689590
#[0, 2, 2, 0, 0, 1, 2, 0, 2, 2, 2, 0, 1, 1, 1, 0]
411.000000	0.690432
#[0, 2, 2, 0, 2, 2, 2, 0, 2, 1, 2, 0, 1, 1, 1, 0]
421.000000	0.690602
#[1, 2, 2, 0, 0, 2, 2, 0, 2, 0, 2, 0, 1, 1, 1, 0]
421.000000	0.690131
#[0, 2, 2, 0, 2, 2, 2, 1, 2, 2, 2, 2, 2, 1, 1, 0]
421.000000	-4677.521619
#[0, 3, 1, 0, 2, 2, 2, 0, 2, 0, 2, 0, 1, 1, 1, 0]
421.000000	0.656450
#[3, 2, 2, 0, 2, 2, 2, 0, 2, 0, 2, 0, 1, 1, 1, 0]
421.000000	0.500728
#[0, 2, 2, 0, 0, 2, 2, 0, 2, 2, 2, 0, 1, 1, 1, 0]
421.000000	0.690433
#[0, 2, 2, 0, 2, 2, 2, 0, 2, 2, 3, 0, 2, 1, 1, 0]
421.000000	-11601.328935
#[0, 3, 2, 0, 2, 2, 0, 0, 2, 2, 2, 0, 1, 1, 1, 3]
421.000000	-47045.590374
#[0, 2, 0, 3, 2, 2, 2, 0, 2, 2, 2, 0, 1, 1, 1, 0]
421.000000	0.680817
#[0, 3, 2, 1, 2, 2, 2, 0, 2, 2, 2, 0, 1, 1, 1, 0]
421.000000	-272.125105
#[0, 2, 2, 0, 2, 2, 2, 0, 2, 2, 2, 0, 2, 1, 0, 0]
431.000000	-671.849567
#[0, 2, 2, 3, 2, 2, 2, 0, 2, 2, 2, 0, 0, 1, 1, 0]
431.000000	-7517.324278
#[0, 2, 2, 0, 1, 2, 2, 0, 2, 1, 2, 0, 1, 1, 3, 0]
431.000000	-2557.701904
#[0, 2, 0, 0, 2, 2, 2, 0, 2, 2, 2, 2, 1, 1, 1, 0]
431.000000	-4671.114860
#[3, 2, 2, 0, 2, 2, 1, 2, 2, 2, 2, 0, 1, 1, 1, 0]
431.000000	-4.414187
#[3, 2, 2, 0, 2, 2, 0, 0, 2, 2, 2, 0, 1, 1, 1, 0]
431.000000	0.500729
#[0, 2, 2, 0, 2, 2, 2, 1, 2, 2, 2, 0, 1, 1, 1, 2]
431.000000	-46909.754957
#[0, 2, 2, 0, 2, 2, 2, 0, 2, 2, 2, 3, 1, 2, 1, 0]
431.000000	-15513.944634
#[0, 2, 2, 0, 2, 2, 3, 0, 2, 2, 2, 0, 0, 1, 1, 0]
431.000000	-7518.403286
#[0, 2, 2, 0, 2, 2, 2, 0, 2, 2, 2, 0, 1, 2, 1, 1]
431.000000	0.475292
#[0, 2, 3, 0, 2, 2, 2, 0, 2, 2, 2, 2, 1, 1, 1, 0]
441.000000	-4671.874370
#[0, 2, 2, 0, 1, 2, 0, 0, 2, 2, 2, 0, 0, 1, 1, 3]
441.000000	-4755.572599
#[0, 2, 0, 0, 3, 2, 2, 0, 2, 2, 2, 0, 1, 1, 1, 0]
441.000000	-1.974882
#[0, 2, 0, 0, 2, 2, 2, 0, 2, 3, 2, 0, 1, 1, 1, 1]
441.000000	-24.494585
#[0, 2, 2, 2, 3, 3, 2, 0, 2, 2, 2, 0, 1, 1, 1, 0]
441.000000	-2.449235
#[0, 2, 2, 0, 2, 1, 2, 3, 2, 2, 2, 0, 1, 1, 1, 0]
441.000000	-1.042265
#[0, 2, 2, 3, 2, 3, 2, 0, 2, 2, 2, 0, 1, 1, 0, 0]
441.000000	-667.205960
#[2, 2, 2, 0, 2, 2, 2, 0, 2, 2, 2, 0, 1, 3, 0, 0]
441.000000	-19316.561473
#[3, 2, 2, 0, 2, 2, 2, 0, 2, 2, 0, 0, 3, 1, 1, 0]
441.000000	0.300457
#[0, 0, 2, 0, 2, 2, 0, 0, 2, 2, 2, 0, 1, 1, 1, 0]
441.000000	0.690598
#[0, 2, 2, 0, 2, 2, 2, 0, 2, 2, 3, 0, 1, 1, 1, 1]
451.000000	-12488.698704
#[1, 2, 2, 1, 2, 2, 2, 0, 2, 2, 2, 3, 1, 1, 1, 0]
451.000000	-23181.394084
#[0, 2, 2, 0, 2, 2, 2, 0, 3, 2, 2, 0, 1, 1, 1, 2]
451.000000	-47007.904633
#[0, 3, 2, 0, 2, 0, 2, 0, 2, 2, 2, 0, 1, 1, 1, 0]
451.000000	0.658192
#[0, 2, 2, 0, 2, 2, 3, 1, 2, 2, 2, 0, 1, 1, 1, 0]
451.000000	0.476586
#[0, 2, 2, 0, 2, 2, 2, 3, 2, 2, 2, 0, 1, 2, 1, 0]
451.000000	0.344544
#[0, 2, 2, 0, 0, 2, 2, 0, 2, 2, 2, 1, 1, 1, 1, 0]
451.000000	-1049.815420
#[0, 2, 0, 0, 2, 2, 2, 0, 2, 2, 2, 0, 1, 1, 3, 0]
451.000000	-23474.904340
#[0, 2, 2, 0, 2, 2, 2, 0, 2, 1, 2, 0, 2, 1, 1, 0]
451.000000	-0.885156
#[0, 2, 2, 0, 2, 3, 2, 0, 2, 2, 2, 1, 1, 1, 1, 0]
451.000000	-1053.323237
